0 -0.238461614614788 0.000465041
1 -0.238440645350477 0.000627404
2 -0.238401453507858 0.000415087
3 -0.23840043188791 0.00200014
4 -0.23836366226952 0.000624437
5 -0.238363139771757 0.000590012
6 -0.238360025162221 0.000349481
7 -0.238310825746414 0.00128917
8 -0.238251387745472 0.00808952
9 -0.238250503103563 0.00945214
10 -0.238165949854317 0.00138555
11 -0.238026671536801 0.00379949
12 -0.237986637219146 0.000636721
13 -0.237986362649038 0.000605314
14 -0.237976827716699 0.00152186
15 -0.237975077795623 0.000545606
16 -0.237910279191398 0.000425883
17 -0.237883278691948 0.000754353
18 -0.237881443162736 0.000593974
19 -0.237736060835498 0.0022469
20 -0.237728619565054 0.00296527
21 -0.237681334079133 0.000597463
22 -0.237655059344019 0.000281821
23 -0.237648567168353 0.000699001
24 -0.237509610158916 0.000353272
25 -0.237504962450838 0.00038874
26 -0.23750200380061 0.000230188
27 -0.237380270564341 0.000382814
28 -0.237380218988118 0.000316695
29 -0.237326819861312 0.00144112
30 -0.237319232083221 0.00388459
31 -0.237241066995754 0.000587823
32 -0.237239243162209 0.000458031
33 -0.237146450748791 0.000224047
34 -0.237081422705708 6.97082e-05
35 -0.237078167833462 6.83062e-05
36 -0.237051466201196 5.89573e-05
37 -0.236959154752968 7.10101e-05
38 -0.236959014918499 7.78475e-05
39 -0.236777101248949 0.00010275
40 -0.236775115892781 5.28469e-05
41 -0.236684848129877 0.000255146
42 -0.236659483099882 0.000164997
43 -0.2366536908234 4.75852e-05
44 -0.236650131945121 0.000226866
45 -0.236644909307811 5.1511e-05
46 -0.236551471526922 0.000122173
47 -0.23655135747696 9.15349e-05
48 -0.236496883015734 0.000154286
49 -0.236400877555046 4.17199e-05
50 -0.236381296895695 3.43079e-05
51 -0.236374337034186 8.82701e-05
52 -0.236234611095644 2.23422e-05
53 -0.236234035583063 2.64012e-05
54 -0.23618245447594 2.51311e-05
55 -0.236159938050844 4.09553e-05
56 -0.236159520179792 2.42326e-05
57 -0.23613569115163 1.91483e-05
58 -0.235976169367841 2.54096e-05
59 -0.235882053930347 1.6764e-05
60 -0.235676802873526 0.000162618
61 -0.23566419010188 0.000116204
62 -0.23565211532568 4.02761e-05
63 -0.235582965203993 0.000220973
64 -0.235473860108948 2.4286e-05
65 -0.235465731301446 3.78956e-05
66 -0.23546520571049 2.42786e-05
67 -0.235395350159052 2.74028e-05
68 -0.235387808283397 3.04949e-05
69 -0.235373247522606 1.96092e-05
70 -0.235014110522332 6.06387e-06
71 -0.235013650923038 5.61204e-06
72 -0.234990481487306 2.25105e-06
73 -0.234838341435305 5.1973e-06
74 -0.234836659076426 2.4094e-06
75 -0.234714462159902 9.76519e-06
76 -0.234710398507799 6.69323e-06
77 -0.234628545452567 1.52837e-05
78 -0.234137000920874 2.59469e-06
79 -0.234134526485707 1.39208e-06
80 -0.233909938082049 7.94195e-07
81 -0.233906956791272 1.26042e-06
82 -0.233761217518486 3.50308e-06
83 -0.233513406187863 3.48032e-06
84 -0.233322193895953 3.55465e-06
85 -0.233051603034423 1.00799e-06
86 -0.23305122825526 6.87682e-07
87 -0.233037204776423 6.63923e-07
88 -0.232811090463192 5.15398e-07
89 -0.232808452506019 1.0042e-06
90 -0.158387047692025 6.71586e-09
91 -0.15173643726208 3.53412e-08
92 -0.151733335086615 4.86075e-08
93 -0.151587489338776 4.84646e-08
94 -0.144895173115505 3.84897e-08
95 -0.144525072615717 4.0036e-08
96 -0.14451719142516 2.20391e-08
97 -0.143907045444901 4.40389e-08
98 -0.143906193533749 3.62618e-08
99 -0.141287192586325 3.36309e-08
100 -0.138195689524346 3.93367e-08
101 -0.137633493985192 3.99493e-08
102 -0.137630586395301 4.06381e-08
103 -0.136077930206233 4.08934e-08
104 -0.135876131910142 1.54723e-08
105 -0.135716409433598 2.37076e-08
106 -0.135715568171385 2.00613e-08
107 -0.132282038438648 2.9451e-08
108 -0.132277295572099 4.74152e-08
109 -0.132193110998177 2.37076e-08
110 -0.130150458992183 4.12314e-08
111 -0.130147945008196 4.84288e-08
112 -0.129111482533161 2.28886e-08
113 -0.129104145958095 3.18833e-08
114 -0.129060057439509 3.19377e-08
115 -0.129056582677444 3.68314e-08
116 -0.128710832284688 3.90712e-08
117 -0.128698293343555 4.02521e-08
118 -0.126276330803625 1.85331e-08
119 -0.125083070718825 3.30062e-08
120 -0.123586800878066 1.12532e-08
121 -0.123571760046001 3.54148e-08
122 -0.122985287701573 2.82791e-08
123 -0.122971055463365 3.44715e-08
124 -0.122746654957546 1.82976e-08
125 -0.121816901990255 3.1665e-08
126 -0.121811708113441 6.36305e-08
127 -0.121511964098033 5.85327e-08
128 -0.121510596222482 4.6752e-08
129 -0.121460098909332 5.49875e-08
130 -0.120712556557934 3.94248e-08
131 -0.120705919054314 4.69372e-08
132 -0.12019306542705 7.22721e-08
133 -0.11991109362572 8.8058e-08
134 -0.11935931629246 9.86763e-08
135 -0.119352855926282 7.79423e-08
136 -0.116840350616278 1.61251e-07
137 -0.116794584002073 1.54493e-07
138 -0.116663055317031 1.49471e-07
139 -0.116659748619045 1.40095e-07
140 -0.115747484164036 2.02532e-07
141 -0.114738500774511 2.70629e-07
142 -0.114692992039249 1.90896e-07
143 -0.114603321142682 2.29499e-07
144 -0.113751149416427 2.69965e-07
145 -0.11360316483046 2.84204e-07
146 -0.113559498531492 3.12347e-07
147 -0.112953489411337 4.38015e-07
148 -0.112941302660329 4.96347e-07
149 -0.112802362869828 5.24755e-07
