0 -0.229371732759667 0.001998
1 -0.229125845290112 0.00205224
2 -0.229124878799439 0.0038732
3 -0.227327781437458 0.000762524
4 -0.227327368133354 0.00230382
5 -0.226527458850547 0.000302455
6 -0.226527413587716 0.000428581
7 -0.226527126236645 0.00168323
8 -0.225443042833203 0.000728694
9 -0.225151180771871 7.04161e-05
10 -0.22515115223859 0.000113818
11 -0.225151142052652 0.000377337
12 -0.224529291197365 9.36354e-05
13 -0.224359421987426 8.77291e-05
14 -0.224359412511093 0.000104953
15 -0.224359343847978 9.82304e-05
16 -0.221313262084811 5.78292e-06
17 -0.221313253872743 1.31549e-05
18 -0.22107184014044 1.36895e-05
19 -0.221071588829177 1.06952e-05
20 -0.22107157695116 6.51405e-06
21 -0.2208801922576 1.74017e-05
22 -0.220880157543957 5.0415e-06
23 -0.220396377405219 6.39094e-06
24 -0.220396349336645 9.25798e-06
25 -0.220396109297866 8.48577e-06
26 -0.219188515350019 1.60143e-06
27 -0.219188444275454 3.0062e-06
28 -0.219188410336932 1.33434e-06
29 -0.218976822157642 3.07939e-06
30 -0.21594791662621 2.02558e-07
31 -0.215947891188141 3.75765e-07
32 -0.2159478489214 5.39672e-07
33 -0.215752388638995 9.10984e-08
34 -0.215752387143333 3.81101e-07
35 -0.215752336450374 2.43473e-07
36 -0.215305967714156 3.18267e-07
37 -0.215305961706468 1.65995e-07
38 -0.215305947049813 3.2165e-07
39 -0.214061018026442 1.96965e-07
40 -0.214061017001071 6.95942e-08
41 -0.214028192055883 1.65241e-07
42 -0.21402817137976 4.7707e-08
43 -0.214028096193883 1.16173e-07
44 -0.212817134607955 3.5537e-08
45 -0.211604701429477 1.97124e-08
46 -0.211604649208121 3.59254e-08
47 -0.210481362301949 2.8371e-08
48 -0.210481361263514 3.87144e-08
49 -0.210481250830086 1.17804e-08
50 -0.210205868568671 8.73658e-09
51 -0.210205748914378 1.20713e-08
52 -0.210205720888324 2.90954e-08
53 -0.208399094121001 1.17804e-08
54 -0.208399087200774 2.54031e-08
55 -0.208399011656534 1.29048e-08
56 -0.205592561112442 4.56253e-09
57 -0.205592559015298 2.71205e-08
58 -0.205592504858987 3.5537e-08
59 -0.204555104157393 3.78992e-08
60 -0.204555050057459 2.86145e-08
61 -0.20309709331526 2.92144e-08
62 -0.203097066224406 1.93572e-08
63 -0.203097065651611 3.27953e-08
64 -0.202900139501087 1.58051e-08
65 -0.202477177361853 2.35608e-08
66 -0.202477173585725 1.51322e-08
67 -0.202477122162458 2.1722e-08
68 -0.198287077707702 3.53412e-08
69 -0.194951239525003 1.23554e-08
70 -0.194951121670854 1.49012e-08
71 -0.194951106967518 2.457e-08
72 -0.193430059643387 1.64504e-08
73 -0.193430029148946 2.07415e-08
74 -0.193429983119683 3.16101e-08
75 -0.191051820675039 2.25064e-08
76 -0.191051818340616 1.666e-08
77 -0.186434671671875 1.20713e-08
78 -0.186434667302736 1.11759e-08
79 -0.186434597885283 2.6734e-08
80 -0.18307149982221 2.69923e-08
81 -0.183071470896244 1.58051e-08
82 -0.183071416501827 7.45058e-09
83 -0.0891285018704363 6.8438e-09
84 -0.0774640778759076 8.33e-09
85 -0.0759231038705506 4.6891e-08
86 -0.075923095129489 5.37108e-08
87 -0.0759230848805572 9.35968e-09
88 -0.0705893543854509 4.16396e-08
89 -0.069502247421594 1.51751e-07
90 -0.0695022442863168 8.44736e-08
91 -0.0695022216771113 3.48469e-08
92 -0.0663392546036745 5.45541e-07
93 -0.0663392496877604 7.29745e-07
94 -0.0663392450531295 2.61776e-07
95 -0.061419369364904 2.54434e-05
96 -0.0601447320530909 9.20659e-05
97 -0.0601447165954382 0.000156658
98 -0.0601446763740191 0.000102313
99 -0.0588617701493039 0.000252926
100 -0.0588617565897888 0.000430106
101 -0.0580493116149269 0.000579549
102 -0.0574056267933529 0.00102421
103 -0.05740554679164 0.00148076
