336
Ga  13.35499592 -13.35499592 -18.69717570
Ga  8.01304290 -8.01304290 -18.69721349
Ga  2.67099540 -2.67099540 -18.69706231
Ga -2.67099540  2.67099540 -18.69706231
Ga -8.01304290  8.01304290 -18.69721349
Ga -13.35499592  13.35499592 -18.69717570
Ga  13.35499592 -18.69717570 -13.35499592
Ga  8.01304290 -18.69721349 -8.01304290
Ga  2.67095761 -8.01296731 -13.35493923
Ga  2.67095761 -13.35493923 -8.01296731
Ga -2.67091981 -8.01285393 -8.01285393
As  10.68405721 -10.68405721 -16.02593463
As  5.34208529 -10.68386823 -10.68386823
As  10.68405721 -16.02593463 -10.68405721
Ga  8.01296731 -13.35505261 -13.35505261
Ga  13.35505261 -8.01298621 -13.35505261
Ga  13.35505261 -13.35505261 -8.01298621
Ga  8.01291062 -8.01291062 -8.01291062
As  16.02589684 -16.02589684 -16.02589684
As  16.02593463 -10.68405721 -10.68405721
Ga  18.69717570 -13.35499592 -13.35499592
Ga  18.69721349 -8.01304290 -8.01304290
Ga -8.01296731  2.67095761 -13.35493923
Ga -8.01285393 -2.67091981 -8.01285393
Ga -13.35493923  2.67095761 -8.01296731
As  0.00000080  0.00000036 -16.02576455
As -5.34182073  0.00012417 -10.68373595
As  0.00012443 -5.34182073 -10.68373595
Ga -2.67093871 -2.67093871 -13.35484474
Ga  2.67093871  2.67093871 -13.35484474
Ga  2.67091981 -2.67091981 -8.01277834
Ga -2.67091981  2.67091981 -8.01277834
As  5.34199081 -5.34199081 -16.02582125
As  5.34182073 -0.00012480 -10.68373595
As  10.68386823 -5.34208529 -10.68386823
Ga  8.01296731 -2.67095761 -13.35493923
Ga  13.35493923 -2.67095761 -8.01296731
Ga  8.01285393  2.67091981 -8.01285393
Ga -18.69717570  13.35499592 -13.35499592
Ga -18.69721349  8.01304290 -8.01304290
As -10.68405721  10.68405721 -16.02593463
As -16.02593463  10.68405721 -10.68405721
As -10.68386823  5.34208529 -10.68386823
Ga -13.35505261  8.01296731 -13.35505261
Ga -8.01298621  13.35505261 -13.35505261
Ga -8.01291062  8.01291062 -8.01291062
Ga -13.35505261  13.35505261 -8.01298621
As -5.34199081  5.34199081 -16.02582125
As -5.34208529  10.68386823 -10.68386823
As -0.00012430  5.34182073 -10.68373595
Ga -2.67095761  8.01296731 -13.35493923
Ga  2.67091981  8.01285393 -8.01285393
Ga -2.67095761  13.35493923 -8.01296731
As -16.02589684  16.02589684 -16.02589684
As -10.68405721  16.02593463 -10.68405721
Ga -13.35499592  18.69715680 -13.35499592
Ga -8.01304290  18.69721349 -8.01304290
Ga  2.67099540 -18.69706231 -2.67099540
Ga -2.67099540 -18.69706231  2.67099540
Ga -8.01285393 -8.01285393 -2.67091981
Ga -8.01296731 -13.35493923  2.67095761
Ga -13.35493923 -8.01296731  2.67095761
As  0.00012443 -10.68373595 -5.34182073
As -5.34182073 -10.68373595  0.00012417
As  0.00000080 -16.02576455  0.00000036
Ga -2.67093871 -13.35484474 -2.67093871
Ga  2.67091981 -8.01277834 -2.67091981
Ga  2.67093871 -13.35484474  2.67093871
Ga -2.67091981 -8.01277834  2.67091981
As  5.34199081 -16.02582125 -5.34199081
As  10.68386823 -10.68386823 -5.34208529
As  5.34182073 -10.68373595 -0.00012480
Ga  8.01296731 -13.35493923 -2.67095761
Ga  13.35493923 -8.01296731 -2.67095761
Ga  8.01285393 -8.01285393  2.67091981
Ga -18.69706231  2.67099540 -2.67099540
Ga -18.69706231 -2.67099540  2.67099540
As -10.68373595  0.00012418 -5.34182073
As -16.02576455  0.00000040  0.00000040
As -10.68373595 -5.34182073  0.00012418
Ga -13.35484474 -2.67093871 -2.67093871
Ga -8.01277834  2.67091981 -2.67091981
Ga -8.01277834 -2.67091981  2.67091981
Ga -13.35484474  2.67093871  2.67093871
As -5.34176404 -5.34176404 -5.34176404
As -0.00000036 -0.00000064 -5.34182073
As -5.34182073 -0.00000062 -0.00000062
As -0.00000036 -5.34182073 -0.00000064
Ga -2.67086312 -2.67086312 -2.67086312
Ga  2.67086312  2.67086312 -2.67086312
Ga  2.67086312 -2.67086312  2.67086312
Ga -2.67086312  2.67086312  2.67086312
As  5.34191522 -5.34191522 -5.34191522
As  10.68373595 -0.00012481 -5.34182073
As  5.34182073 -0.00000070 -0.00000070
As  10.68373595 -5.34182073 -0.00012481
Ga  8.01277834 -2.67091981 -2.67091981
Ga  13.35484474  2.67093871 -2.67093871
Ga  13.35484474 -2.67093871  2.67093871
Ga  8.01277834  2.67091981  2.67091981
As  16.02582125 -5.34199081 -5.34199081
As  16.02576455 -0.00000017 -0.00000017
Ga  18.69706231 -2.67099540 -2.67099540
Ga  18.69706231  2.67099540  2.67099540
As -16.02582125  5.34199081 -5.34199081
As -10.68386823  10.68386823 -5.34208529
As -10.68373595  5.34182073 -0.00012472
Ga -13.35493923  8.01296731 -2.67095761
Ga -8.01296731  13.35493923 -2.67095761
Ga -8.01285393  8.01285393  2.67091981
As -5.34191522  5.34191522 -5.34191522
As -0.00012434  10.68373595 -5.34182073
As -5.34182073  10.68373595 -0.00012474
As -0.00000044  5.34182073 -0.00000068
Ga -2.67091981  8.01277834 -2.67091981
Ga  2.67093871  13.35484474 -2.67093871
Ga  2.67091981  8.01277834  2.67091981
Ga -2.67093871  13.35484474  2.67093871
As  5.34176404  5.34176404 -5.34176404
As  5.34182073  10.68373595  0.00012403
As  10.68373595  5.34182073  0.00012400
Ga  8.01285393  8.01285393 -2.67091981
Ga  13.35493923  8.01296731  2.67095761
Ga  8.01296731  13.35492033  2.67095761
As -5.34199081  16.02582125 -5.34199081
As  0.00000024  16.02576455 -0.00000012
Ga -2.67099540  18.69706231 -2.67099540
Ga  2.67099540  18.69706231  2.67099540
Ga -8.01304290 -18.69721349  8.01304290
Ga -13.35499592 -18.69717570  13.35499592
Ga -18.69721349 -8.01304290  8.01304290
Ga -18.69717570 -13.35499592  13.35499592
As -10.68386823 -10.68386823  5.34208529
As -16.02593463 -10.68405721  10.68405721
As -10.68405721 -16.02593463  10.68405721
Ga -13.35505261 -13.35505261  8.01296731
Ga -8.01291062 -8.01291062  8.01291062
Ga -8.01298621 -13.35505261  13.35505261
Ga -13.35505261 -8.01298621  13.35505261
As -5.34199081 -16.02582125  5.34199081
As -0.00012430 -10.68373595  5.34182073
As -5.34208529 -10.68386823  10.68386823
Ga -2.67095761 -13.35493923  8.01296731
Ga  2.67091981 -8.01285393  8.01285393
Ga -2.67095761 -8.01296731  13.35493923
As -16.02582125 -5.34199081  5.34199081
As -10.68373595 -0.00012472  5.34182073
As -10.68386823 -5.34208529  10.68386823
Ga -13.35493923 -2.67095761  8.01296731
Ga -8.01285393  2.67091981  8.01285393
Ga -8.01296731 -2.67095761  13.35493923
As -5.34191522 -5.34191522  5.34191522
As -0.00000044 -0.00000068  5.34182073
As -5.34182073 -0.00012474  10.68373595
As -0.00012434 -5.34182073  10.68373595
Ga -2.67091981 -2.67091981  8.01277834
Ga  2.67091981  2.67091981  8.01277834
Ga  2.67093871 -2.67093871  13.35484474
Ga -2.67093871  2.67093871  13.35484474
As  5.34176404 -5.34176404  5.34176404
As  10.68373595  0.00012400  5.34182073
As  5.34182073  0.00012403  10.68373595
Ga  8.01285393 -2.67091981  8.01285393
Ga  13.35493923  2.67095761  8.01296731
Ga  8.01296731  2.67095761  13.35492033
As -5.34176404  5.34176404  5.34176404
As  0.00012420  10.68373595  5.34182073
As  0.00012420  5.34182073  10.68373595
Ga -2.67091981  8.01285393  8.01285393
Ga  2.67095761  13.35492033  8.01296731
Ga  2.67095761  8.01296731  13.35492033
As  5.34191522  5.34191522  5.34191522
As  10.68386823  10.68386823  5.34208529
As  5.34208529  10.68386823  10.68386823
As  10.68386823  5.34208529  10.68386823
Ga  8.01291062  8.01291062  8.01291062
Ga  13.35505261  13.35505261  8.01296731
Ga  13.35505261  8.01296731  13.35505261
Ga  8.01296731  13.35505261  13.35505261
As  16.02582125  5.34199081  5.34199081
As  16.02593463  10.68405721  10.68405721
Ga  18.69721349  8.01304290  8.01304290
Ga  18.69717570  13.35499592  13.35499592
As  5.34199081  16.02582125  5.34199081
As  10.68405721  16.02593463  10.68405721
Ga  8.01304290  18.69721349  8.01304290
Ga  13.35499592  18.69717570  13.35499592
As -16.02589684 -16.02589684  16.02589684
As -10.68405721 -10.68405721  16.02593463
Ga -13.35499592 -13.35499592  18.69715680
Ga -8.01304290 -8.01304290  18.69721349
As -5.34199081 -5.34199081  16.02582125
As  0.00000024 -0.00000012  16.02576455
Ga -2.67099540 -2.67099540  18.69706231
Ga  2.67099540  2.67099540  18.69706231
As  5.34199081  5.34199081  16.02582125
As  10.68405721  10.68405721  16.02593463
Ga  8.01304290  8.01304290  18.69721349
Ga  13.35499592  13.35499592  18.69717570
As  16.02589684  16.02589684  16.02589684
P1  11.89077103 -14.81939750 -20.16128626
P1  14.81938710 -11.89077103 -20.16128626
P1  6.54890116 -9.47729898 -20.16140720
P1  9.47729898 -6.54891155 -20.16140720
P1  1.20694303 -4.13512675 -20.16154704
P1  4.13512675 -1.20694188 -20.16154704
P1 -4.13512675  1.20694293 -20.16154704
P1 -1.20694149  4.13512675 -20.16154704
P1 -9.47729898  6.54890116 -20.16140720
P1 -6.54891155  9.47729898 -20.16140720
P1 -14.81939750  11.89077103 -20.16128626
P1 -11.89077103  14.81938710 -20.16128626
P1  11.89077103 -20.16128626 -14.81939750
P1  14.81938710 -20.16128626 -11.89077103
P1  6.54890116 -20.16140720 -9.47729898
P1  9.47729898 -20.16140720 -6.54891155
P1  1.20707913 -9.47715063 -14.81941356
P1  1.20707913 -14.81941356 -9.47715063
P1 -4.13492644 -9.47711000 -9.47711000
P1  6.54901265 -14.81938144 -14.81938144
P1  14.81938144 -6.54902116 -14.81938144
P1  14.81938144 -14.81938144 -6.54902116
P2  16.82721813 -16.82721813 -16.82721813
P1  20.16128626 -11.89077103 -14.81939750
P1  20.16128626 -14.81939750 -11.89077103
P1  20.16140720 -6.54891155 -9.47730937
P1  20.16140720 -9.47730937 -6.54891155
P1 -9.47715063  1.20707908 -14.81941356
P1 -9.47711000 -4.13492644 -9.47711000
P1 -14.81941356  1.20707905 -9.47715063
P1 -4.13496613 -4.13496613 -14.81941262
P1  4.13496613  4.13496613 -14.81941262
P1  9.47715063 -1.20707871 -14.81941356
P1  14.81941356 -1.20707867 -9.47715063
P1  9.47711000  4.13492644 -9.47711000
P1 -20.16128626  11.89077103 -14.81939750
P1 -20.16128626  14.81938710 -11.89077103
P1 -20.16140720  6.54890116 -9.47729898
P1 -20.16140720  9.47729898 -6.54891155
P1 -14.81938144  6.54901265 -14.81938144
P1 -6.54902116  14.81938144 -14.81938144
P1 -14.81938144  14.81938144 -6.54902116
P1 -1.20707830  9.47715063 -14.81941356
P1  4.13492644  9.47711000 -9.47711000
P1 -1.20707828  14.81941356 -9.47715063
P2 -16.82721813  16.82721813 -16.82721813
P1 -11.89077103  20.16127776 -14.81939750
P1 -14.81939750  20.16127776 -11.89077103
P1 -6.54891155  20.16140720 -9.47730937
P1 -9.47729898  20.16140720 -6.54891155
P1  1.20694303 -20.16154704 -4.13512675
P1  4.13512675 -20.16154704 -1.20694188
P1 -4.13512675 -20.16154704  1.20694293
P1 -1.20694149 -20.16154704  4.13512675
P1 -9.47711000 -9.47711000 -4.13492644
P1 -9.47715063 -14.81941356  1.20707908
P1 -14.81941356 -9.47715063  1.20707905
P1 -4.13496613 -14.81941262 -4.13496613
P1  4.13496613 -14.81941262  4.13496613
P1  9.47715063 -14.81941356 -1.20707871
P1  14.81941356 -9.47715063 -1.20707867
P1  9.47711000 -9.47711000  4.13492644
P1 -20.16154704  1.20694283 -4.13512675
P1 -20.16154704  4.13512675 -1.20694185
P1 -20.16154704 -4.13512675  1.20694283
P1 -20.16154704 -1.20694185  4.13512675
P1 -14.81941262 -4.13496613 -4.13496613
P1 -14.81941262  4.13496613  4.13496613
P1  14.81941262  4.13496613 -4.13496613
P1  14.81941262 -4.13496613  4.13496613
P1  20.16154704 -1.20694180 -4.13512675
P1  20.16154704 -4.13512675 -1.20694180
P1  20.16154704  4.13512675  1.20694269
P1  20.16154704  1.20694269  4.13512675
P1 -14.81941356  9.47715063 -1.20707864
P1 -9.47715063  14.81941356 -1.20707867
P1 -9.47711000  9.47711000  4.13492644
P1  4.13496613  14.81941262 -4.13496613
P1 -4.13496613  14.81941262  4.13496613
P1  9.47711000  9.47711000 -4.13492644
P1  14.81941356  9.47715063  1.20707867
P1  9.47715063  14.81940506  1.20707870
P1 -1.20694145  20.16154704 -4.13512675
P1 -4.13512675  20.16154704 -1.20694193
P1  4.13512675  20.16154704  1.20694274
P1  1.20694292  20.16154704  4.13512675
P1 -9.47729898 -20.16140720  6.54890116
P1 -6.54891155 -20.16140720  9.47729898
P1 -14.81939750 -20.16128626  11.89077103
P1 -11.89077103 -20.16128626  14.81938710
P1 -20.16140720 -9.47729898  6.54890116
P1 -20.16140720 -6.54891155  9.47729898
P1 -20.16128626 -14.81939750  11.89077103
P1 -20.16128626 -11.89077103  14.81938710
P1 -14.81938144 -14.81938144  6.54901265
P1 -6.54902116 -14.81938144  14.81938144
P1 -14.81938144 -6.54902116  14.81938144
P1 -1.20707830 -14.81941356  9.47715063
P1  4.13492644 -9.47711000  9.47711000
P1 -1.20707828 -9.47715063  14.81941356
P1 -14.81941356 -1.20707864  9.47715063
P1 -9.47711000  4.13492644  9.47711000
P1 -9.47715063 -1.20707867  14.81941356
P1  4.13496613 -4.13496613  14.81941262
P1 -4.13496613  4.13496613  14.81941262
P1  9.47711000 -4.13492644  9.47711000
P1  14.81941356  1.20707867  9.47715063
P1  9.47715063  1.20707870  14.81940506
P1 -4.13492644  9.47711000  9.47711000
P1  1.20707873  14.81940506  9.47715063
P1  1.20707873  9.47715063  14.81940506
P1  14.81938144  14.81938144  6.54901265
P1  14.81938144  6.54901265  14.81938144
P1  6.54901265  14.81938144  14.81938144
P1  20.16140720  9.47729898  6.54890116
P1  20.16140720  6.54890116  9.47729898
P1  20.16128626  14.81938710  11.89077103
P1  20.16128626  11.89077103  14.81938710
P1  9.47729898  20.16140720  6.54890116
P1  6.54891155  20.16140720  9.47729898
P1  14.81938710  20.16128626  11.89077103
P1  11.89077103  20.16128626  14.81938710
P2 -16.82721813 -16.82721813  16.82721813
P1 -11.89077103 -14.81939750  20.16127776
P1 -14.81939750 -11.89077103  20.16127776
P1 -6.54891155 -9.47730937  20.16140720
P1 -9.47729898 -6.54891155  20.16140720
P1 -1.20694145 -4.13512675  20.16154704
P1 -4.13512675 -1.20694193  20.16154704
P1  4.13512675  1.20694274  20.16154704
P1  1.20694292  4.13512675  20.16154704
P1  9.47729898  6.54890116  20.16140720
P1  6.54891155  9.47729898  20.16140720
P1  14.81938710  11.89077103  20.16128626
P1  11.89077103  14.81938710  20.16128626
P2  16.82721813  16.82721813  16.82721813
