0 -0.34469224577717 1.054e-05
1 -0.339390345390747 5.58496e-06
2 -0.336440883703268 1.12781e-06
3 -0.336438774221385 3.01745e-06
4 -0.336369660207215 2.71232e-06
5 -0.335419531630573 9.76303e-07
6 -0.335339742999666 1.20158e-06
7 -0.331798121062625 1.19196e-06
8 -0.331758301096881 6.18353e-07
9 -0.330137912049344 7.23925e-07
10 -0.328275359634676 8.07967e-07
11 -0.323265183413633 9.20833e-08
12 -0.323231495736811 1.95285e-07
13 -0.320881560754556 7.20437e-08
14 -0.317239552447401 7.24279e-08
15 -0.317232995155451 4.09782e-08
16 -0.315404531799757 3.31111e-08
17 -0.315395324326084 5.12143e-08
18 -0.310895603971746 4.37623e-08
19 -0.310469606607262 6.45239e-09
20 -0.310461302717592 4.71216e-08
21 -0.303913463677918 3.26893e-08
22 -0.301352369939201 1.05367e-08
23 -0.301279583771658 3.63096e-08
24 -0.300725162354242 4.63795e-08
25 -0.300124622551373 2.499e-08
26 -0.297120799063109 1.666e-08
27 -0.287914300399029 1.62382e-08
28 -0.287901809565453 1.93572e-08
29 -0.28579355653498 4.21468e-08
30 -0.28473456719059 4.74152e-08
31 -0.284680497287563 1.86265e-08
32 -0.274402403369159 3.47472e-08
33 -0.274305212681502 2.52661e-08
34 -0.272832523189392 6.45239e-09
35 -0.272635719881842 2.1722e-08
36 -0.266628519347202 2.98023e-08
37 -0.266608354251087 2.55393e-08
38 -0.262622589751161 2.41426e-08
39 -0.26255579716705 1.4428e-08
40 -0.26168248170548 1.05367e-08
41 -0.261663743536895 2.499e-08
42 -0.261599981589063 2.00613e-08
43 -0.26037044197235 2.9333e-08
44 -0.260334795210917 1.74732e-08
45 -0.260320569874158 1.70714e-08
46 -0.258409636479068 2.1722e-08
47 -0.255439046406176 1.05367e-08
48 -0.255400542002235 2.41426e-08
49 -0.250896412851196 2.00613e-08
50 -0.250885810972776 1.70714e-08
51 -0.250446870716973 2.90954e-08
52 -0.24742195715965 0
53 -0.245808454228929 1.6867e-08
54 -0.245796083981718 2.00613e-08
55 -0.117929439443429 4.36829e-09
56 -0.0901359567728197 7.5661e-09
57 -0.0900280633899261 6.58545e-09
58 -0.0838644336278111 4.05954e-09
59 -0.0701575347351566 6.10709e-09
60 -0.0640094359070945 6.58545e-09
61 -0.0601891498705053 7.53739e-09
62 -0.0599163973244465 1.31709e-08
63 -0.0570625896417373 2.37715e-08
64 -0.0569354393165464 9.9438e-09
65 -0.0520417854074555 1.23766e-07
66 -0.0412174441155052 1.72285e-06
67 -0.0411909346749383 1.81105e-06
68 -0.0399115563118133 9.07614e-06
69 -0.0376303799127791 3.47648e-06
70 -0.0372251881089763 2.39903e-07
71 -0.036813023565702 6.95905e-07
72 -0.0320298652255746 3.45709e-06
73 -0.0318714454211321 2.49684e-06
74 -0.0277496888097573 3.02166e-06
75 -0.0221284217538909 6.20422e-06
76 -0.0214143289702356 6.98242e-06
77 -0.0164992427251956 1.39908e-05
78 -0.0158374763719292 3.23482e-05
79 -0.00131957509306827 0.00087063
80 0.00607025806192255 0.00337087
81 0.00690676333392116 0.00492534
82 0.0077417897628044 0.00951088
83 0.00788223862805484 0.00537564
