114
Cd  8.12389423 -4.64519214  4.16678911
Se  8.12389423 -4.64609921 -0.78341803
Cd  4.08146798  2.35643162  4.16648676
Se  4.08069320  2.35597808 -0.78386023
Cd  12.16632048  2.35643162  4.16648676
Cd  8.12389423  0.02228252 -2.43173720
Se  12.16709526  2.35597808 -0.78386023
Cd  0.03909276  9.35809317  4.16678911
Se  0.03830985  9.35854671 -0.78341803
Cd  8.12389423  9.35813097  4.16648676
Cd  4.08124122  7.02435716 -2.43173720
Se  8.12389423  9.35901914 -0.78386023
Cd  16.20869003  9.35809317  4.16678911
Cd  12.16654724  7.02435716 -2.43173720
Se  16.20946482  9.35854671 -0.78341803
Cd  8.12389423 -4.64609921  17.36624168
Cd  4.08101445 -6.97809667  10.76629808
Se  8.12389423 -4.64519214  12.41604777
Se  4.08101445 -6.97809667  5.81653880
Cd  12.16675511 -6.97809667  10.76629808
Se  12.16675511 -6.97809667  5.81653880
Cd  4.08069320  2.35597808  17.36667632
Cd  0.03959316  0.02285907  10.76682720
Se  4.08146798  2.35643162  12.41633122
Se  0.03959335  0.02285926  5.81599078
Cd  12.16709526  2.35597808  17.36667632
Cd  8.12389423  0.02303104  10.76656264
Se  12.16632048  2.35643162  12.41633122
Se  8.12389423  0.02303122  5.81625534
Cd  16.20817980  0.02285907  10.76682720
Se  16.20817980  0.02285907  5.81599078
Cd  0.03830928  9.35854671  17.36624168
Cd -4.00270421  7.02331781  10.76629808
Se  0.03909295  9.35809317  12.41604777
Se -4.00270421  7.02331781  5.81653880
Cd  8.12389423  9.35901914  17.36667632
Cd  4.08188372  7.02397922  10.76656264
Se  8.12389423  9.35813097  12.41633122
Se  4.08188372  7.02397922  5.81625534
Cd  16.20946482  9.35854671  17.36624168
Cd  12.16588584  7.02397922  10.76656264
Se  16.20869003  9.35809317  12.41604777
Se  12.16588584  7.02397922  5.81625534
Cd  20.25049267  7.02331781  10.76629808
Se  20.25049267  7.02331781  5.81653880
Cd  0.04017236  14.02577305  10.76629808
Se  0.04017255  14.02577305  5.81653880
Cd  8.12389423  14.02526283  10.76682720
Se  8.12389423  14.02526283  5.81599078
Cd  16.20761289  14.02577305  10.76629808
Se  16.20761289  14.02577305  5.81653880
Se  8.12389423  0.02228233  19.01461187
Se  4.08124122  7.02435716  19.01461187
Se  12.16652835  7.02435716  19.01461187
P2  9.13500629 -5.22936786 -1.19558286
P2  7.11277744 -5.22936786 -1.19558286
P2  2.86797882  1.65582049 -1.27868252
P1  8.12389423  0.02161026 -5.15413598
P2  13.37980613  1.65582049 -1.27868252
P2 -0.97237358  8.77453161 -1.19558286
P2  0.03874146  10.52583045 -1.19558286
P1  4.08065918  7.02468976 -5.15413598
P2  8.12389423  10.75934011 -1.27868252
P1  12.16712928  7.02468976 -5.15413598
P2  17.22014697  8.77453161 -1.19558286
P2  16.20903491  10.52583045 -1.19558286
P1  5.89943730 -5.92929024  18.27305316
P1  10.34834077 -5.92929024  18.27305316
P1  1.85765964 -5.69464580  11.67435677
P1  4.08068186 -9.54550769  11.67315113
P2  3.07039863 -6.39470991  5.40378012
P2  4.08086327 -8.14510168  5.40433287
P1  14.39012073 -5.69464580  11.67435677
P1  12.16708770 -9.54550769  11.67315113
P2  13.17737585 -6.39470991  5.40378012
P2  12.16690629 -8.14510168  5.40433287
P1  1.85738339  1.07235572  18.27387235
P1  0.03902006 -2.54421572  11.67459488
P1 -2.18384708  1.30589784  11.67459488
P2  0.03933280 -1.14399296  5.40336911
P2 -0.97106135  0.60605865  5.40336911
P1  14.39039852  1.07235572  18.27387235
P1  16.20876184 -2.54421572  11.67459488
P1  18.43165975  1.30589784  11.67459488
P2  16.20844437 -1.14399311  5.40336911
P2  17.21885251  0.60605851  5.40336911
P1 -2.18519394  8.07371350  18.27305316
P1  0.03925914  11.92657094  18.27305316
P1 -4.00288089  4.45610427  11.67435677
P1 -6.22630887  8.30672711  11.67315113
P2 -4.00278452  5.85640257  5.40378012
P2 -5.01343360  7.60668568  5.40433287
P1  8.12389423  11.92627425  18.27387235
P1  18.43296555  8.07371350  18.27305316
P1  16.20851901  11.92657094  18.27305316
P1  20.25070054  4.45610427  11.67435677
P1  22.47407655  8.30672711  11.67315113
P2  20.25058715  5.85640257  5.40378012
P2  21.26121261  7.60668568  5.40433287
P1  2.26335266  15.30953573  11.67435677
P1 -2.18309795  15.30976438  11.67315113
P2  1.05070900  14.60930154  5.40378012
P2 -0.97040491  14.60940548  5.40433287
P1  5.90102750  15.30930613  11.67459488
P1  10.34676096  15.30930613  11.67459488
P2  7.11350026  14.60891887  5.40336911
P2  9.13428820  14.60891887  5.40336911
P1  13.98443435  15.30953573  11.67435677
P1  18.43088496  15.30976438  11.67315113
P2  15.19707719  14.60930154  5.40378012
P2  17.21819110  14.60940548  5.40433287
P2  8.12389423  0.02191564  20.49953965
P2  4.08092374  7.02453858  20.49953965
P2  12.16685149  7.02453858  20.49953965
