0 -0.245865566758912 0.00955363
1 -0.245697317674094 0.00962051
2 -0.245649104769533 0.00988433
3 -0.243301470351388 0.00843325
4 -0.243039595807796 0.0099164
5 -0.241120711906509 0.00926569
6 -0.24041699633087 0.00908298
7 -0.240123428007714 0.0098163
8 -0.239927835169669 0.00976555
9 -0.239592337922834 0.00989213
10 -0.238591165548033 0.00902117
11 -0.238570176238613 0.0083598
12 -0.238468773398994 0.00872201
13 -0.238439817225791 0.00880471
14 -0.238209591283195 0.00970288
15 -0.238072634960832 0.00893817
16 -0.237953135512567 0.00804194
17 -0.237754988809414 0.0090273
18 -0.237673664765956 0.00748994
19 -0.237238423498385 0.0078942
20 -0.237104551652516 0.00452146
21 -0.237088767151181 0.00812326
22 -0.237013321903155 0.00735795
23 -0.23694102692166 0.00594409
24 -0.236889352741548 0.00773365
25 -0.236861774092714 0.00555901
26 -0.23684057855981 0.00737646
27 -0.236726456097761 0.00710092
28 -0.236704531270713 0.00442604
29 -0.236577426854703 0.00378218
30 -0.236565565686537 0.00853993
31 -0.236503703129474 0.00663607
32 -0.236494067634069 0.00575096
33 -0.236429318169943 0.00493854
34 -0.236348172014461 0.0078673
35 -0.236153873249818 0.00182344
36 -0.236148337969413 0.00234961
37 -0.236141693095458 0.00983098
38 -0.236027033407057 0.00578537
39 -0.236011598620543 0.00580737
40 -0.235999136287798 0.00227378
41 -0.235988860181574 0.00252354
42 -0.235861352843539 0.00332529
43 -0.235845086028291 0.00190618
44 -0.235824327623648 0.00290575
45 -0.235804024668455 0.00437075
46 -0.235761749189522 0.00273712
47 -0.235740433423834 0.00287509
48 -0.235730178147382 0.00404718
49 -0.235707584312724 0.0082353
50 -0.235654974572369 0.00252874
51 -0.235637245895863 0.00129708
52 -0.235589795671678 0.00938021
53 -0.235582528342953 0.00782918
54 -0.235342105819791 0.00382999
55 -0.235319694001965 0.00503285
56 -0.235281779594694 0.00361348
57 -0.235265712913234 0.0026222
58 -0.23515326269757 0.000801411
59 -0.235149130271093 0.00128509
60 -0.235134260625871 0.00298552
61 -0.235044017025337 0.000914112
62 -0.235036233502094 0.00188092
63 -0.235034091977503 0.00122534
64 -0.234998855010846 0.000913084
65 -0.2349927577295 0.00196662
66 -0.234730242963953 0.000530788
67 -0.234716783462126 0.000757149
68 -0.234683151928246 0.000450961
69 -0.234639923359007 0.000401112
70 -0.234449983273347 0.000778289
71 -0.234316853204744 0.000425282
72 -0.234306434521011 0.000524304
73 -0.234267093748658 0.00100819
74 -0.234192724295556 0.00052015
75 -0.234185450122066 0.000256573
76 -0.234069656453144 0.000229569
77 -0.23405964446412 0.000400135
78 -0.23355491582287 0.00256147
79 -0.233546236599057 0.00230623
80 -0.233383668904498 0.000192976
81 -0.233367063245226 0.000412754
82 -0.233238321141604 0.000450226
83 -0.233052922340455 0.00045334
84 -0.232886907043295 0.00114132
85 -0.232754991322992 0.000633819
86 -0.232705375664695 0.000138269
87 -0.232690794630549 5.78773e-05
88 -0.232561639976372 9.63984e-05
89 -0.232557270084415 0.000109139
90 -0.15966381333347 2.25834e-08
91 -0.154052329727599 2.30396e-08
92 -0.154036513660201 5.24195e-08
93 -0.154032820201556 5.51607e-08
94 -0.148278623358605 7.46454e-08
95 -0.147909063635376 5.91372e-08
96 -0.147806086041031 2.59436e-08
97 -0.147471041131613 4.5473e-08
98 -0.14742369090842 5.28479e-08
99 -0.145119821159525 3.91599e-08
100 -0.142278335998506 2.86751e-08
101 -0.142007981708722 2.86145e-08
102 -0.141942249140313 3.10565e-08
103 -0.140632587567686 7.52011e-08
104 -0.140465607855188 3.02873e-07
105 -0.140396905877709 8.03964e-08
106 -0.140259708588016 5.38559e-08
107 -0.137229299770225 5.13158e-08
108 -0.137191264400386 4.83212e-08
109 -0.137113853974097 3.0207e-08
110 -0.135388789153805 3.607e-08
111 -0.135299099312862 4.52051e-08
112 -0.134600709583584 3.99927e-08
113 -0.134521876804329 5.08744e-08
114 -0.134501758166473 7.3427e-08
115 -0.134421132173377 3.44967e-08
116 -0.134179897105269 6.29822e-07
117 -0.134077269668082 6.93194e-08
118 -0.132051967630918 5.59104e-08
119 -0.130727902941645 3.19377e-08
120 -0.129431934730401 3.41428e-08
121 -0.129368735565973 5.75615e-08
122 -0.128945258725753 5.9837e-08
123 -0.128888783171233 3.30062e-08
124 -0.128838105017289 6.12128e-08
125 -0.128055656223162 3.54392e-08
126 -0.127980804735235 4.87857e-08
127 -0.127819674021697 8.94845e-08
128 -0.12771986048201 1.51322e-08
129 -0.127685894259634 1.29048e-08
130 -0.12720703838599 6.07576e-08
131 -0.127183888311735 3.65002e-08
132 -0.12666079106857 5.65275e-08
133 -0.126439247616326 9.0755e-08
134 -0.125901159455812 3.97752e-08
135 -0.12581719643645 5.23864e-08
136 -0.123322050635368 2.43216e-08
137 -0.123273398167497 2.8946e-08
138 -0.123254540060701 7.21399e-09
139 -0.123010062650948 5.27494e-08
140 -0.122354607373566 4.29621e-08
141 -0.121704934172276 4.3881e-08
142 -0.121683273226714 3.53167e-08
143 -0.121557410843738 1.10196e-08
144 -0.12077967001971 5.33055e-08
145 -0.120623937976301 7.69342e-08
146 -0.120534395111306 3.97534e-08
147 -0.120146407408594 5.38076e-08
148 -0.12011586855772 8.18081e-08
149 -0.119926586823052 2.06577e-08
