0 -0.26239640781236 1.07534e-05
1 -0.262396407811365 4.29926e-06
2 -0.262184539263793 2.89946e-06
3 -0.262184539263642 3.55798e-06
4 -0.262184539263502 6.73688e-06
5 -0.260533335976021 1.70666e-05
6 -0.260407598286358 1.79046e-06
7 -0.260407598286111 1.28095e-05
8 -0.260407598285923 7.27471e-06
9 -0.259585607542959 1.54239e-06
10 -0.259585607542934 2.39868e-06
11 -0.259307738177178 1.31237e-06
12 -0.25930773817712 1.29696e-06
13 -0.25930773817711 8.00469e-07
14 -0.258373869016967 4.43126e-06
15 -0.25832817727887 7.32737e-07
16 -0.258328177278867 3.16299e-07
17 -0.258328177278281 3.02977e-06
18 -0.257724893879665 1.42155e-05
19 -0.257724893879568 3.98162e-06
20 -0.257724893879548 3.31655e-07
21 -0.256619751048262 2.30457e-07
22 -0.256619751048089 1.18509e-07
23 -0.256619751048076 1.22013e-06
24 -0.255545282487703 1.35858e-07
25 -0.255545282487701 1.56684e-07
26 -0.255545282487663 1.99989e-07
27 -0.254882648961883 1.2813e-07
28 -0.254882648961881 1.29959e-07
29 -0.254882648961879 3.02185e-07
30 -0.253664934857767 9.75713e-08
31 -0.253664934857765 1.195e-07
32 -0.253308235469885 1.29477e-07
33 -0.253308235469857 3.57317e-08
34 -0.253308235469246 7.56151e-08
35 -0.251998610243169 2.6077e-08
36 -0.251874273581391 1.4428e-08
37 -0.251874273581119 1.09247e-07
38 -0.251874273581112 1.01407e-07
39 -0.25158289880261 7.42259e-08
40 -0.251582898802604 5.71076e-08
41 -0.251095254318719 7.91131e-08
42 -0.251095254318472 2.76275e-08
43 -0.251095254318469 1.49012e-08
44 -0.250942732442219 4.62296e-08
45 -0.250942732442214 5.46235e-08
46 -0.25094273244217 4.914e-08
47 -0.250116429047137 5.16191e-08
48 -0.249213268818431 2.8976e-08
49 -0.249213268818347 2.02335e-08
50 -0.24921326881833 4.72686e-08
51 -0.249195757230759 4.4392e-08
52 -0.249195757230626 4.914e-08
53 -0.249195757230619 2.1722e-08
54 -0.248847910730999 6.28901e-08
55 -0.248847910730994 3.95127e-08
56 -0.248167330013974 1.46665e-08
57 -0.248167330013965 1.76706e-08
58 -0.248167330013822 2.96857e-08
59 -0.246028168207916 3.37339e-08
60 -0.246028168207912 1.78659e-08
61 -0.246028168207891 4.18163e-08
62 -0.245595963286232 5.24195e-08
63 -0.245595963286225 1.64504e-08
64 -0.245595963286201 3.63096e-08
65 -0.243651957449764 2.59436e-08
66 -0.243651957449752 4.13155e-08
67 -0.242602942907354 2.48508e-08
68 -0.242602942907347 9.49766e-09
69 -0.242602942906999 1.82501e-08
70 -0.241690253793211 3.15002e-08
71 -0.241690253793206 2.00613e-08
72 -0.239956894262238 4.19819e-08
73 -0.239956894262083 3.73459e-08
74 -0.239956894262074 2.86145e-08
75 -0.239812188301521 4.92105e-08
76 -0.238216349161727 4.13994e-08
77 -0.238216349161651 3.03788e-08
78 -0.238216349161647 4.41569e-08
79 -0.235913125926119 3.96879e-08
80 -0.235913125926116 2.76275e-08
81 -0.235913125926072 5.7471e-08
82 -0.2348974344015 5.5443e-08
83 -0.234897434401495 3.16101e-08
84 -0.231888865327983 9.49766e-09
85 -0.231888865327973 4.08934e-08
86 -0.231888865327912 1.74732e-08
87 -0.230329063853706 4.32037e-08
88 -0.230329063853306 6.32203e-08
89 -0.230329063853302 2.95686e-08
90 -0.133318108454462 3.30587e-08
91 -0.118957340093928 2.1642e-08
92 -0.118957340082857 1.55283e-08
93 -0.118957340082853 1.35603e-08
94 -0.117728952598163 2.75331e-08
95 -0.117067755812019 2.03617e-08
96 -0.117067755805591 1.89496e-08
97 -0.117067755805575 1.46072e-08
98 -0.114568914390912 2.09909e-08
99 -0.114568914388005 3.72529e-09
100 -0.114568914387953 2.38171e-08
101 -0.110549898222361 2.67015e-08
102 -0.109944133939459 1.79143e-08
103 -0.109944133924682 2.09909e-08
104 -0.109944133924675 9.85619e-09
105 -0.108720840187737 4.56253e-09
106 -0.108180638844839 3.55126e-08
107 -0.108180638844822 2.6077e-08
108 -0.105235422249315 5.00667e-08
109 -0.103871141859802 4.94216e-08
110 -0.103871141859764 8.54384e-08
111 -0.103746665691434 9.88782e-08
112 -0.103746665681217 1.01987e-07
113 -0.103746665681201 1.41334e-07
114 -0.100473944379932 5.4262e-07
115 -0.100473944379837 7.82074e-07
116 -0.100473944362801 9.84985e-07
117 -0.0998051633006349 1.16551e-06
118 -0.0998051632858772 1.22981e-06
119 -0.099805163285838 1.16879e-06
120 -0.0988456120072829 1.15091e-06
121 -0.0984694348231709 2.38885e-06
122 -0.0984694348199972 5.16267e-06
123 -0.0975578874457519 4.60182e-06
124 -0.0975578874398739 5.70528e-06
125 -0.0975578874270799 9.07247e-06
126 -0.0974879232586027 5.03703e-06
127 -0.0974879232517657 6.3952e-06
128 -0.0974879232449426 4.95059e-06
129 -0.0963219800532811 7.93182e-06
130 -0.096321980032418 1.34391e-05
131 -0.0963219799130347 2.74405e-05
132 -0.095326297943386 2.51736e-05
133 -0.0953262979107887 2.85032e-05
134 -0.0951014098085253 3.52749e-05
135 -0.0951014095568719 4.7816e-05
136 -0.0951014094641342 5.89593e-05
137 -0.094833375418504 7.09162e-05
138 -0.0943947690081407 5.5005e-05
139 -0.0943947688556646 5.98357e-05
140 -0.0943947664230585 0.000126159
141 -0.0933202418881006 8.94493e-05
142 -0.0933202359917582 0.000187785
143 -0.0933202206465357 0.00028419
144 -0.0917395805231988 0.000635288
145 -0.0917393192338152 0.0013601
146 -0.0917392383337639 0.0015362
147 -0.0906452251380796 0.00258209
148 -0.0906431473105168 0.00377435
149 -0.0904485405512806 0.00185761
