465
P -19.39425782 -8.31617385  2.77460908
P -19.39425782 -2.77460908  8.31617385
P -13.84651365 -13.84651365  2.74259712
In -16.59923970 -11.07347304  5.52733513
P -13.83925710 -8.30430637  8.30430637
In -16.59923970 -5.52733513  11.07347304
P -13.84651365 -2.74259712  13.84651365
P -8.31617385 -19.39425782  2.77460908
In -11.07347304 -16.59923970  5.52733513
P -8.30430637 -13.83925710  8.30430637
In -11.07695014 -11.07695014  11.07695014
P -8.30430637 -8.30430637  13.83925710
In -11.07347304 -5.52733513  16.59923970
P -8.31617385 -2.77460908  19.39425782
P -2.77460908 -19.39425782  8.31617385
In -5.52733513 -16.59923970  11.07347304
P -2.74259712 -13.84651365  13.84651365
In -5.52733513 -11.07347304  16.59923970
P -2.77460908 -8.31617385  19.39425782
P -19.42109193 -8.29795689 -8.29795689
P -19.39501371 -2.76200461 -2.76200461
In -22.18387133 -0.00000000  0.00000000
P -19.39501371  2.76200461  2.76200461
P -19.42109193  8.29795689  8.29795689
P -13.83079113 -13.83079113 -8.29232551
In -16.62236995 -11.05865759 -5.53504522
P -13.84959390 -8.29827814 -2.76512266
In -16.62775567 -5.53755855  0.00496386
P -13.85305210 -2.76990366  2.76990366
In -16.62775567 -0.00496386  5.53755855
P -13.84959390  2.76512266  8.29827814
In -16.62236995  5.53504522  11.05865759
P -13.83079113  8.29232551  13.83079113
P -8.29795689 -19.42109193 -8.29795689
In -11.05865759 -16.62236995 -5.53504522
P -8.29827814 -13.84959390 -2.76512266
In -11.07243369 -11.07243369 -0.00889439
P -8.30691419 -8.30691419  2.76771158
In -11.07472026 -5.53508301  5.53508301
P -8.30691419 -2.76771158  8.30691419
In -11.07243369  0.00889439  11.07243369
P -8.29827814  2.76512266  13.84959390
In -11.05865759  5.53504522  16.62236995
P -8.29795689  8.29795689  19.42109193
P -2.76200461 -19.39501371 -2.76200461
In -5.53755855 -16.62775567  0.00496386
P -2.76990366 -13.85305210  2.76990366
In -5.53508301 -11.07472026  5.53508301
P -2.76771158 -8.30691419  8.30691419
In -5.53508301 -5.53508301  11.07472026
P -2.76990366 -2.76990366  13.85305210
In -5.53755855 -0.00496386  16.62775567
P -2.76200461  2.76200461  19.39501371
In -0.00000000 -22.18387133  0.00000000
P  2.76200461 -19.39501371  2.76200461
In -0.00496386 -16.62775567  5.53755855
P  2.76512266 -13.84959390  8.29827814
In  0.00889439 -11.07243369  11.07243369
P  2.76512266 -8.29827814  13.84959390
In -0.00496386 -5.53755855  16.62775567
P  2.76200461 -2.76200461  19.39501371
In  0.00000000  0.00000000  22.18387133
P  8.29795689 -19.42109193  8.29795689
In  5.53504522 -16.62236995  11.05865759
P  8.29232551 -13.83079113  13.83079113
In  5.53504522 -11.05865759  16.62236995
P  8.29795689 -8.29795689  19.42109193
P -19.39425782  2.77460908 -8.31617385
P -19.39425782  8.31617385 -2.77460908
P -13.83079113 -8.29232551 -13.83079113
In -16.62236995 -5.53504522 -11.05865759
P -13.84959390 -2.76512266 -8.29827814
In -16.62775567  0.00496386 -5.53755855
P -13.85305210  2.76990366 -2.76990366
In -16.62775567  5.53755855 -0.00496386
P -13.84959390  8.29827814  2.76512266
In -16.62236995  11.05865759  5.53504522
P -13.83079113  13.83079113  8.29232551
P -8.29232551 -13.83079113 -13.83079113
In -11.06366536 -11.06366536 -11.06366536
P -8.29803248 -8.29803248 -8.29803248
In -11.07604307 -5.53307990 -5.53307990
P -8.30785906 -2.76599193 -2.76599193
In -11.08265711  0.00000000  0.00000000
P -8.30785906  2.76599193  2.76599193
In -11.07604307  5.53307990  5.53307990
P -8.29803248  8.29803248  8.29803248
In -11.06366536  11.06366536  11.06366536
P -8.29232551  13.83079113  13.83079113
In -5.53504522 -16.62236995 -11.05865759
P -2.76512266 -13.84959390 -8.29827814
In -5.53307990 -11.07604307 -5.53307990
P -2.76599193 -8.30785906 -2.76599193
In -5.53825775 -5.53825775 -0.00037358
P -2.76984697 -2.76984697  2.76984697
In -5.53825775  0.00037358  5.53825775
P -2.76599193  2.76599193  8.30785906
In -5.53307990  5.53307990  11.07604307
P -2.76512266  8.29827814  13.84959390
In -5.53504522  11.05865759  16.62236995
P  2.77460908 -19.39425782 -8.31617385
In  0.00496386 -16.62775567 -5.53755855
P  2.76990366 -13.85305210 -2.76990366
In -0.00000000 -11.08265711 -0.00000000
P  2.76599193 -8.30785906  2.76599193
In  0.00037358 -5.53825775  5.53825775
P  2.76599193 -2.76599193  8.30785906
In  0.00000000 -0.00000000  11.08265711
P  2.76990366  2.76990366  13.85305210
In  0.00496386  5.53755855  16.62775567
P  2.77460908  8.31617385  19.39425782
P  8.31617385 -19.39425782 -2.77460908
In  5.53755855 -16.62775567 -0.00496386
P  8.29827814 -13.84959390  2.76512266
In  5.53307990 -11.07604307  5.53307990
P  8.29803248 -8.29803248  8.29803248
In  5.53307990 -5.53307990  11.07604307
P  8.29827814 -2.76512266  13.84959390
In  5.53755855  0.00496386  16.62775567
P  8.31617385  2.77460908  19.39425782
In  11.05865759 -16.62236995  5.53504522
P  13.83079113 -13.83079113  8.29232551
In  11.06366536 -11.06366536  11.06366536
P  13.83079113 -8.29232551  13.83079113
In  11.05865759 -5.53504522  16.62236995
P -13.84651365  2.74259712 -13.84651365
In -16.59923970  5.52733513 -11.07347304
P -13.83925710  8.30430637 -8.30430637
In -16.59923970  11.07347304 -5.52733513
P -13.84651365  13.84651365 -2.74259712
P -8.29795689 -8.29795689 -19.42109193
In -11.05865759 -5.53504522 -16.62236995
P -8.29827814 -2.76512266 -13.84959390
In -11.07243369 -0.00889439 -11.07243369
P -8.30691419  2.76771158 -8.30691419
In -11.07472026  5.53508301 -5.53508301
P -8.30691419  8.30691419 -2.76771158
In -11.07243369  11.07243369  0.00889439
P -8.29827814  13.84959390  2.76512266
In -11.05865759  16.62236995  5.53504522
P -8.29795689  19.42109193  8.29795689
In -5.53504522 -11.05865759 -16.62236995
P -2.76512266 -8.29827814 -13.84959390
In -5.53307990 -5.53307990 -11.07604307
P -2.76599193 -2.76599193 -8.30785906
In -5.53825775 -0.00037358 -5.53825775
P -2.76984697  2.76984697 -2.76984697
In -5.53825775  5.53825775  0.00037358
P -2.76599193  8.30785906  2.76599193
In -5.53307990  11.07604307  5.53307990
P -2.76512266  13.84959390  8.29827814
In -5.53504522  16.62236995  11.05865759
P  2.74259712 -13.84651365 -13.84651365
In -0.00889439 -11.07243369 -11.07243369
P  2.76771158 -8.30691419 -8.30691419
In -0.00037358 -5.53825775 -5.53825775
P  2.76984697 -2.76984697 -2.76984697
In -0.00000000 -0.00000000  0.00000000
P  2.76984697  2.76984697  2.76984697
In -0.00037358  5.53825775  5.53825775
P  2.76771158  8.30691419  8.30691419
In -0.00889439  11.07243369  11.07243369
P  2.74259712  13.84651365  13.84651365
In  5.52733513 -16.59923970 -11.07347304
P  8.30430637 -13.83925710 -8.30430637
In  5.53508301 -11.07472026 -5.53508301
P  8.30691419 -8.30691419 -2.76771158
In  5.53825775 -5.53825775  0.00037358
P  8.30785906 -2.76599193  2.76599193
In  5.53825775 -0.00037358  5.53825775
P  8.30691419  2.76771158  8.30691419
In  5.53508301  5.53508301  11.07472026
P  8.30430637  8.30430637  13.83925710
In  5.52733513  11.07347304  16.59923970
In  11.07347304 -16.59923970 -5.52733513
P  13.84651365 -13.84651365 -2.74259712
In  11.07243369 -11.07243369  0.00889439
P  13.84959390 -8.29827814  2.76512266
In  11.07604307 -5.53307990  5.53307990
P  13.84959390 -2.76512266  8.29827814
In  11.07243369 -0.00889439  11.07243369
P  13.84651365  2.74259712  13.84651365
In  11.07347304  5.52733513  16.59923970
In  16.62236995 -11.05865759  5.53504522
P  19.42109193 -8.29795689  8.29795689
In  16.62236995 -5.53504522  11.05865759
P -8.31617385  2.77460908 -19.39425782
In -11.07347304  5.52733513 -16.59923970
P -8.30430637  8.30430637 -13.83925710
In -11.07695014  11.07695014 -11.07695014
P -8.30430637  13.83925710 -8.30430637
In -11.07347304  16.59923970 -5.52733513
P -8.31617385  19.39425782 -2.77460908
P -2.76200461 -2.76200461 -19.39501371
In -5.53755855  0.00496386 -16.62775567
P -2.76990366  2.76990366 -13.85305210
In -5.53508301  5.53508301 -11.07472026
P -2.76771158  8.30691419 -8.30691419
In -5.53508301  11.07472026 -5.53508301
P -2.76990366  13.85305210 -2.76990366
In -5.53755855  16.62775567 -0.00496386
P -2.76200461  19.39501371  2.76200461
P  2.77460908 -8.31617385 -19.39425782
In  0.00496386 -5.53755855 -16.62775567
P  2.76990366 -2.76990366 -13.85305210
In  0.00000000 -0.00000000 -11.08265711
P  2.76599193  2.76599193 -8.30785906
In  0.00037358  5.53825775 -5.53825775
P  2.76599193  8.30785906 -2.76599193
In  0.00000000  11.08265711  0.00000000
P  2.76990366  13.85305210  2.76990366
In  0.00496386  16.62775567  5.53755855
P  2.77460908  19.39425782  8.31617385
In  5.52733513 -11.07347304 -16.59923970
P  8.30430637 -8.30430637 -13.83925710
In  5.53508301 -5.53508301 -11.07472026
P  8.30691419 -2.76771158 -8.30691419
In  5.53825775  0.00037358 -5.53825775
P  8.30785906  2.76599193 -2.76599193
In  5.53825775  5.53825775 -0.00037358
P  8.30691419  8.30691419  2.76771158
In  5.53508301  11.07472026  5.53508301
P  8.30430637  13.83925710  8.30430637
In  5.52733513  16.59923970  11.07347304
In  11.07695014 -11.07695014 -11.07695014
P  13.83925710 -8.30430637 -8.30430637
In  11.07472026 -5.53508301 -5.53508301
P  13.85305210 -2.76990366 -2.76990366
In  11.08265711 -0.00000000  0.00000000
P  13.85305210  2.76990366  2.76990366
In  11.07472026  5.53508301  5.53508301
P  13.83925710  8.30430637  8.30430637
In  11.07695014  11.07695014  11.07695014
In  16.59923970 -11.07347304 -5.52733513
P  19.39425782 -8.31617385 -2.77460908
In  16.62775567 -5.53755855 -0.00496386
P  19.39501371 -2.76200461  2.76200461
In  16.62775567  0.00496386  5.53755855
P  19.39425782  2.77460908  8.31617385
In  16.59923970  5.52733513  11.07347304
P -2.77460908  8.31617385 -19.39425782
In -5.52733513  11.07347304 -16.59923970
P -2.74259712  13.84651365 -13.84651365
In -5.52733513  16.59923970 -11.07347304
P -2.77460908  19.39425782 -8.31617385
In  0.00000000 -0.00000000 -22.18387133
P  2.76200461  2.76200461 -19.39501371
In -0.00496386  5.53755855 -16.62775567
P  2.76512266  8.29827814 -13.84959390
In  0.00889439  11.07243369 -11.07243369
P  2.76512266  13.84959390 -8.29827814
In -0.00496386  16.62775567 -5.53755855
P  2.76200461  19.39501371 -2.76200461
In -0.00000000  22.18387133 -0.00000000
P  8.31617385 -2.77460908 -19.39425782
In  5.53755855 -0.00496386 -16.62775567
P  8.29827814  2.76512266 -13.84959390
In  5.53307990  5.53307990 -11.07604307
P  8.29803248  8.29803248 -8.29803248
In  5.53307990  11.07604307 -5.53307990
P  8.29827814  13.84959390 -2.76512266
In  5.53755855  16.62775567  0.00496386
P  8.31617385  19.39425782  2.77460908
In  11.07347304 -5.52733513 -16.59923970
P  13.84651365 -2.74259712 -13.84651365
In  11.07243369  0.00889439 -11.07243369
P  13.84959390  2.76512266 -8.29827814
In  11.07604307  5.53307990 -5.53307990
P  13.84959390  8.29827814 -2.76512266
In  11.07243369  11.07243369 -0.00889439
P  13.84651365  13.84651365  2.74259712
In  11.07347304  16.59923970  5.52733513
In  16.59923970 -5.52733513 -11.07347304
P  19.39425782 -2.77460908 -8.31617385
In  16.62775567 -0.00496386 -5.53755855
P  19.39501371  2.76200461 -2.76200461
In  16.62775567  5.53755855  0.00496386
P  19.39425782  8.31617385  2.77460908
In  16.59923970  11.07347304  5.52733513
In  22.18387133 -0.00000000  0.00000000
P  8.29795689  8.29795689 -19.42109193
In  5.53504522  11.05865759 -16.62236995
P  8.29232551  13.83079113 -13.83079113
In  5.53504522  16.62236995 -11.05865759
P  8.29795689  19.42109193 -8.29795689
In  11.05865759  5.53504522 -16.62236995
P  13.83079113  8.29232551 -13.83079113
In  11.06366536  11.06366536 -11.06366536
P  13.83079113  13.83079113 -8.29232551
In  11.05865759  16.62236995 -5.53504522
In  16.62236995  5.53504522 -11.05865759
P  19.42109193  8.29795689 -8.29795689
In  16.62236995  11.05865759 -5.53504522
P2 -20.09071633 -9.00827654  2.08253029
P2 -20.08915731 -7.62795927  3.47178569
P2 -20.08915731 -3.47178569  7.62795927
P2 -20.09071633 -2.08253029  9.00827654
P2 -14.68044973 -14.68044973  1.91177711
P1 -18.11893466 -12.59399948  7.05753792
P1 -18.11893466 -7.05753792  12.59399948
P2 -14.68044973 -1.91177711  14.68044973
P2 -9.00827654 -20.09071633  2.08253029
P2 -7.62795927 -20.08915731  3.47178569
P1 -12.59399948 -18.11893466  7.05753792
P1 -12.60344244 -12.60344244  12.60344244
P1 -12.59399948 -7.05753792  18.11893466
P2 -9.00827654 -2.08253029  20.09071633
P2 -7.62795927 -3.47178569  20.08915731
P2 -3.47178569 -20.08915731  7.62795927
P2 -2.08253029 -20.09071633  9.00827654
P1 -7.05753792 -18.11893466  12.59399948
P2 -1.91177711 -14.68044973  14.68044973
P1 -7.05753792 -12.59399948  18.11893466
P2 -3.47178569 -7.62795927  20.08915731
P2 -2.08253029 -9.00827654  20.09071633
P2 -20.10408615 -8.99755707 -8.99755707
P2 -20.11381823 -7.60315189 -7.60315189
P2 -20.23410874 -3.58902429 -3.58902429
P1 -23.70631017 -1.53155394  1.53155394
P1 -23.70631017  1.53155394 -1.53155394
P2 -20.23410874  3.58902429  3.58902429
P2 -20.11381823  7.60315189  7.60315189
P2 -20.10408615  8.99755707  8.99755707
P2 -14.65956258 -14.65956258 -9.12920389
P1 -18.15449553 -12.58950477 -4.02642972
P1 -18.15449553  4.02642972  12.58950477
P2 -14.65956258  9.12920389  14.65956258
P2 -8.99755707 -20.10408615 -8.99755707
P2 -7.60315189 -20.11381823 -7.60315189
P1 -12.58950477 -18.15449553 -4.02642972
P1 -12.58950477  4.02642972  18.15449553
P2 -8.99755707  8.99755707  20.10408615
P2 -7.60315189  7.60315189  20.11381823
P2 -3.58902429 -20.23410874 -3.58902429
P2 -3.58902429  3.58902429  20.23410874
P1 -1.53155394 -23.70631017  1.53155394
P1  1.53155394 -23.70631017 -1.53155394
P2  3.58902429 -20.23410874  3.58902429
P2  3.58902429 -3.58902429  20.23410874
P1 -1.53155394 -1.53155394  23.70631017
P1  1.53155394  1.53155394  23.70631017
P2  7.60315189 -20.11381823  7.60315189
P2  8.99755707 -20.10408615  8.99755707
P1  4.02642972 -18.15449553  12.58950477
P2  9.12920389 -14.65956258  14.65956258
P1  4.02642972 -12.58950477  18.15449553
P2  7.60315189 -7.60315189  20.11381823
P2  8.99755707 -8.99755707  20.10408615
P2 -20.09071633  2.08253029 -9.00827654
P2 -20.08915731  3.47178569 -7.62795927
P2 -20.08915731  7.62795927 -3.47178569
P2 -20.09071633  9.00827654 -2.08253029
P2 -14.65956258 -9.12920389 -14.65956258
P1 -18.15449553 -4.02642972 -12.58950477
P1 -18.15449553  12.58950477  4.02642972
P2 -14.65956258  14.65956258  9.12920389
P2 -9.12920389 -14.65956258 -14.65956258
P2 -9.12920389  14.65956258  14.65956258
P1 -4.02642972 -18.15449553 -12.58950477
P1 -4.02642972  12.58950477  18.15449553
P2  2.08253029 -20.09071633 -9.00827654
P2  3.47178569 -20.08915731 -7.62795927
P2  2.08253029  9.00827654  20.09071633
P2  3.47178569  7.62795927  20.08915731
P2  7.62795927 -20.08915731 -3.47178569
P2  9.00827654 -20.09071633 -2.08253029
P2  7.62795927  3.47178569  20.08915731
P2  9.00827654  2.08253029  20.09071633
P1  12.58950477 -18.15449553  4.02642972
P2  14.65956258 -14.65956258  9.12920389
P2  14.65956258 -9.12920389  14.65956258
P1  12.58950477 -4.02642972  18.15449553
P2 -14.68044973  1.91177711 -14.68044973
P1 -18.11893466  7.05753792 -12.59399948
P1 -18.11893466  12.59399948 -7.05753792
P2 -14.68044973  14.68044973 -1.91177711
P2 -8.99755707 -8.99755707 -20.10408615
P2 -7.60315189 -7.60315189 -20.11381823
P1 -12.58950477 -4.02642972 -18.15449553
P1 -12.58950477  18.15449553  4.02642972
P2 -8.99755707  20.10408615  8.99755707
P2 -7.60315189  20.11381823  7.60315189
P1 -4.02642972 -12.58950477 -18.15449553
P1 -4.02642972  18.15449553  12.58950477
P2  1.91177711 -14.68044973 -14.68044973
P2  1.91177711  14.68044973  14.68044973
P1  7.05753792 -18.11893466 -12.59399948
P1  7.05753792  12.59399948  18.11893466
P1  12.59399948 -18.11893466 -7.05753792
P2  14.68044973 -14.68044973 -1.91177711
P2  14.68044973  1.91177711  14.68044973
P1  12.59399948  7.05753792  18.11893466
P1  18.15449553 -12.58950477  4.02642972
P2  20.10408615 -8.99755707  8.99755707
P2  20.11381823 -7.60315189  7.60315189
P1  18.15449553 -4.02642972  12.58950477
P2 -9.00827654  2.08253029 -20.09071633
P2 -7.62795927  3.47178569 -20.08915731
P1 -12.59399948  7.05753792 -18.11893466
P1 -12.60344244  12.60344244 -12.60344244
P1 -12.59399948  18.11893466 -7.05753792
P2 -9.00827654  20.09071633 -2.08253029
P2 -7.62795927  20.08915731 -3.47178569
P2 -3.58902429 -3.58902429 -20.23410874
P2 -3.58902429  20.23410874  3.58902429
P2  2.08253029 -9.00827654 -20.09071633
P2  3.47178569 -7.62795927 -20.08915731
P2  2.08253029  20.09071633  9.00827654
P2  3.47178569  20.08915731  7.62795927
P1  7.05753792 -12.59399948 -18.11893466
P1  7.05753792  18.11893466  12.59399948
P1  12.60344244 -12.60344244 -12.60344244
P1  12.60344244  12.60344244  12.60344244
P1  18.11893466 -12.59399948 -7.05753792
P2  20.09071633 -9.00827654 -2.08253029
P2  20.08915731 -7.62795927 -3.47178569
P2  20.23410874 -3.58902429  3.58902429
P2  20.09071633  2.08253029  9.00827654
P2  20.08915731  3.47178569  7.62795927
P1  18.11893466  7.05753792  12.59399948
P2 -3.47178569  7.62795927 -20.08915731
P2 -2.08253029  9.00827654 -20.09071633
P1 -7.05753792  12.59399948 -18.11893466
P2 -1.91177711  14.68044973 -14.68044973
P1 -7.05753792  18.11893466 -12.59399948
P2 -3.47178569  20.08915731 -7.62795927
P2 -2.08253029  20.09071633 -9.00827654
P1 -1.53155394  1.53155394 -23.70631017
P1  1.53155394 -1.53155394 -23.70631017
P2  3.58902429  3.58902429 -20.23410874
P2  3.58902429  20.23410874 -3.58902429
P1 -1.53155394  23.70631017 -1.53155394
P1  1.53155394  23.70631017  1.53155394
P2  7.62795927 -3.47178569 -20.08915731
P2  9.00827654 -2.08253029 -20.09071633
P2  7.62795927  20.08915731  3.47178569
P2  9.00827654  20.09071633  2.08253029
P1  12.59399948 -7.05753792 -18.11893466
P2  14.68044973 -1.91177711 -14.68044973
P2  14.68044973  14.68044973  1.91177711
P1  12.59399948  18.11893466  7.05753792
P1  18.11893466 -7.05753792 -12.59399948
P2  20.08915731 -3.47178569 -7.62795927
P2  20.09071633 -2.08253029 -9.00827654
P2  20.23410874  3.58902429 -3.58902429
P2  20.08915731  7.62795927  3.47178569
P2  20.09071633  9.00827654  2.08253029
P1  18.11893466  12.59399948  7.05753792
P1  23.70631017 -1.53155394 -1.53155394
P1  23.70631017  1.53155394  1.53155394
P2  7.60315189  7.60315189 -20.11381823
P2  8.99755707  8.99755707 -20.10408615
P1  4.02642972  12.58950477 -18.15449553
P2  9.12920389  14.65956258 -14.65956258
P1  4.02642972  18.15449553 -12.58950477
P2  7.60315189  20.11381823 -7.60315189
P2  8.99755707  20.10408615 -8.99755707
P1  12.58950477  4.02642972 -18.15449553
P2  14.65956258  9.12920389 -14.65956258
P2  14.65956258  14.65956258 -9.12920389
P1  12.58950477  18.15449553 -4.02642972
P1  18.15449553  4.02642972 -12.58950477
P2  20.11381823  7.60315189 -7.60315189
P2  20.10408615  8.99755707 -8.99755707
P1  18.15449553  12.58950477 -4.02642972
