0 -0.194298693078298 2.59994e-05
1 -0.194298693059669 2.8721e-05
2 -0.193806756760905 1.27698e-05
3 -0.193331596405734 1.50647e-05
4 -0.193331596314152 2.03605e-05
5 -0.19309813748843 1.0951e-05
6 -0.193098137443189 1.36342e-05
7 -0.193098137393786 2.12269e-05
8 -0.193018276611514 1.45162e-05
9 -0.193018276566422 5.69487e-06
10 -0.193018276540996 7.25072e-06
11 -0.19276220105454 1.66798e-05
12 -0.19276220103361 6.56708e-06
13 -0.192762201021967 6.68092e-06
14 -0.192536018691407 5.77052e-06
15 -0.192536018681576 4.01756e-06
16 -0.192536018673295 1.19268e-05
17 -0.192168521744844 7.05531e-06
18 -0.192168521730627 8.06464e-06
19 -0.192020944540025 4.84403e-06
20 -0.191894099914984 4.99382e-06
21 -0.19189409991248 3.33937e-06
22 -0.191783278710998 3.59877e-06
23 -0.191783278663362 7.11164e-06
24 -0.191783278648465 6.41267e-06
25 -0.191333163280274 3.04433e-06
26 -0.191333163205299 2.53562e-06
27 -0.191333163204075 3.26097e-06
28 -0.19131920977937 5.42062e-06
29 -0.191319209775096 5.29836e-06
30 -0.191319209771749 2.89445e-06
31 -0.190912742483527 2.47535e-06
32 -0.190739840202356 3.55953e-06
33 -0.190739840199111 1.32178e-06
34 -0.19073984011294 3.40514e-06
35 -0.190520163450925 2.81001e-06
36 -0.190520163449231 9.35074e-07
37 -0.190341292914057 1.77307e-06
38 -0.190341292901842 9.20705e-07
39 -0.190341292901679 6.77353e-07
40 -0.18983875126337 5.98272e-07
41 -0.189530419764221 7.07433e-07
42 -0.189530419753872 8.63436e-07
43 -0.189530419753696 5.44676e-07
44 -0.189509002489026 8.62037e-07
45 -0.18950900248881 1.01968e-06
46 -0.189509002468931 8.85425e-07
47 -0.18899849245452 5.91741e-07
48 -0.188998492454477 3.89484e-07
49 -0.188816749076681 6.42453e-07
50 -0.188353760886334 4.53928e-07
51 -0.188353760886284 5.56878e-07
52 -0.18835376088507 3.51058e-07
53 -0.188047519199672 3.71354e-07
54 -0.188047519199653 1.92241e-07
55 -0.188047519190113 3.1509e-07
56 -0.188039077360229 2.9405e-07
57 -0.188039077360212 1.69183e-07
58 -0.188039077337142 3.81538e-07
59 -0.187413508242412 2.42173e-07
60 -0.187413508242405 2.5185e-07
61 -0.187413508233692 1.44688e-07
62 -0.187010131980341 3.49225e-07
63 -0.187010131980332 1.79994e-07
64 -0.186518849298769 1.68093e-07
65 -0.186518849291363 2.30065e-07
66 -0.186518849291341 1.90191e-07
67 -0.185897641035317 1.53372e-07
68 -0.185897641023861 8.82744e-08
69 -0.185897641023849 1.23554e-08
70 -0.185449179846423 1.28833e-07
71 -0.185449179846412 8.65278e-08
72 -0.185449179832056 3.48469e-08
73 -0.185118430702145 1.666e-08
74 -0.185118430702135 5.31425e-08
75 -0.184598718757521 7.3757e-08
76 -0.184598718757512 4.3444e-08
77 -0.184598718739546 6.08147e-08
78 -0.184140534037813 3.01495e-08
79 -0.183647782036843 7.33797e-08
80 -0.183647782036835 5.8902e-09
81 -0.183345571976322 9.11745e-08
82 -0.183345571928442 1.00237e-07
83 -0.183345571928428 1.12717e-07
84 -0.182331765156383 9.09078e-08
85 -0.182331765156381 1.01305e-07
86 -0.182331765155178 1.15153e-07
87 -0.181910966290561 9.80679e-08
88 -0.181910966290551 1.02259e-07
89 -0.181910966285872 1.11323e-07
90 -0.1094785720426 6.65097e-08
91 -0.0998415319812845 1.06187e-08
92 -0.0998415319812817 8.8353e-09
93 -0.0998415319642421 1.71222e-08
94 -0.0908923007997124 1.29048e-08
95 -0.0908923007997071 2.95686e-08
96 -0.0908923006572985 6.45239e-09
97 -0.0900707018951782 2.01476e-08
98 -0.0900707018951728 3.95785e-08
99 -0.0888779172582423 5.27658e-08
100 -0.0887734429285826 7.98008e-08
101 -0.0887734429285769 5.03948e-08
102 -0.0887734427613964 5.26836e-08
103 -0.0869831616332301 2.05311e-06
104 -0.086983161633229 3.00233e-06
105 -0.0869831605964645 8.01288e-07
106 -0.0869308416026703 4.22108e-05
107 -0.0865985781029149 1.68224e-07
108 -0.0852456855377105 2.34577e-07
109 -0.0847699775407201 8.08643e-08
110 -0.0847699775407171 2.00232e-07
111 -0.0847699764573453 2.50553e-07
112 -0.0840446343781093 9.87861e-08
113 -0.0826094529026114 4.55121e-07
114 -0.0826094529026065 2.39924e-07
115 -0.0826094528330496 5.86494e-07
116 -0.0824322453376822 6.2968e-07
117 -0.0821027482253537 5.92902e-07
118 -0.0821027482253362 5.38297e-07
119 -0.0821027455038968 1.4967e-06
120 -0.081549571209578 8.09283e-07
121 -0.081549570856483 3.47385e-06
122 -0.0815495708564463 4.94726e-07
123 -0.0804134545420402 7.07098e-07
124 -0.0801428944898402 2.49642e-06
125 -0.0801428944893947 3.61911e-05
126 -0.0801428943416785 3.86464e-05
127 -0.0800824007694637 4.18545e-06
128 -0.0800824003674399 1.5855e-06
129 -0.0800824003659582 3.9757e-05
130 -0.0800356453831773 3.36442e-06
131 -0.0800356453822053 3.94004e-05
132 -0.0796959063525667 1.40298e-06
133 -0.0796959063516912 1.64913e-05
134 -0.0796959057021826 1.45555e-05
135 -0.0782179708199144 3.23204e-06
136 -0.0782179708185527 6.72805e-06
137 -0.0782179705331197 8.77451e-06
138 -0.0779157295446156 8.05161e-06
139 -0.0779157283392716 2.45127e-06
140 -0.0779157283352705 1.14927e-05
141 -0.0776461585141398 5.78314e-06
142 -0.0776461585045173 2.25232e-05
143 -0.0776461583670565 5.11314e-06
144 -0.0775053832358489 6.86442e-06
145 -0.0775053832315712 8.39167e-06
146 -0.077505383214476 2.47059e-05
147 -0.0774025761074207 9.04954e-06
148 -0.0774025760687449 1.65811e-05
149 -0.0773075847689314 8.35012e-06
