# Energy (eV)     Normalized_intensity
1.200000	0.000000
1.202750	0.000000
1.205500	0.000000
1.208250	0.000000
1.211000	0.000000
1.213750	0.000000
1.216500	0.000000
1.219250	0.000000
1.222000	0.000000
1.224750	0.000000
1.227500	0.000000
1.230250	0.000000
1.233000	0.000000
1.235750	0.000000
1.238500	0.000000
1.241250	0.000000
1.244000	0.000000
1.246750	0.000000
1.249500	0.000000
1.252250	0.000000
1.255000	0.000000
1.257750	0.000000
1.260500	0.000000
1.263250	0.000000
1.266000	0.000000
1.268750	0.000000
1.271500	0.000000
1.274250	0.000000
1.277000	0.000000
1.279750	0.000000
1.282500	0.000000
1.285250	0.000000
1.288000	0.000000
1.290750	0.000000
1.293500	0.000000
1.296250	0.000000
1.299000	0.000000
1.301750	0.000000
1.304500	0.000000
1.307250	0.000000
1.310000	0.000000
1.312750	0.000000
1.315500	0.000000
1.318250	0.000000
1.321000	0.000000
1.323750	0.000000
1.326500	0.000000
1.329250	0.000000
1.332000	0.000000
1.334750	0.000000
1.337500	0.000000
1.340250	0.000000
1.343000	0.000000
1.345750	0.000000
1.348500	0.000000
1.351250	0.000000
1.354000	0.000000
1.356750	0.000000
1.359500	0.000000
1.362250	0.000000
1.365000	0.000000
1.367750	0.000000
1.370500	0.000000
1.373250	0.000000
1.376000	0.000000
1.378750	0.000000
1.381500	0.000000
1.384250	0.000000
1.387000	0.000000
1.389750	0.000000
1.392500	0.000000
1.395250	0.000000
1.398000	0.000000
1.400750	0.000000
1.403500	0.000000
1.406250	0.000000
1.409000	0.000000
1.411750	0.000000
1.414500	0.000000
1.417250	0.000000
1.420000	0.000000
1.422750	0.000000
1.425500	0.000000
1.428250	0.000000
1.431000	0.000000
1.433750	0.000000
1.436500	0.000000
1.439250	0.000000
1.442000	0.000000
1.444750	0.000000
1.447500	0.000000
1.450250	0.000000
1.453000	0.000000
1.455750	0.000000
1.458500	0.000000
1.461250	0.000000
1.464000	0.000000
1.466750	0.000000
1.469500	0.000000
1.472250	0.000000
1.475000	0.000000
1.477750	0.000000
1.480500	0.000000
1.483250	0.000000
1.486000	0.000000
1.488750	0.000000
1.491500	0.000000
1.494250	0.000000
1.497000	0.000001
1.499750	0.000001
1.502500	0.000001
1.505250	0.000001
1.508000	0.000001
1.510750	0.000002
1.513500	0.000002
1.516250	0.000003
1.519000	0.000003
1.521750	0.000004
1.524500	0.000005
1.527250	0.000007
1.530000	0.000008
1.532750	0.000010
1.535500	0.000013
1.538250	0.000016
1.541000	0.000019
1.543750	0.000024
1.546500	0.000029
1.549250	0.000036
1.552000	0.000044
1.554750	0.000054
1.557500	0.000066
1.560250	0.000080
1.563000	0.000097
1.565750	0.000117
1.568500	0.000141
1.571250	0.000170
1.574000	0.000205
1.576750	0.000246
1.579500	0.000295
1.582250	0.000353
1.585000	0.000422
1.587750	0.000502
1.590500	0.000597
1.593250	0.000709
1.596000	0.000839
1.598750	0.000992
1.601500	0.001170
1.604250	0.001377
1.607000	0.001618
1.609750	0.001897
1.612500	0.002219
1.615250	0.002592
1.618000	0.003020
1.620750	0.003513
1.623500	0.004077
1.626250	0.004723
1.629000	0.005460
1.631750	0.006299
1.634500	0.007253
1.637250	0.008334
1.640000	0.009557
1.642750	0.010938
1.645500	0.012493
1.648250	0.014241
1.651000	0.016200
1.653750	0.018393
1.656500	0.020839
1.659250	0.023564
1.662000	0.026592
1.664750	0.029949
1.667500	0.033662
1.670250	0.037760
1.673000	0.042271
1.675750	0.047226
1.678500	0.052657
1.681250	0.058595
1.684000	0.065072
1.686750	0.072121
1.689500	0.079774
1.692250	0.088062
1.695000	0.097017
1.697750	0.106669
1.700500	0.117048
1.703250	0.128181
1.706000	0.140093
1.708750	0.152807
1.711500	0.166344
1.714250	0.180719
1.717000	0.195948
1.719750	0.212037
1.722500	0.228992
1.725250	0.246813
1.728000	0.265494
1.730750	0.285024
1.733500	0.305386
1.736250	0.326556
1.739000	0.348504
1.741750	0.371194
1.744500	0.394582
1.747250	0.418619
1.750000	0.443248
1.752750	0.468404
1.755500	0.494016
1.758250	0.520009
1.761000	0.546298
1.763750	0.572794
1.766500	0.599404
1.769250	0.626027
1.772000	0.652559
1.774750	0.678894
1.777500	0.704920
1.780250	0.730525
1.783000	0.755595
1.785750	0.780014
1.788500	0.803668
1.791250	0.826445
1.794000	0.848231
1.796750	0.868921
1.799500	0.888408
1.802250	0.906594
1.805000	0.923384
1.807750	0.938692
1.810500	0.952438
1.813250	0.964549
1.816000	0.974962
1.818750	0.983622
1.821500	0.990486
1.824250	0.995517
1.827000	0.998693
1.829750	1.000000
1.832500	0.999434
1.835250	0.997002
1.838000	0.992724
1.840750	0.986626
1.843500	0.978748
1.846250	0.969136
1.849000	0.957849
1.851750	0.944952
1.854500	0.930517
1.857250	0.914626
1.860000	0.897366
1.862750	0.878829
1.865500	0.859114
1.868250	0.838322
1.871000	0.816558
1.873750	0.793929
1.876500	0.770544
1.879250	0.746512
1.882000	0.721942
1.884750	0.696942
1.887500	0.671619
1.890250	0.646075
1.893000	0.620413
1.895750	0.594728
1.898500	0.569113
1.901250	0.543657
1.904000	0.518442
1.906750	0.493547
1.909500	0.469041
1.912250	0.444993
1.915000	0.421460
1.917750	0.398498
1.920500	0.376152
1.923250	0.354466
1.926000	0.333474
1.928750	0.313205
1.931500	0.293684
1.934250	0.274929
1.937000	0.256952
1.939750	0.239762
1.942500	0.223362
1.945250	0.207752
1.948000	0.192926
1.950750	0.178875
1.953500	0.165589
1.956250	0.153052
1.959000	0.141246
1.961750	0.130151
1.964500	0.119747
1.967250	0.110009
1.970000	0.100913
1.972750	0.092434
1.975500	0.084543
1.978250	0.077215
1.981000	0.070423
1.983750	0.064137
1.986500	0.058332
1.989250	0.052980
1.992000	0.048055
1.994750	0.043529
1.997500	0.039379
2.000250	0.035579
2.003000	0.032106
2.005750	0.028936
2.008500	0.026048
2.011250	0.023420
2.014000	0.021034
2.016750	0.018870
2.019500	0.016911
2.022250	0.015139
2.025000	0.013539
2.027750	0.012097
2.030500	0.010798
2.033250	0.009630
2.036000	0.008581
2.038750	0.007641
2.041500	0.006798
2.044250	0.006044
2.047000	0.005371
2.049750	0.004769
2.052500	0.004233
2.055250	0.003755
2.058000	0.003330
2.060750	0.002952
2.063500	0.002616
2.066250	0.002318
2.069000	0.002054
2.071750	0.001819
2.074500	0.001612
2.077250	0.001428
2.080000	0.001266
2.082750	0.001122
2.085500	0.000995
2.088250	0.000883
2.091000	0.000784
2.093750	0.000696
2.096500	0.000619
2.099250	0.000551
2.102000	0.000491
2.104750	0.000437
2.107500	0.000391
2.110250	0.000349
2.113000	0.000313
2.115750	0.000280
2.118500	0.000252
2.121250	0.000227
2.124000	0.000204
2.126750	0.000184
2.129500	0.000167
2.132250	0.000151
2.135000	0.000138
2.137750	0.000125
2.140500	0.000115
2.143250	0.000105
2.146000	0.000096
2.148750	0.000088
2.151500	0.000082
2.154250	0.000075
2.157000	0.000070
2.159750	0.000065
2.162500	0.000060
2.165250	0.000056
2.168000	0.000053
2.170750	0.000049
2.173500	0.000046
2.176250	0.000044
2.179000	0.000041
2.181750	0.000039
2.184500	0.000037
2.187250	0.000035
2.190000	0.000033
2.192750	0.000031
2.195500	0.000030
2.198250	0.000028
2.201000	0.000027
2.203750	0.000026
2.206500	0.000025
2.209250	0.000023
2.212000	0.000022
2.214750	0.000021
2.217500	0.000020
2.220250	0.000020
2.223000	0.000019
2.225750	0.000018
2.228500	0.000017
2.231250	0.000016
2.234000	0.000016
2.236750	0.000015
2.239500	0.000014
2.242250	0.000014
2.245000	0.000013
2.247750	0.000013
2.250500	0.000012
2.253250	0.000012
2.256000	0.000011
2.258750	0.000011
2.261500	0.000010
2.264250	0.000010
2.267000	0.000009
2.269750	0.000009
2.272500	0.000009
2.275250	0.000008
2.278000	0.000008
2.280750	0.000007
2.283500	0.000007
2.286250	0.000007
2.289000	0.000006
2.291750	0.000006
2.294500	0.000006
2.297250	0.000006
2.300000	0.000005
2.302750	0.000005
2.305500	0.000005
2.308250	0.000005
2.311000	0.000004
2.313750	0.000004
2.316500	0.000004
2.319250	0.000004
2.322000	0.000004
2.324750	0.000003
2.327500	0.000003
2.330250	0.000003
2.333000	0.000003
2.335750	0.000003
2.338500	0.000003
2.341250	0.000002
2.344000	0.000002
2.346750	0.000002
2.349500	0.000002
2.352250	0.000002
2.355000	0.000002
2.357750	0.000002
2.360500	0.000002
2.363250	0.000001
2.366000	0.000001
2.368750	0.000001
2.371500	0.000001
2.374250	0.000001
2.377000	0.000001
2.379750	0.000001
2.382500	0.000001
2.385250	0.000001
2.388000	0.000001
2.390750	0.000001
2.393500	0.000001
2.396250	0.000001
2.399000	0.000001
2.401750	0.000001
2.404500	0.000001
2.407250	0.000001
2.410000	0.000000
2.412750	0.000000
2.415500	0.000000
2.418250	0.000000
2.421000	0.000000
2.423750	0.000000
2.426500	0.000000
2.429250	0.000000
2.432000	0.000000
2.434750	0.000000
2.437500	0.000000
2.440250	0.000000
2.443000	0.000000
2.445750	0.000000
2.448500	0.000000
2.451250	0.000000
2.454000	0.000000
2.456750	0.000000
2.459500	0.000000
2.462250	0.000000
2.465000	0.000000
2.467750	0.000000
2.470500	0.000000
2.473250	0.000000
2.476000	0.000000
2.478750	0.000000
2.481500	0.000000
2.484250	0.000000
2.487000	0.000000
2.489750	0.000000
2.492500	0.000000
2.495250	0.000000
2.498000	0.000000
2.500750	0.000000
2.503500	0.000000
2.506250	0.000000
2.509000	0.000000
2.511750	0.000000
2.514500	0.000000
2.517250	0.000000
2.520000	0.000000
2.522750	0.000000
2.525500	0.000000
2.528250	0.000000
2.531000	0.000000
2.533750	0.000000
2.536500	0.000000
2.539250	0.000000
2.542000	0.000000
2.544750	0.000000
2.547500	0.000000
2.550250	0.000000
2.553000	0.000000
2.555750	0.000000
2.558500	0.000000
2.561250	0.000000
2.564000	0.000000
2.566750	0.000000
2.569500	0.000000
2.572250	0.000000
2.575000	0.000000
2.577750	0.000000
2.580500	0.000000
2.583250	0.000000
2.586000	0.000000
2.588750	0.000000
2.591500	0.000000
2.594250	0.000000
2.597000	0.000000
2.599750	0.000000
2.602500	0.000000
2.605250	0.000000
2.608000	0.000000
2.610750	0.000000
2.613500	0.000000
2.616250	0.000000
2.619000	0.000000
2.621750	0.000000
2.624500	0.000000
2.627250	0.000000
2.630000	0.000000
2.632750	0.000000
2.635500	0.000000
2.638250	0.000000
2.641000	0.000000
2.643750	0.000000
2.646500	0.000000
2.649250	0.000000
2.652000	0.000000
2.654750	0.000000
2.657500	0.000000
2.660250	0.000000
2.663000	0.000000
2.665750	0.000000
2.668500	0.000000
2.671250	0.000000
2.674000	0.000000
2.676750	0.000000
2.679500	0.000000
2.682250	0.000000
2.685000	0.000000
2.687750	0.000000
2.690500	0.000000
2.693250	0.000000
2.696000	0.000000
2.698750	0.000000
2.701500	0.000000
2.704250	0.000000
2.707000	0.000000
2.709750	0.000000
2.712500	0.000000
2.715250	0.000000
2.718000	0.000000
2.720750	0.000000
2.723500	0.000000
2.726250	0.000000
2.729000	0.000000
2.731750	0.000000
2.734500	0.000000
2.737250	0.000000
2.740000	0.000000
2.742750	0.000000
2.745500	0.000000
2.748250	0.000000
2.751000	0.000000
2.753750	0.000000
2.756500	0.000000
2.759250	0.000000
2.762000	0.000000
2.764750	0.000000
2.767500	0.000000
2.770250	0.000000
2.773000	0.000000
2.775750	0.000000
2.778500	0.000000
2.781250	0.000000
2.784000	0.000000
2.786750	0.000000
2.789500	0.000000
2.792250	0.000000
2.795000	0.000000
2.797750	0.000000
2.800500	0.000000
2.803250	0.000000
2.806000	0.000000
2.808750	0.000000
2.811500	0.000000
2.814250	0.000000
2.817000	0.000000
2.819750	0.000000
2.822500	0.000000
2.825250	0.000000
2.828000	0.000000
2.830750	0.000000
2.833500	0.000000
2.836250	0.000000
2.839000	0.000000
2.841750	0.000000
2.844500	0.000000
2.847250	0.000000
2.850000	0.000000
2.852750	0.000000
2.855500	0.000000
2.858250	0.000000
2.861000	0.000000
2.863750	0.000000
2.866500	0.000000
2.869250	0.000000
2.872000	0.000000
2.874750	0.000000
2.877500	0.000000
2.880250	0.000000
2.883000	0.000000
2.885750	0.000000
2.888500	0.000000
2.891250	0.000000
2.894000	0.000000
2.896750	0.000000
2.899500	0.000000
2.902250	0.000000
2.905000	0.000000
2.907750	0.000000
2.910500	0.000000
2.913250	0.000000
2.916000	0.000000
2.918750	0.000000
2.921500	0.000000
2.924250	0.000000
2.927000	0.000000
2.929750	0.000000
2.932500	0.000000
2.935250	0.000000
2.938000	0.000000
2.940750	0.000000
2.943500	0.000000
2.946250	0.000000
2.949000	0.000000
2.951750	0.000000
2.954500	0.000000
2.957250	0.000000
2.960000	0.000000
2.962750	0.000000
2.965500	0.000000
2.968250	0.000000
2.971000	0.000000
2.973750	0.000000
2.976500	0.000000
2.979250	0.000000
2.982000	0.000000
2.984750	0.000000
2.987500	0.000000
2.990250	0.000000
2.993000	0.000000
2.995750	0.000000
2.998500	0.000000
3.001250	0.000000
3.004000	0.000000
3.006750	0.000000
3.009500	0.000000
3.012250	0.000000
3.015000	0.000000
3.017750	0.000000
3.020500	0.000000
3.023250	0.000000
3.026000	0.000000
3.028750	0.000000
3.031500	0.000000
3.034250	0.000000
3.037000	0.000000
3.039750	0.000000
3.042500	0.000000
3.045250	0.000000
3.048000	0.000000
3.050750	0.000000
3.053500	0.000000
3.056250	0.000000
3.059000	0.000000
3.061750	0.000000
3.064500	0.000000
3.067250	0.000000
3.070000	0.000000
3.072750	0.000000
3.075500	0.000000
3.078250	0.000000
3.081000	0.000000
3.083750	0.000000
3.086500	0.000000
3.089250	0.000000
3.092000	0.000000
3.094750	0.000000
3.097500	0.000000
