0 -0.225405484523226 0.00131403
1 -0.225405380334909 0.00107529
2 -0.225294189325811 0.00215737
3 -0.22529415760732 0.00471693
4 -0.225294095264573 0.00144803
5 -0.224956983012756 0.00406752
6 -0.224956631245955 0.000813005
7 -0.224956547959872 0.00104152
8 -0.224244245131321 0.000743913
9 -0.224244162776472 0.000613059
10 -0.224125797016006 0.00107461
11 -0.223594352289207 0.00134962
12 -0.223594295348358 0.000409957
13 -0.223594264043037 0.000257846
14 -0.22189157386996 0.000236582
15 -0.221854959469324 0.000280494
16 -0.221854952841193 0.000267628
17 -0.221854951888588 7.10306e-05
18 -0.221550458343737 0.000263632
19 -0.221550455827817 3.71028e-05
20 -0.220275317575807 0.000204692
21 -0.220275317230141 4.27053e-05
22 -0.218729548493962 3.86896e-05
23 -0.218729548461745 2.47731e-05
24 -0.218729548419948 0.000117463
25 -0.21795201134706 1.27732e-05
26 -0.217904286252749 1.74873e-05
27 -0.217904286246741 1.09958e-05
28 -0.217904286244124 1.15416e-05
29 -0.217606376605676 7.53632e-06
30 -0.217592501779539 1.61868e-05
31 -0.217592501774788 7.94416e-06
32 -0.217592501769761 4.33999e-06
33 -0.216717378926654 1.15637e-05
34 -0.216717378912147 4.68821e-06
35 -0.215862882496437 2.40204e-06
36 -0.215596220977817 2.68206e-06
37 -0.215596220976971 2.42054e-06
38 -0.215596220976463 3.34092e-06
39 -0.215028777411509 3.49917e-06
40 -0.215028777409931 2.73413e-06
41 -0.215028777409662 1.09821e-06
42 -0.214780341367763 2.15723e-06
43 -0.214780341367163 1.60595e-06
44 -0.214780341361443 1.58484e-06
45 -0.213887692570526 1.22057e-06
46 -0.213887692570175 2.9504e-07
47 -0.212912148390853 7.44751e-07
48 -0.212912148386656 8.31666e-07
49 -0.212912148386602 2.43088e-07
50 -0.210543624126641 4.12247e-07
51 -0.210543624126634 1.18157e-07
52 -0.210543624126106 1.3596e-07
53 -0.210327576120972 1.47184e-07
54 -0.21032757612097 6.59597e-08
55 -0.210327576117668 1.14488e-07
56 -0.210254315059449 1.04971e-07
57 -0.210254315057335 1.0103e-07
58 -0.210254315057331 1.32051e-07
59 -0.209342888196753 2.17204e-07
60 -0.209342888195843 2.15585e-07
61 -0.20934288819584 1.55907e-07
62 -0.205903604689844 9.79263e-08
63 -0.205903604689844 9.18947e-08
64 -0.204786428663364 7.36157e-08
65 -0.204786428663358 1.07422e-07
66 -0.204786428662565 8.96395e-08
67 -0.203572092881491 9.88431e-08
68 -0.203572092881489 7.90692e-08
69 -0.202337235026447 9.24968e-08
70 -0.202337235026443 8.84315e-08
71 -0.202337235020714 1.00721e-07
72 -0.200584281097924 6.32751e-08
73 -0.200584281097191 6.90436e-08
74 -0.20058428109719 5.6803e-08
75 -0.200350532467127 6.25028e-08
76 -0.198056051736815 4.13155e-08
77 -0.198056051736331 5.86659e-08
78 -0.19805605173633 5.03259e-08
79 -0.194464944235438 2.78775e-08
80 -0.194464944235435 4.08934e-08
81 -0.194092389418398 7.00909e-08
82 -0.194092389418396 5.8725e-08
83 -0.194092389417494 6.55905e-08
84 -0.191114218650048 3.46472e-08
85 -0.191114218645838 4.37623e-08
86 -0.191114218645834 2.95686e-08
87 -0.19063627026114 6.77757e-08
88 -0.190636270261135 6.8943e-08
89 -0.190636270260892 5.90785e-08
90 -0.0960587351307573 9.67859e-09
91 -0.0872614316371779 1.29718e-08
92 -0.087261431571404 2.26409e-08
93 -0.0872614315714028 1.3367e-08
94 -0.0853449430425112 1.65556e-08
95 -0.0818882565416906 2.46405e-09
96 -0.0811500821620238 8.63673e-09
97 -0.0811500821620219 1.2143e-08
98 -0.0806779651633732 6.78013e-09
99 -0.0800804188814971 2.71205e-08
100 -0.0800804188289256 1.73985e-08
101 -0.0800804188289245 1.13682e-08
102 -0.0783202290319543 8.96201e-08
103 -0.0783202290026136 8.27254e-08
104 -0.0783202290026115 9.05684e-08
105 -0.0761921796780626 8.47504e-08
106 -0.0761921796520771 9.66783e-08
107 -0.0761921796520651 1.27186e-07
108 -0.074669479524204 1.76227e-07
109 -0.0733131550472721 7.59399e-07
110 -0.0733131549509359 1.07211e-06
111 -0.0733131549509312 1.27124e-06
112 -0.0690005060854581 6.92341e-06
113 -0.0690005060444846 4.0454e-06
114 -0.0690005060427504 3.69866e-06
115 -0.0675686698078826 8.40098e-05
116 -0.0675686697989843 1.60615e-05
117 -0.06756866978769 5.51243e-05
118 -0.0675195776180973 1.09669e-05
119 -0.0675195776095265 1.70553e-05
120 -0.0675195775830392 4.29122e-05
121 -0.0667607671344403 2.91113e-05
122 -0.0667607669503129 0.000627539
123 -0.0655927980726854 2.67097e-05
124 -0.0655927979731155 7.07853e-05
125 -0.0655927976844902 0.000161476
126 -0.0653281562755 9.48195e-05
127 -0.0648274172514594 0.000144625
128 -0.0648274159592417 0.000196594
129 -0.0641188253280705 8.59687e-05
130 -0.0641188252606465 0.000137761
131 -0.064118820714532 0.000282852
132 -0.0639045618228549 0.000255555
133 -0.0618547432272887 0.000346672
134 -0.0618547330113333 0.000775394
135 -0.0618545596536904 0.00183933
136 -0.0617431455938145 0.000462397
137 -0.0617430733096195 0.00146608
138 -0.0602416375218604 0.00490033
139 -0.0602408298806781 0.00458465
140 -0.0594899239518666 0.00464229
141 -0.0594863947390115 0.00472548
