489
As -18.71851070 -8.00748711  2.66827420
Ga -21.40587114 -5.33968534  5.33968534
As -18.71851070 -2.66827420  8.00748711
As -13.36348079 -13.36348079  2.66704588
Ga -16.04152487 -10.68689179  5.33815466
As -13.36669332 -8.01578301  8.01578301
Ga -16.04152487 -5.33815466  10.68689179
As -13.36348079 -2.66704588  13.36348079
As -8.00748711 -18.71851070  2.66827420
Ga -10.68689179 -16.04152487  5.33815466
As -8.01578301 -13.36669332  8.01578301
Ga -10.68772327 -10.68772327  10.68772327
As -8.01578301 -8.01578301  13.36669332
Ga -10.68689179 -5.33815466  16.04152487
As -8.00748711 -2.66827420  18.71851070
Ga -5.33968534 -21.40587114  5.33968534
As -2.66827420 -18.71851070  8.00748711
Ga -5.33815466 -16.04152487  10.68689179
As -2.66704588 -13.36348079  13.36348079
Ga -5.33815466 -10.68689179  16.04152487
As -2.66827420 -8.00748711  18.71851070
Ga -5.33968534 -5.33968534  21.40587114
As -18.71493912 -8.01100200 -8.01100200
Ga -21.39774531 -5.34395612 -5.34395612
As -18.71463677 -2.67392448 -2.67392448
Ga -21.38168264  0.00000000  0.00000000
As -18.71463677  2.67392448  2.67392448
Ga -21.39774531  5.34395612  5.34395612
As -18.71493912  8.01100200  8.01100200
As -13.36669332 -13.36669332 -8.01313739
Ga -16.04042883 -10.68863034 -5.33832474
As -13.36416109 -8.01631213 -2.67103320
Ga -16.03895484 -5.34212309 -0.00143843
As -13.36476580 -2.67161901  2.67161901
Ga -16.03895484  0.00143843  5.34212309
As -13.36416109  2.67103320  8.01631213
Ga -16.04042883  5.33832474  10.68863034
As -13.36669332  8.01313739  13.36669332
As -8.01100200 -18.71493912 -8.01100200
Ga -10.68863034 -16.04042883 -5.33832474
As -8.01631213 -13.36416109 -2.67103320
Ga -10.68989646 -10.68989646 -0.00119314
As -8.01808847 -8.01808847  2.67277175
Ga -10.69152162 -5.34439076  5.34439076
As -8.01808847 -2.67277175  8.01808847
Ga -10.68989646  0.00119314  10.68989646
As -8.01631213  2.67103320  13.36416109
Ga -10.68863034  5.33832474  16.04042883
As -8.01100200  8.01100200  18.71493912
Ga -5.34395612 -21.39774531 -5.34395612
As -2.67392448 -18.71463677 -2.67392448
Ga -5.34212309 -16.03895484 -0.00143843
As -2.67161901 -13.36476580  2.67161901
Ga -5.34439076 -10.69152162  5.34439076
As -2.67277175 -8.01808847  8.01808847
Ga -5.34439076 -5.34439076  10.69152162
As -2.67161901 -2.67161901  13.36476580
Ga -5.34212309  0.00143843  16.03895484
As -2.67392448  2.67392448  18.71463677
Ga -5.34395612  5.34395612  21.39774531
Ga -0.00000000 -21.38168264 -0.00000000
As  2.67392448 -18.71463677  2.67392448
Ga  0.00143843 -16.03895484  5.34212309
As  2.67103320 -13.36416109  8.01631213
Ga  0.00119314 -10.68989646  10.68989646
As  2.67103320 -8.01631213  13.36416109
Ga  0.00143843 -5.34212309  16.03895484
As  2.67392448 -2.67392448  18.71463677
Ga -0.00000000  0.00000000  21.38168264
Ga  5.34395612 -21.39774531  5.34395612
As  8.01100200 -18.71493912  8.01100200
Ga  5.33832474 -16.04042883  10.68863034
As  8.01313739 -13.36669332  13.36669332
Ga  5.33832474 -10.68863034  16.04042883
As  8.01100200 -8.01100200  18.71493912
Ga  5.34395612 -5.34395612  21.39774531
As -18.71851070  2.66827420 -8.00748711
Ga -21.40587114  5.33968534 -5.33968534
As -18.71851070  8.00748711 -2.66827420
As -13.36669332 -8.01313739 -13.36669332
Ga -16.04042883 -5.33832474 -10.68863034
As -13.36416109 -2.67103320 -8.01631213
Ga -16.03895484 -0.00143843 -5.34212309
As -13.36476580  2.67161901 -2.67161901
Ga -16.03895484  5.34212309  0.00143843
As -13.36416109  8.01631213  2.67103320
Ga -16.04042883  10.68863034  5.33832474
As -13.36669332  13.36669332  8.01313739
As -8.01313739 -13.36669332 -13.36669332
Ga -10.69365701 -10.69365701 -10.69365701
As -8.01990261 -8.01990261 -8.01990261
Ga -10.69184288 -5.34614821 -5.34614821
As -8.01848531 -2.67316859 -2.67316859
Ga -10.69093581  0.00000000  0.00000000
As -8.01848531  2.67316859  2.67316859
Ga -10.69184288  5.34614821  5.34614821
As -8.01990261  8.01990261  8.01990261
Ga -10.69365701  10.69365701  10.69365701
As -8.01313739  13.36669332  13.36669332
Ga -5.33832474 -16.04042883 -10.68863034
As -2.67103320 -13.36416109 -8.01631213
Ga -5.34614821 -10.69184288 -5.34614821
As -2.67316859 -8.01848531 -2.67316859
Ga -5.34561908 -5.34561908 -0.00018532
As -2.67269616 -2.67269616  2.67269616
Ga -5.34561908  0.00018532  5.34561908
As -2.67316859  2.67316859  8.01848531
Ga -5.34614821  5.34614821  10.69184288
As -2.67103320  8.01631213  13.36416109
Ga -5.33832474  10.68863034  16.04042883
As  2.66827420 -18.71851070 -8.00748711
Ga -0.00143843 -16.03895484 -5.34212309
As  2.67161901 -13.36476580 -2.67161901
Ga -0.00000000 -10.69093581  0.00000000
As  2.67316859 -8.01848531  2.67316859
Ga  0.00018532 -5.34561908  5.34561908
As  2.67316859 -2.67316859  8.01848531
Ga -0.00000000  0.00000000  10.69093581
As  2.67161901  2.67161901  13.36476580
Ga -0.00143843  5.34212309  16.03895484
As  2.66827420  8.00748711  18.71851070
Ga  5.33968534 -21.40587114 -5.33968534
As  8.00748711 -18.71851070 -2.66827420
Ga  5.34212309 -16.03895484  0.00143843
As  8.01631213 -13.36416109  2.67103320
Ga  5.34614821 -10.69184288  5.34614821
As  8.01990261 -8.01990261  8.01990261
Ga  5.34614821 -5.34614821  10.69184288
As  8.01631213 -2.67103320  13.36416109
Ga  5.34212309 -0.00143843  16.03895484
As  8.00748711  2.66827420  18.71851070
Ga  5.33968534  5.33968534  21.40587114
Ga  10.68863034 -16.04042883  5.33832474
As  13.36669332 -13.36669332  8.01313739
Ga  10.69365701 -10.69365701  10.69365701
As  13.36669332 -8.01313739  13.36669332
Ga  10.68863034 -5.33832474  16.04042883
As -13.36348079  2.66704588 -13.36348079
Ga -16.04152487  5.33815466 -10.68689179
As -13.36669332  8.01578301 -8.01578301
Ga -16.04152487  10.68689179 -5.33815466
As -13.36348079  13.36348079 -2.66704588
As -8.01100200 -8.01100200 -18.71493912
Ga -10.68863034 -5.33832474 -16.04042883
As -8.01631213 -2.67103320 -13.36416109
Ga -10.68989646 -0.00119314 -10.68989646
As -8.01808847  2.67277175 -8.01808847
Ga -10.69152162  5.34439076 -5.34439076
As -8.01808847  8.01808847 -2.67277175
Ga -10.68989646  10.68989646  0.00119314
As -8.01631213  13.36416109  2.67103320
Ga -10.68863034  16.04042883  5.33832474
As -8.01100200  18.71493912  8.01100200
Ga -5.33832474 -10.68863034 -16.04042883
As -2.67103320 -8.01631213 -13.36416109
Ga -5.34614821 -5.34614821 -10.69184288
As -2.67316859 -2.67316859 -8.01848531
Ga -5.34561908 -0.00018532 -5.34561908
As -2.67269616  2.67269616 -2.67269616
Ga -5.34561908  5.34561908  0.00018532
As -2.67316859  8.01848531  2.67316859
Ga -5.34614821  10.69184288  5.34614821
As -2.67103320  13.36416109  8.01631213
Ga -5.33832474  16.04042883  10.68863034
As  2.66704588 -13.36348079 -13.36348079
Ga -0.00119314 -10.68989646 -10.68989646
As  2.67277175 -8.01808847 -8.01808847
Ga -0.00018532 -5.34561908 -5.34561908
As  2.67269616 -2.67269616 -2.67269616
Ga -0.00000000  0.00000000  0.00000000
As  2.67269616  2.67269616  2.67269616
Ga -0.00018532  5.34561908  5.34561908
As  2.67277175  8.01808847  8.01808847
Ga -0.00119314  10.68989646  10.68989646
As  2.66704588  13.36348079  13.36348079
Ga  5.33815466 -16.04152487 -10.68689179
As  8.01578301 -13.36669332 -8.01578301
Ga  5.34439076 -10.69152162 -5.34439076
As  8.01808847 -8.01808847 -2.67277175
Ga  5.34561908 -5.34561908  0.00018532
As  8.01848531 -2.67316859  2.67316859
Ga  5.34561908 -0.00018532  5.34561908
As  8.01808847  2.67277175  8.01808847
Ga  5.34439076  5.34439076  10.69152162
As  8.01578301  8.01578301  13.36669332
Ga  5.33815466  10.68689179  16.04152487
Ga  10.68689179 -16.04152487 -5.33815466
As  13.36348079 -13.36348079 -2.66704588
Ga  10.68989646 -10.68989646  0.00119314
As  13.36416109 -8.01631213  2.67103320
Ga  10.69184288 -5.34614821  5.34614821
As  13.36416109 -2.67103320  8.01631213
Ga  10.68989646 -0.00119314  10.68989646
As  13.36348079  2.66704588  13.36348079
Ga  10.68689179  5.33815466  16.04152487
Ga  16.04042883 -10.68863034  5.33832474
As  18.71493912 -8.01100200  8.01100200
Ga  16.04042883 -5.33832474  10.68863034
As -8.00748711  2.66827420 -18.71851070
Ga -10.68689179  5.33815466 -16.04152487
As -8.01578301  8.01578301 -13.36669332
Ga -10.68772327  10.68772327 -10.68772327
As -8.01578301  13.36669332 -8.01578301
Ga -10.68689179  16.04152487 -5.33815466
As -8.00748711  18.71851070 -2.66827420
Ga -5.34395612 -5.34395612 -21.39774531
As -2.67392448 -2.67392448 -18.71463677
Ga -5.34212309 -0.00143843 -16.03895484
As -2.67161901  2.67161901 -13.36476580
Ga -5.34439076  5.34439076 -10.69152162
As -2.67277175  8.01808847 -8.01808847
Ga -5.34439076  10.69152162 -5.34439076
As -2.67161901  13.36476580 -2.67161901
Ga -5.34212309  16.03895484  0.00143843
As -2.67392448  18.71463677  2.67392448
Ga -5.34395612  21.39774531  5.34395612
As  2.66827420 -8.00748711 -18.71851070
Ga -0.00143843 -5.34212309 -16.03895484
As  2.67161901 -2.67161901 -13.36476580
Ga -0.00000000 -0.00000000 -10.69093581
As  2.67316859  2.67316859 -8.01848531
Ga  0.00018532  5.34561908 -5.34561908
As  2.67316859  8.01848531 -2.67316859
Ga -0.00000000  10.69093581  0.00000000
As  2.67161901  13.36476580  2.67161901
Ga -0.00143843  16.03895484  5.34212309
As  2.66827420  18.71851070  8.00748711
Ga  5.33815466 -10.68689179 -16.04152487
As  8.01578301 -8.01578301 -13.36669332
Ga  5.34439076 -5.34439076 -10.69152162
As  8.01808847 -2.67277175 -8.01808847
Ga  5.34561908  0.00018532 -5.34561908
As  8.01848531  2.67316859 -2.67316859
Ga  5.34561908  5.34561908 -0.00018532
As  8.01808847  8.01808847  2.67277175
Ga  5.34439076  10.69152162  5.34439076
As  8.01578301  13.36669332  8.01578301
Ga  5.33815466  16.04152487  10.68689179
Ga  10.68772327 -10.68772327 -10.68772327
As  13.36669332 -8.01578301 -8.01578301
Ga  10.69152162 -5.34439076 -5.34439076
As  13.36476580 -2.67161901 -2.67161901
Ga  10.69093581  0.00000000 -0.00000000
As  13.36476580  2.67161901  2.67161901
Ga  10.69152162  5.34439076  5.34439076
As  13.36669332  8.01578301  8.01578301
Ga  10.68772327  10.68772327  10.68772327
Ga  16.04152487 -10.68689179 -5.33815466
As  18.71851070 -8.00748711 -2.66827420
Ga  16.03895484 -5.34212309  0.00143843
As  18.71463677 -2.67392448  2.67392448
Ga  16.03895484 -0.00143843  5.34212309
As  18.71851070  2.66827420  8.00748711
Ga  16.04152487  5.33815466  10.68689179
Ga  21.39774531 -5.34395612  5.34395612
Ga -5.33968534  5.33968534 -21.40587114
As -2.66827420  8.00748711 -18.71851070
Ga -5.33815466  10.68689179 -16.04152487
As -2.66704588  13.36348079 -13.36348079
Ga -5.33815466  16.04152487 -10.68689179
As -2.66827420  18.71851070 -8.00748711
Ga -5.33968534  21.40587114 -5.33968534
Ga  0.00000000 -0.00000000 -21.38168264
As  2.67392448  2.67392448 -18.71463677
Ga  0.00143843  5.34212309 -16.03895484
As  2.67103320  8.01631213 -13.36416109
Ga  0.00119314  10.68989646 -10.68989646
As  2.67103320  13.36416109 -8.01631213
Ga  0.00143843  16.03895484 -5.34212309
As  2.67392448  18.71463677 -2.67392448
Ga  0.00000000  21.38168264 -0.00000000
Ga  5.33968534 -5.33968534 -21.40587114
As  8.00748711 -2.66827420 -18.71851070
Ga  5.34212309  0.00143843 -16.03895484
As  8.01631213  2.67103320 -13.36416109
Ga  5.34614821  5.34614821 -10.69184288
As  8.01990261  8.01990261 -8.01990261
Ga  5.34614821  10.69184288 -5.34614821
As  8.01631213  13.36416109 -2.67103320
Ga  5.34212309  16.03895484 -0.00143843
As  8.00748711  18.71851070  2.66827420
Ga  5.33968534  21.40587114  5.33968534
Ga  10.68689179 -5.33815466 -16.04152487
As  13.36348079 -2.66704588 -13.36348079
Ga  10.68989646  0.00119314 -10.68989646
As  13.36416109  2.67103320 -8.01631213
Ga  10.69184288  5.34614821 -5.34614821
As  13.36416109  8.01631213 -2.67103320
Ga  10.68989646  10.68989646 -0.00119314
As  13.36348079  13.36348079  2.66704588
Ga  10.68689179  16.04152487  5.33815466
Ga  16.04152487 -5.33815466 -10.68689179
As  18.71851070 -2.66827420 -8.00748711
Ga  16.03895484  0.00143843 -5.34212309
As  18.71463677  2.67392448 -2.67392448
Ga  16.03895484  5.34212309 -0.00143843
As  18.71851070  8.00748711  2.66827420
Ga  16.04152487  10.68689179  5.33815466
Ga  21.40587114 -5.33968534 -5.33968534
Ga  21.38168264  0.00000000 -0.00000000
Ga  21.40587114  5.33968534  5.33968534
Ga  5.34395612  5.34395612 -21.39774531
As  8.01100200  8.01100200 -18.71493912
Ga  5.33832474  10.68863034 -16.04042883
As  8.01313739  13.36669332 -13.36669332
Ga  5.33832474  16.04042883 -10.68863034
As  8.01100200  18.71493912 -8.01100200
Ga  5.34395612  21.39774531 -5.34395612
Ga  10.68863034  5.33832474 -16.04042883
As  13.36669332  8.01313739 -13.36669332
Ga  10.69365701  10.69365701 -10.69365701
As  13.36669332  13.36669332 -8.01313739
Ga  10.68863034  16.04042883 -5.33832474
Ga  16.04042883  5.33832474 -10.68863034
As  18.71493912  8.01100200 -8.01100200
Ga  16.04042883  10.68863034 -5.33832474
Ga  21.39774531  5.34395612 -5.34395612
P2 -19.52239447 -8.80625161  1.86578354
P1 -22.89494687 -6.80456502  6.80456502
P1 -22.86688444 -3.86825776  3.86825776
P2 -19.52239447 -1.86578354  8.80625161
P2 -14.16595293 -14.16595293  1.86517168
P1 -17.51418928 -12.15607438  6.80928084
P1 -17.51418928 -6.80928084  12.15607438
P2 -14.16595293 -1.86517168  14.16595293
P2 -8.80625161 -19.52239447  1.86578354
P1 -12.15607438 -17.51418928  6.80928084
P1 -12.15760223 -12.15760223  12.15760223
P1 -12.15607438 -6.80928084  17.51418928
P2 -8.80625161 -1.86578354  19.52239447
P1 -6.80456502 -22.89494687  6.80456502
P1 -3.86825776 -22.86688444  3.86825776
P2 -1.86578354 -19.52239447  8.80625161
P1 -6.80928084 -17.51418928  12.15607438
P2 -1.86517168 -14.16595293  14.16595293
P1 -6.80928084 -12.15607438  17.51418928
P2 -1.86578354 -8.80625161  19.52239447
P1 -6.80456502 -6.80456502  22.89494687
P1 -3.86825776 -3.86825776  22.86688444
P2 -19.52289903 -8.80948871 -8.80948871
P1 -22.87434886 -6.80869030 -3.87522046
P1 -22.87434886 -3.87522046 -6.80869030
P1 -22.85599962 -1.46539936  1.46539936
P1 -22.85599962  1.46539936 -1.46539936
P1 -22.87434886  3.87522046  6.80869030
P1 -22.87434886  6.80869030  3.87522046
P2 -19.52289903  8.80948871  8.80948871
P2 -14.16932987 -14.16932987 -8.81597236
P1 -17.51339465 -12.15616036 -3.86506790
P1 -17.51339465  3.86506790  12.15616036
P2 -14.16932987  8.81597236  14.16932987
P2 -8.80948871 -19.52289903 -8.80948871
P1 -12.15616036 -17.51339465 -3.86506790
P1 -12.15616036  3.86506790  17.51339465
P2 -8.80948871  8.80948871  19.52289903
P1 -6.80869030 -22.87434886 -3.87522046
P1 -3.87522046 -22.87434886 -6.80869030
P1 -6.80869030  3.87522046  22.87434886
P1 -3.87522046  6.80869030  22.87434886
P1 -1.46539936 -22.85599962  1.46539936
P1  1.46539936 -22.85599962 -1.46539936
P1 -1.46539936 -1.46539936  22.85599962
P1  1.46539936  1.46539936  22.85599962
P1  3.87522046 -22.87434886  6.80869030
P1  6.80869030 -22.87434886  3.87522046
P2  8.80948871 -19.52289903  8.80948871
P1  3.86506790 -17.51339465  12.15616036
P2  8.81597236 -14.16932987  14.16932987
P1  3.86506790 -12.15616036  17.51339465
P2  8.80948871 -8.80948871  19.52289903
P1  3.87522046 -6.80869030  22.87434886
P1  6.80869030 -3.87522046  22.87434886
P2 -19.52239447  1.86578354 -8.80625161
P1 -22.86688444  3.86825776 -3.86825776
P1 -22.89494687  6.80456502 -6.80456502
P2 -19.52239447  8.80625161 -1.86578354
P2 -14.16932987 -8.81597236 -14.16932987
P1 -17.51339465 -3.86506790 -12.15616036
P1 -17.51339465  12.15616036  3.86506790
P2 -14.16932987  14.16932987  8.81597236
P2 -8.81597236 -14.16932987 -14.16932987
P2 -8.81597236  14.16932987  14.16932987
P1 -3.86506790 -17.51339465 -12.15616036
P1 -3.86506790  12.15616036  17.51339465
P2  1.86578354 -19.52239447 -8.80625161
P2  1.86578354  8.80625161  19.52239447
P1  3.86825776 -22.86688444 -3.86825776
P1  6.80456502 -22.89494687 -6.80456502
P2  8.80625161 -19.52239447 -1.86578354
P2  8.80625161  1.86578354  19.52239447
P1  3.86825776  3.86825776  22.86688444
P1  6.80456502  6.80456502  22.89494687
P1  12.15616036 -17.51339465  3.86506790
P2  14.16932987 -14.16932987  8.81597236
P2  14.16932987 -8.81597236  14.16932987
P1  12.15616036 -3.86506790  17.51339465
P2 -14.16595293  1.86517168 -14.16595293
P1 -17.51418928  6.80928084 -12.15607438
P1 -17.51418928  12.15607438 -6.80928084
P2 -14.16595293  14.16595293 -1.86517168
P2 -8.80948871 -8.80948871 -19.52289903
P1 -12.15616036 -3.86506790 -17.51339465
P1 -12.15616036  17.51339465  3.86506790
P2 -8.80948871  19.52289903  8.80948871
P1 -3.86506790 -12.15616036 -17.51339465
P1 -3.86506790  17.51339465  12.15616036
P2  1.86517168 -14.16595293 -14.16595293
P2  1.86517168  14.16595293  14.16595293
P1  6.80928084 -17.51418928 -12.15607438
P1  6.80928084  12.15607438  17.51418928
P1  12.15607438 -17.51418928 -6.80928084
P2  14.16595293 -14.16595293 -1.86517168
P2  14.16595293  1.86517168  14.16595293
P1  12.15607438  6.80928084  17.51418928
P1  17.51339465 -12.15616036  3.86506790
P2  19.52289903 -8.80948871  8.80948871
P1  17.51339465 -3.86506790  12.15616036
P2 -8.80625161  1.86578354 -19.52239447
P1 -12.15607438  6.80928084 -17.51418928
P1 -12.15760223  12.15760223 -12.15760223
P1 -12.15607438  17.51418928 -6.80928084
P2 -8.80625161  19.52239447 -1.86578354
P1 -6.80869030 -3.87522046 -22.87434886
P1 -3.87522046 -6.80869030 -22.87434886
P1 -6.80869030  22.87434886  3.87522046
P1 -3.87522046  22.87434886  6.80869030
P2  1.86578354 -8.80625161 -19.52239447
P2  1.86578354  19.52239447  8.80625161
P1  6.80928084 -12.15607438 -17.51418928
P1  6.80928084  17.51418928  12.15607438
P1  12.15760223 -12.15760223 -12.15760223
P1  12.15760223  12.15760223  12.15760223
P1  17.51418928 -12.15607438 -6.80928084
P2  19.52239447 -8.80625161 -1.86578354
P2  19.52239447  1.86578354  8.80625161
P1  17.51418928  6.80928084  12.15607438
P1  22.87434886 -6.80869030  3.87522046
P1  22.87434886 -3.87522046  6.80869030
P1 -6.80456502  6.80456502 -22.89494687
P1 -3.86825776  3.86825776 -22.86688444
P2 -1.86578354  8.80625161 -19.52239447
P1 -6.80928084  12.15607438 -17.51418928
P2 -1.86517168  14.16595293 -14.16595293
P1 -6.80928084  17.51418928 -12.15607438
P2 -1.86578354  19.52239447 -8.80625161
P1 -6.80456502  22.89494687 -6.80456502
P1 -3.86825776  22.86688444 -3.86825776
P1 -1.46539936  1.46539936 -22.85599962
P1  1.46539936 -1.46539936 -22.85599962
P1 -1.46539936  22.85599962 -1.46539936
P1  1.46539936  22.85599962  1.46539936
P1  3.86825776 -3.86825776 -22.86688444
P1  6.80456502 -6.80456502 -22.89494687
P2  8.80625161 -1.86578354 -19.52239447
P2  8.80625161  19.52239447  1.86578354
P1  3.86825776  22.86688444  3.86825776
P1  6.80456502  22.89494687  6.80456502
P1  12.15607438 -6.80928084 -17.51418928
P2  14.16595293 -1.86517168 -14.16595293
P2  14.16595293  14.16595293  1.86517168
P1  12.15607438  17.51418928  6.80928084
P1  17.51418928 -6.80928084 -12.15607438
P2  19.52239447 -1.86578354 -8.80625161
P2  19.52239447  8.80625161  1.86578354
P1  17.51418928  12.15607438  6.80928084
P1  22.89494687 -6.80456502 -6.80456502
P1  22.86688444 -3.86825776 -3.86825776
P1  22.85599962 -1.46539936 -1.46539936
P1  22.85599962  1.46539936  1.46539936
P1  22.86688444  3.86825776  3.86825776
P1  22.89494687  6.80456502  6.80456502
P1  3.87522046  6.80869030 -22.87434886
P1  6.80869030  3.87522046 -22.87434886
P2  8.80948871  8.80948871 -19.52289903
P1  3.86506790  12.15616036 -17.51339465
P2  8.81597236  14.16932987 -14.16932987
P1  3.86506790  17.51339465 -12.15616036
P2  8.80948871  19.52289903 -8.80948871
P1  3.87522046  22.87434886 -6.80869030
P1  6.80869030  22.87434886 -3.87522046
P1  12.15616036  3.86506790 -17.51339465
P2  14.16932987  8.81597236 -14.16932987
P2  14.16932987  14.16932987 -8.81597236
P1  12.15616036  17.51339465 -3.86506790
P1  17.51339465  3.86506790 -12.15616036
P2  19.52289903  8.80948871 -8.80948871
P1  17.51339465  12.15616036 -3.86506790
P1  22.87434886  3.87522046 -6.80869030
P1  22.87434886  6.80869030 -3.87522046
