0 -0.219037296527498 7.38617e-05
1 -0.219037282730531 0.000529059
2 -0.218487166324848 0.000290895
3 -0.218220745671864 0.000142492
4 -0.218220742771817 6.4497e-05
5 -0.218220740288463 9.99433e-05
6 -0.217520130501189 8.24678e-05
7 -0.217271637995157 3.9863e-05
8 -0.217271637022745 0.000152926
9 -0.21679511502669 4.15279e-05
10 -0.216795114528634 8.80014e-05
11 -0.216795108306939 5.55957e-05
12 -0.21647197235629 1.76958e-05
13 -0.21647197231749 9.0175e-06
14 -0.216471966899194 9.31143e-06
15 -0.215896165354546 4.42634e-05
16 -0.215896164882913 6.63291e-05
17 -0.21589616430545 1.6256e-05
18 -0.215528086435675 3.59348e-05
19 -0.2155280830166 1.50453e-05
20 -0.215528082942189 2.78864e-05
21 -0.215055653191356 1.2094e-05
22 -0.215055653132924 1.56777e-05
23 -0.214673848293714 9.31536e-06
24 -0.214673834386745 7.06455e-06
25 -0.214673834375747 4.86943e-06
26 -0.214163367248151 6.12395e-06
27 -0.213667590975154 5.13047e-06
28 -0.213667590971104 1.84147e-06
29 -0.213667587086907 4.84126e-06
30 -0.213396047519562 8.48836e-06
31 -0.213396047511459 1.42559e-06
32 -0.211681545648043 1.94363e-06
33 -0.211681541070772 1.11249e-06
34 -0.211681541070538 1.63947e-06
35 -0.211374185482855 3.72359e-06
36 -0.211374185480458 7.83972e-07
37 -0.211374180721083 5.55043e-07
38 -0.21067520203659 1.91751e-06
39 -0.210675202036329 2.01665e-07
40 -0.210675200966925 1.29376e-06
41 -0.21061377271288 5.18003e-07
42 -0.210613772712784 8.18255e-07
43 -0.209905518064287 3.64241e-07
44 -0.209327064830359 7.29434e-07
45 -0.209327064830285 3.80226e-07
46 -0.208735966324653 3.13445e-07
47 -0.20873596632464 2.03105e-07
48 -0.208735966144054 6.53786e-08
49 -0.208622793545604 3.2791e-07
50 -0.207199273384852 1.47749e-07
51 -0.207199273177687 8.221e-08
52 -0.207199273177684 6.94444e-08
53 -0.206724038035794 5.07379e-08
54 -0.206724035449901 1.39736e-07
55 -0.206724035449899 5.15519e-08
56 -0.205695160834855 3.78076e-08
57 -0.205695160834853 3.78076e-08
58 -0.205695160425547 3.37339e-08
59 -0.205282615346098 2.55393e-08
60 -0.205282615346095 8.73658e-09
61 -0.205282611901613 2.9333e-08
62 -0.204034510746821 2.6734e-08
63 -0.204034510746819 5.35328e-08
64 -0.203692139665138 2.05736e-08
65 -0.20369213679977 2.75016e-08
66 -0.203692136799768 3.44463e-08
67 -0.200921988142061 2.8493e-08
68 -0.200921987706125 1.76706e-08
69 -0.20092198770612 2.58096e-08
70 -0.199999103765468 5.70468e-08
71 -0.199999103765465 1.8059e-08
72 -0.198985421785764 2.44284e-08
73 -0.19898542116515 3.21542e-08
74 -0.198985421165147 2.56748e-08
75 -0.197888962731884 2.32644e-08
76 -0.197888959470136 4.87145e-08
77 -0.197888959470134 2.457e-08
78 -0.197127929345047 4.22291e-08
79 -0.194868338716197 3.71597e-08
80 -0.194868338716194 2.23517e-08
81 -0.194868338684298 4.94216e-08
82 -0.193112657861345 3.67843e-08
83 -0.193112657861342 4.02952e-08
84 -0.190615272126604 5.80118e-08
85 -0.190615272126599 5.44963e-08
86 -0.190615271219215 2.6734e-08
87 -0.189452014212454 3.60218e-08
88 -0.189452014194874 1.89953e-08
89 -0.189452014194863 2.52661e-08
90 -0.104259844593231 3.95127e-09
91 -0.0972546179592908 1.31709e-08
92 -0.0934291184329909 1.86265e-09
93 -0.0933912277068339 1.36876e-08
94 -0.0933912125247888 1.06187e-08
95 -0.0933912125247862 1.54161e-08
96 -0.0906678374427579 6.71586e-09
97 -0.0906678374427571 1.02021e-08
98 -0.0906677845236597 6.8438e-09
99 -0.089489429948154 1.666e-08
100 -0.0870674775246978 1.15949e-08
101 -0.0870674775246972 5.66501e-09
102 -0.0870674565787934 9.58855e-09
103 -0.0866009388243093 6.10709e-09
104 -0.0866009388243042 1.4488e-08
105 -0.0846886749567704 1.04541e-08
106 -0.0846885782233345 1.46665e-08
107 -0.0846885782233316 6.58545e-09
108 -0.0842777877463844 1.54442e-08
109 -0.0839352372854137 1.27356e-08
110 -0.0839352372854125 1.86265e-08
111 -0.083935215893262 1.36876e-08
112 -0.0829580246331625 1.80109e-08
113 -0.0829580246331609 3.72529e-09
114 -0.0795388607434079 5.95318e-08
115 -0.0795388427782073 4.03919e-08
116 -0.0795388427782038 7.04181e-08
117 -0.0793319238202667 4.75248e-08
118 -0.0793318240853605 4.74152e-08
119 -0.0793318240853575 1.08362e-07
120 -0.0790142674091844 4.50225e-08
121 -0.0779063139843687 1.72438e-07
122 -0.0775673001217882 1.54549e-07
123 -0.0775673001217793 1.53493e-07
124 -0.0775671592980745 2.14572e-07
125 -0.0767582986717176 2.46938e-07
126 -0.0767582986716677 4.08877e-07
127 -0.0765826549927498 2.16656e-07
128 -0.0765826069213549 2.15407e-07
129 -0.0765826069213295 3.14743e-07
130 -0.0750323958519557 1.0893e-06
131 -0.0750323958516518 9.88432e-07
132 -0.0749035933826519 1.08436e-06
133 -0.074903536754201 1.38168e-06
134 -0.0749035367536835 1.33936e-06
135 -0.0747559737531872 1.26578e-06
136 -0.0747559737514399 1.81974e-06
137 -0.0747558798857782 5.7934e-07
138 -0.0729555243976634 3.25396e-06
139 -0.0729555243828089 4.57429e-06
140 -0.0729554569820292 4.6493e-06
141 -0.0729205542807789 2.09815e-06
142 -0.0722830189418194 6.94091e-06
143 -0.0722830188959337 9.74606e-06
144 -0.0722829801315614 6.0314e-06
145 -0.072106874314402 1.22902e-05
146 -0.0706921713922296 1.41135e-05
147 -0.0706921705065535 3.74247e-05
148 -0.0706921593795962 2.81353e-05
149 -0.0703263296792281 2.26896e-05
