765
As -24.05658978 -8.02610091  8.02610091
As -18.70966679 -13.36331071  8.01130436
Ga -21.37941497 -10.69002874  10.69002874
As -18.70966679 -8.01130436  13.36331071
As -13.36331071 -18.70966679  8.01130436
Ga -16.03995640 -16.03995640  10.68777997
As -13.36690119 -13.36690119  13.36690119
Ga -16.03995640 -10.68777997  16.03995640
As -13.36331071 -8.01130436  18.70966679
As -8.02610091 -24.05658978  8.02610091
Ga -10.69002874 -21.37941497  10.69002874
As -8.01130436 -18.70966679  13.36331071
Ga -10.68777997 -16.03995640  16.03995640
As -8.01130436 -13.36331071  18.70966679
Ga -10.69002874 -10.69002874  21.37941497
As -8.02610091 -8.02610091  24.05658978
As -24.05432211 -8.01950577 -2.66387114
As -24.03882636 -2.66273730  2.66273730
As -24.05432211  2.66387114  8.01950577
As -18.70923215 -13.35749036 -2.67479375
Ga -21.37847011 -10.68358477  0.00770645
As -18.70486688 -8.01436571  2.67588979
Ga -21.38319442 -5.34684740  5.34684740
As -18.70486688 -2.67588979  8.01436571
Ga -21.37847011 -0.00770645  10.68358477
As -18.70923215  2.67479375  13.35749036
As -13.35749036 -18.70923215 -2.67479375
Ga -16.03394707 -16.03394707 -0.00064588
As -13.36132650 -13.36132650  2.67212924
Ga -16.03383368 -10.68965079  5.34493878
As -13.36204460 -8.01886326  8.01886326
Ga -16.03383368 -5.34493878  10.68965079
As -13.36132650 -2.67212924  13.36132650
Ga -16.03394707  0.00064588  16.03394707
As -13.35749036  2.67479375  18.70923215
As -8.01950577 -24.05432211 -2.66387114
Ga -10.68358477 -21.37847011  0.00770645
As -8.01436571 -18.70486688  2.67588979
Ga -10.68965079 -16.03383368  5.34493878
As -8.01886326 -13.36204460  8.01886326
Ga -10.69322238 -10.69322238  10.69322238
As -8.01886326 -8.01886326  13.36204460
Ga -10.68965079 -5.34493878  16.03383368
As -8.01436571 -2.67588979  18.70486688
Ga -10.68358477 -0.00770645  21.37847011
As -8.01950577  2.66387114  24.05432211
As -2.66273730 -24.03882636  2.66273730
Ga -5.34684740 -21.38319442  5.34684740
As -2.67588979 -18.70486688  8.01436571
Ga -5.34493878 -16.03383368  10.68965079
As -2.67212924 -13.36132650  13.36132650
Ga -5.34493878 -10.68965079  16.03383368
As -2.67588979 -8.01436571  18.70486688
Ga -5.34684740 -5.34684740  21.38319442
As -2.66273730 -2.66273730  24.03882636
As  2.66387114 -24.05432211  8.01950577
Ga -0.00770645 -21.37847011  10.68358477
As  2.67479375 -18.70923215  13.35749036
Ga  0.00064588 -16.03394707  16.03394707
As  2.67479375 -13.35749036  18.70923215
Ga -0.00770645 -10.68358477  21.37847011
As  2.66387114 -8.01950577  24.05432211
As -24.05432211 -2.66387114 -8.01950577
As -24.03882636  2.66273730 -2.66273730
As -24.05432211  8.01950577  2.66387114
As -18.70883531 -13.35405105 -13.35405105
Ga -21.40020196 -10.68766658 -10.68766658
As -18.71509030 -8.01880657 -8.01880657
Ga -21.38432826 -5.34548680 -5.34548680
As -18.70231575 -2.67534177 -2.67534177
Ga -21.36259641 -0.00000000  0.00000000
As -18.70231575  2.67534177  2.67534177
Ga -21.38432826  5.34548680  5.34548680
As -18.71509030  8.01880657  8.01880657
Ga -21.40020196  10.68766658  10.68766658
As -18.70883531  13.35405105  13.35405105
As -13.35405105 -18.70883531 -13.35405105
Ga -16.03171719 -16.03171719 -10.68332021
As -13.35981472 -13.35981472 -8.01472476
Ga -16.03615805 -10.68708077 -5.34628049
As -13.36162886 -8.01708692 -2.67267726
Ga -16.03234080 -5.34522224  0.00030054
As -13.36034384 -2.67265836  2.67265836
Ga -16.03234080 -0.00030054  5.34522224
As -13.36162886  2.67267726  8.01708692
Ga -16.03615805  5.34628049  10.68708077
As -13.35981472  8.01472476  13.35981472
Ga -16.03171719  10.68332021  16.03171719
As -13.35405105  13.35405105  18.70883531
Ga -10.68766658 -21.40020196 -10.68766658
As -8.01880657 -18.71509030 -8.01880657
Ga -10.68708077 -16.03615805 -5.34628049
As -8.01708692 -13.36162886 -2.67267726
Ga -10.68936734 -10.68936734 -0.00021738
As -8.01727589 -8.01727589  2.67284734
Ga -10.68968859 -5.34592144  5.34592144
As -8.01727589 -2.67284734  8.01727589
Ga -10.68936734  0.00021738  10.68936734
As -8.01708692  2.67267726  13.36162886
Ga -10.68708077  5.34628049  16.03615805
As -8.01880657  8.01880657  18.71509030
Ga -10.68766658  10.68766658  21.40020196
As -2.66387114 -24.05432211 -8.01950577
Ga -5.34548680 -21.38432826 -5.34548680
As -2.67534177 -18.70231575 -2.67534177
Ga -5.34522224 -16.03234080  0.00030054
As -2.67265836 -13.36034384  2.67265836
Ga -5.34592144 -10.68968859  5.34592144
As -2.67284734 -8.01727589  8.01727589
Ga -5.34592144 -5.34592144  10.68968859
As -2.67265836 -2.67265836  13.36034384
Ga -5.34522224 -0.00030054  16.03234080
As -2.67534177  2.67534177  18.70231575
Ga -5.34548680  5.34548680  21.38432826
As -2.66387114  8.01950577  24.05432211
As  2.66273730 -24.03882636 -2.66273730
Ga  0.00000000 -21.36259641  0.00000000
As  2.67534177 -18.70231575  2.67534177
Ga -0.00030054 -16.03234080  5.34522224
As  2.67267726 -13.36162886  8.01708692
Ga  0.00021738 -10.68936734  10.68936734
As  2.67267726 -8.01708692  13.36162886
Ga -0.00030054 -5.34522224  16.03234080
As  2.67534177 -2.67534177  18.70231575
Ga -0.00000000  0.00000000  21.36259641
As  2.66273730  2.66273730  24.03882636
As  8.01950577 -24.05432211  2.66387114
Ga  5.34548680 -21.38432826  5.34548680
As  8.01880657 -18.71509030  8.01880657
Ga  5.34628049 -16.03615805  10.68708077
As  8.01472476 -13.35981472  13.35981472
Ga  5.34628049 -10.68708077  16.03615805
As  8.01880657 -8.01880657  18.71509030
Ga  5.34548680 -5.34548680  21.38432826
As  8.01950577 -2.66387114  24.05432211
Ga  10.68766658 -21.40020196  10.68766658
As  13.35405105 -18.70883531  13.35405105
Ga  10.68332021 -16.03171719  16.03171719
As  13.35405105 -13.35405105  18.70883531
Ga  10.68766658 -10.68766658  21.40020196
As -24.05658978  8.02610091 -8.02610091
As -18.70923215 -2.67479375 -13.35749036
Ga -21.37847011  0.00770645 -10.68358477
As -18.70486688  2.67588979 -8.01436571
Ga -21.38319442  5.34684740 -5.34684740
As -18.70486688  8.01436571 -2.67588979
Ga -21.37847011  10.68358477 -0.00770645
As -18.70923215  13.35749036  2.67479375
As -13.35405105 -13.35405105 -18.70883531
Ga -16.03171719 -10.68332021 -16.03171719
As -13.35981472 -8.01472476 -13.35981472
Ga -16.03615805 -5.34628049 -10.68708077
As -13.36162886 -2.67267726 -8.01708692
Ga -16.03234080  0.00030054 -5.34522224
As -13.36034384  2.67265836 -2.67265836
Ga -16.03234080  5.34522224 -0.00030054
As -13.36162886  8.01708692  2.67267726
Ga -16.03615805  10.68708077  5.34628049
As -13.35981472  13.35981472  8.01472476
Ga -16.03171719  16.03171719  10.68332021
As -13.35405105  18.70883531  13.35405105
Ga -10.68332021 -16.03171719 -16.03171719
As -8.01472476 -13.35981472 -13.35981472
Ga -10.68846027 -10.68846027 -10.68846027
As -8.01665228 -8.01665228 -8.01665228
Ga -10.68914057 -5.34474981 -5.34474981
As -8.01661449 -2.67263947 -2.67263947
Ga -10.68851696  0.00000000  0.00000000
As -8.01661449  2.67263947  2.67263947
Ga -10.68914057  5.34474981  5.34474981
As -8.01665228  8.01665228  8.01665228
Ga -10.68846027  10.68846027  10.68846027
As -8.01472476  13.35981472  13.35981472
Ga -10.68332021  16.03171719  16.03171719
As -2.67479375 -18.70923215 -13.35749036
Ga -5.34628049 -16.03615805 -10.68708077
As -2.67267726 -13.36162886 -8.01708692
Ga -5.34474981 -10.68914057 -5.34474981
As -2.67263947 -8.01661449 -2.67263947
Ga -5.34501437 -5.34501437  0.00031600
As -2.67254498 -2.67254498  2.67254498
Ga -5.34501437 -0.00031600  5.34501437
As -2.67263947  2.67263947  8.01661449
Ga -5.34474981  5.34474981  10.68914057
As -2.67267726  8.01708692  13.36162886
Ga -5.34628049  10.68708077  16.03615805
As -2.67479375  13.35749036  18.70923215
Ga  0.00770645 -21.37847011 -10.68358477
As  2.67588979 -18.70486688 -8.01436571
Ga  0.00030054 -16.03234080 -5.34522224
As  2.67265836 -13.36034384 -2.67265836
Ga -0.00000000 -10.68851696  0.00000000
As  2.67263947 -8.01661449  2.67263947
Ga -0.00031600 -5.34501437  5.34501437
As  2.67263947 -2.67263947  8.01661449
Ga -0.00000000  0.00000000  10.68851696
As  2.67265836  2.67265836  13.36034384
Ga  0.00030054  5.34522224  16.03234080
As  2.67588979  8.01436571  18.70486688
Ga  0.00770645  10.68358477  21.37847011
As  8.02610091 -24.05658978 -8.02610091
Ga  5.34684740 -21.38319442 -5.34684740
As  8.01436571 -18.70486688 -2.67588979
Ga  5.34522224 -16.03234080 -0.00030054
As  8.01708692 -13.36162886  2.67267726
Ga  5.34474981 -10.68914057  5.34474981
As  8.01665228 -8.01665228  8.01665228
Ga  5.34474981 -5.34474981  10.68914057
As  8.01708692 -2.67267726  13.36162886
Ga  5.34522224  0.00030054  16.03234080
As  8.01436571  2.67588979  18.70486688
Ga  5.34684740  5.34684740  21.38319442
As  8.02610091  8.02610091  24.05658978
Ga  10.68358477 -21.37847011 -0.00770645
As  13.35749036 -18.70923215  2.67479375
Ga  10.68708077 -16.03615805  5.34628049
As  13.35981472 -13.35981472  8.01472476
Ga  10.68846027 -10.68846027  10.68846027
As  13.35981472 -8.01472476  13.35981472
Ga  10.68708077 -5.34628049  16.03615805
As  13.35749036 -2.67479375  18.70923215
Ga  10.68358477  0.00770645  21.37847011
Ga  16.03171719 -16.03171719  10.68332021
As  18.70883531 -13.35405105  13.35405105
Ga  16.03171719 -10.68332021  16.03171719
As -18.70966679  8.01130436 -13.36331071
Ga -21.37941497  10.69002874 -10.69002874
As -18.70966679  13.36331071 -8.01130436
As -13.35749036 -2.67479375 -18.70923215
Ga -16.03394707 -0.00064588 -16.03394707
As -13.36132650  2.67212924 -13.36132650
Ga -16.03383368  5.34493878 -10.68965079
As -13.36204460  8.01886326 -8.01886326
Ga -16.03383368  10.68965079 -5.34493878
As -13.36132650  13.36132650 -2.67212924
Ga -16.03394707  16.03394707  0.00064588
As -13.35749036  18.70923215  2.67479375
Ga -10.68766658 -10.68766658 -21.40020196
As -8.01880657 -8.01880657 -18.71509030
Ga -10.68708077 -5.34628049 -16.03615805
As -8.01708692 -2.67267726 -13.36162886
Ga -10.68936734 -0.00021738 -10.68936734
As -8.01727589  2.67284734 -8.01727589
Ga -10.68968859  5.34592144 -5.34592144
As -8.01727589  8.01727589 -2.67284734
Ga -10.68936734  10.68936734  0.00021738
As -8.01708692  13.36162886  2.67267726
Ga -10.68708077  16.03615805  5.34628049
As -8.01880657  18.71509030  8.01880657
Ga -10.68766658  21.40020196  10.68766658
As -2.67479375 -13.35749036 -18.70923215
Ga -5.34628049 -10.68708077 -16.03615805
As -2.67267726 -8.01708692 -13.36162886
Ga -5.34474981 -5.34474981 -10.68914057
As -2.67263947 -2.67263947 -8.01661449
Ga -5.34501437  0.00031600 -5.34501437
As -2.67254498  2.67254498 -2.67254498
Ga -5.34501437  5.34501437 -0.00031600
As -2.67263947  8.01661449  2.67263947
Ga -5.34474981  10.68914057  5.34474981
As -2.67267726  13.36162886  8.01708692
Ga -5.34628049  16.03615805  10.68708077
As -2.67479375  18.70923215  13.35749036
Ga -0.00064588 -16.03394707 -16.03394707
As  2.67212924 -13.36132650 -13.36132650
Ga -0.00021738 -10.68936734 -10.68936734
As  2.67284734 -8.01727589 -8.01727589
Ga  0.00031600 -5.34501437 -5.34501437
As  2.67254498 -2.67254498 -2.67254498
Ga  0.00000000  0.00000000  0.00000000
As  2.67254498  2.67254498  2.67254498
Ga  0.00031600  5.34501437  5.34501437
As  2.67284734  8.01727589  8.01727589
Ga -0.00021738  10.68936734  10.68936734
As  2.67212924  13.36132650  13.36132650
Ga -0.00064588  16.03394707  16.03394707
As  8.01130436 -18.70966679 -13.36331071
Ga  5.34493878 -16.03383368 -10.68965079
As  8.01886326 -13.36204460 -8.01886326
Ga  5.34592144 -10.68968859 -5.34592144
As  8.01727589 -8.01727589 -2.67284734
Ga  5.34501437 -5.34501437 -0.00031600
As  8.01661449 -2.67263947  2.67263947
Ga  5.34501437  0.00031600  5.34501437
As  8.01727589  2.67284734  8.01727589
Ga  5.34592144  5.34592144  10.68968859
As  8.01886326  8.01886326  13.36204460
Ga  5.34493878  10.68965079  16.03383368
As  8.01130436  13.36331071  18.70966679
Ga  10.69002874 -21.37941497 -10.69002874
As  13.36331071 -18.70966679 -8.01130436
Ga  10.68965079 -16.03383368 -5.34493878
As  13.36132650 -13.36132650 -2.67212924
Ga  10.68936734 -10.68936734  0.00021738
As  13.36162886 -8.01708692  2.67267726
Ga  10.68914057 -5.34474981  5.34474981
As  13.36162886 -2.67267726  8.01708692
Ga  10.68936734 -0.00021738  10.68936734
As  13.36132650  2.67212924  13.36132650
Ga  10.68965079  5.34493878  16.03383368
As  13.36331071  8.01130436  18.70966679
Ga  10.69002874  10.69002874  21.37941497
Ga  16.03394707 -16.03394707  0.00064588
As  18.70923215 -13.35749036  2.67479375
Ga  16.03615805 -10.68708077  5.34628049
As  18.71509030 -8.01880657  8.01880657
Ga  16.03615805 -5.34628049  10.68708077
As  18.70923215 -2.67479375  13.35749036
Ga  16.03394707 -0.00064588  16.03394707
Ga  21.40020196 -10.68766658  10.68766658
As -13.36331071  8.01130436 -18.70966679
Ga -16.03995640  10.68777997 -16.03995640
As -13.36690119  13.36690119 -13.36690119
Ga -16.03995640  16.03995640 -10.68777997
As -13.36331071  18.70966679 -8.01130436
As -8.01950577 -2.66387114 -24.05432211
Ga -10.68358477  0.00770645 -21.37847011
As -8.01436571  2.67588979 -18.70486688
Ga -10.68965079  5.34493878 -16.03383368
As -8.01886326  8.01886326 -13.36204460
Ga -10.69322238  10.69322238 -10.69322238
As -8.01886326  13.36204460 -8.01886326
Ga -10.68965079  16.03383368 -5.34493878
As -8.01436571  18.70486688 -2.67588979
Ga -10.68358477  21.37847011 -0.00770645
As -8.01950577  24.05432211  2.66387114
As -2.66387114 -8.01950577 -24.05432211
Ga -5.34548680 -5.34548680 -21.38432826
As -2.67534177 -2.67534177 -18.70231575
Ga -5.34522224  0.00030054 -16.03234080
As -2.67265836  2.67265836 -13.36034384
Ga -5.34592144  5.34592144 -10.68968859
As -2.67284734  8.01727589 -8.01727589
Ga -5.34592144  10.68968859 -5.34592144
As -2.67265836  13.36034384 -2.67265836
Ga -5.34522224  16.03234080 -0.00030054
As -2.67534177  18.70231575  2.67534177
Ga -5.34548680  21.38432826  5.34548680
As -2.66387114  24.05432211  8.01950577
Ga  0.00770645 -10.68358477 -21.37847011
As  2.67588979 -8.01436571 -18.70486688
Ga  0.00030054 -5.34522224 -16.03234080
As  2.67265836 -2.67265836 -13.36034384
Ga  0.00000000  0.00000000 -10.68851696
As  2.67263947  2.67263947 -8.01661449
Ga -0.00031600  5.34501437 -5.34501437
As  2.67263947  8.01661449 -2.67263947
Ga -0.00000000  10.68851696  0.00000000
As  2.67265836  13.36034384  2.67265836
Ga  0.00030054  16.03234080  5.34522224
As  2.67588979  18.70486688  8.01436571
Ga  0.00770645  21.37847011  10.68358477
As  8.01130436 -13.36331071 -18.70966679
Ga  5.34493878 -10.68965079 -16.03383368
As  8.01886326 -8.01886326 -13.36204460
Ga  5.34592144 -5.34592144 -10.68968859
As  8.01727589 -2.67284734 -8.01727589
Ga  5.34501437 -0.00031600 -5.34501437
As  8.01661449  2.67263947 -2.67263947
Ga  5.34501437  5.34501437  0.00031600
As  8.01727589  8.01727589  2.67284734
Ga  5.34592144  10.68968859  5.34592144
As  8.01886326  13.36204460  8.01886326
Ga  5.34493878  16.03383368  10.68965079
As  8.01130436  18.70966679  13.36331071
Ga  10.68777997 -16.03995640 -16.03995640
As  13.36690119 -13.36690119 -13.36690119
Ga  10.69322238 -10.69322238 -10.69322238
As  13.36204460 -8.01886326 -8.01886326
Ga  10.68968859 -5.34592144 -5.34592144
As  13.36034384 -2.67265836 -2.67265836
Ga  10.68851696  0.00000000 -0.00000000
As  13.36034384  2.67265836  2.67265836
Ga  10.68968859  5.34592144  5.34592144
As  13.36204460  8.01886326  8.01886326
Ga  10.69322238  10.69322238  10.69322238
As  13.36690119  13.36690119  13.36690119
Ga  10.68777997  16.03995640  16.03995640
Ga  16.03995640 -16.03995640 -10.68777997
As  18.70966679 -13.36331071 -8.01130436
Ga  16.03383368 -10.68965079 -5.34493878
As  18.70486688 -8.01436571 -2.67588979
Ga  16.03234080 -5.34522224 -0.00030054
As  18.70231575 -2.67534177  2.67534177
Ga  16.03234080  0.00030054  5.34522224
As  18.70486688  2.67588979  8.01436571
Ga  16.03383368  5.34493878  10.68965079
As  18.70966679  8.01130436  13.36331071
Ga  16.03995640  10.68777997  16.03995640
Ga  21.37847011 -10.68358477 -0.00770645
As  24.05432211 -8.01950577  2.66387114
Ga  21.38432826 -5.34548680  5.34548680
As  24.05432211 -2.66387114  8.01950577
Ga  21.37847011  0.00770645  10.68358477
As -8.02610091  8.02610091 -24.05658978
Ga -10.69002874  10.69002874 -21.37941497
As -8.01130436  13.36331071 -18.70966679
Ga -10.68777997  16.03995640 -16.03995640
As -8.01130436  18.70966679 -13.36331071
Ga -10.69002874  21.37941497 -10.69002874
As -8.02610091  24.05658978 -8.02610091
As -2.66273730  2.66273730 -24.03882636
Ga -5.34684740  5.34684740 -21.38319442
As -2.67588979  8.01436571 -18.70486688
Ga -5.34493878  10.68965079 -16.03383368
As -2.67212924  13.36132650 -13.36132650
Ga -5.34493878  16.03383368 -10.68965079
As -2.67588979  18.70486688 -8.01436571
Ga -5.34684740  21.38319442 -5.34684740
As -2.66273730  24.03882636 -2.66273730
As  2.66273730 -2.66273730 -24.03882636
Ga -0.00000000 -0.00000000 -21.36259641
As  2.67534177  2.67534177 -18.70231575
Ga -0.00030054  5.34522224 -16.03234080
As  2.67267726  8.01708692 -13.36162886
Ga  0.00021738  10.68936734 -10.68936734
As  2.67267726  13.36162886 -8.01708692
Ga -0.00030054  16.03234080 -5.34522224
As  2.67534177  18.70231575 -2.67534177
Ga -0.00000000  21.36259641  0.00000000
As  2.66273730  24.03882636  2.66273730
As  8.02610091 -8.02610091 -24.05658978
Ga  5.34684740 -5.34684740 -21.38319442
As  8.01436571 -2.67588979 -18.70486688
Ga  5.34522224 -0.00030054 -16.03234080
As  8.01708692  2.67267726 -13.36162886
Ga  5.34474981  5.34474981 -10.68914057
As  8.01665228  8.01665228 -8.01665228
Ga  5.34474981  10.68914057 -5.34474981
As  8.01708692  13.36162886 -2.67267726
Ga  5.34522224  16.03234080  0.00030054
As  8.01436571  18.70486688  2.67588979
Ga  5.34684740  21.38319442  5.34684740
As  8.02610091  24.05658978  8.02610091
Ga  10.69002874 -10.69002874 -21.37941497
As  13.36331071 -8.01130436 -18.70966679
Ga  10.68965079 -5.34493878 -16.03383368
As  13.36132650 -2.67212924 -13.36132650
Ga  10.68936734  0.00021738 -10.68936734
As  13.36162886  2.67267726 -8.01708692
Ga  10.68914057  5.34474981 -5.34474981
As  13.36162886  8.01708692 -2.67267726
Ga  10.68936734  10.68936734 -0.00021738
As  13.36132650  13.36132650  2.67212924
Ga  10.68965079  16.03383368  5.34493878
As  13.36331071  18.70966679  8.01130436
Ga  10.69002874  21.37941497  10.69002874
Ga  16.03995640 -10.68777997 -16.03995640
As  18.70966679 -8.01130436 -13.36331071
Ga  16.03383368 -5.34493878 -10.68965079
As  18.70486688 -2.67588979 -8.01436571
Ga  16.03234080 -0.00030054 -5.34522224
As  18.70231575  2.67534177 -2.67534177
Ga  16.03234080  5.34522224  0.00030054
As  18.70486688  8.01436571  2.67588979
Ga  16.03383368  10.68965079  5.34493878
As  18.70966679  13.36331071  8.01130436
Ga  16.03995640  16.03995640  10.68777997
Ga  21.37941497 -10.69002874 -10.69002874
As  24.05658978 -8.02610091 -8.02610091
Ga  21.38319442 -5.34684740 -5.34684740
As  24.03882636 -2.66273730 -2.66273730
Ga  21.36259641  0.00000000  0.00000000
As  24.03882636  2.66273730  2.66273730
Ga  21.38319442  5.34684740  5.34684740
As  24.05658978  8.02610091  8.02610091
Ga  21.37941497  10.69002874  10.69002874
As  2.66387114  8.01950577 -24.05432211
Ga -0.00770645  10.68358477 -21.37847011
As  2.67479375  13.35749036 -18.70923215
Ga  0.00064588  16.03394707 -16.03394707
As  2.67479375  18.70923215 -13.35749036
Ga -0.00770645  21.37847011 -10.68358477
As  2.66387114  24.05432211 -8.01950577
As  8.01950577  2.66387114 -24.05432211
Ga  5.34548680  5.34548680 -21.38432826
As  8.01880657  8.01880657 -18.71509030
Ga  5.34628049  10.68708077 -16.03615805
As  8.01472476  13.35981472 -13.35981472
Ga  5.34628049  16.03615805 -10.68708077
As  8.01880657  18.71509030 -8.01880657
Ga  5.34548680  21.38432826 -5.34548680
As  8.01950577  24.05432211 -2.66387114
Ga  10.68358477 -0.00770645 -21.37847011
As  13.35749036  2.67479375 -18.70923215
Ga  10.68708077  5.34628049 -16.03615805
As  13.35981472  8.01472476 -13.35981472
Ga  10.68846027  10.68846027 -10.68846027
As  13.35981472  13.35981472 -8.01472476
Ga  10.68708077  16.03615805 -5.34628049
As  13.35749036  18.70923215 -2.67479375
Ga  10.68358477  21.37847011  0.00770645
Ga  16.03394707  0.00064588 -16.03394707
As  18.70923215  2.67479375 -13.35749036
Ga  16.03615805  5.34628049 -10.68708077
As  18.71509030  8.01880657 -8.01880657
Ga  16.03615805  10.68708077 -5.34628049
As  18.70923215  13.35749036 -2.67479375
Ga  16.03394707  16.03394707 -0.00064588
Ga  21.37847011 -0.00770645 -10.68358477
As  24.05432211  2.66387114 -8.01950577
Ga  21.38432826  5.34548680 -5.34548680
As  24.05432211  8.01950577 -2.66387114
Ga  21.37847011  10.68358477  0.00770645
Ga  10.68766658  10.68766658 -21.40020196
As  13.35405105  13.35405105 -18.70883531
Ga  10.68332021  16.03171719 -16.03171719
As  13.35405105  18.70883531 -13.35405105
Ga  10.68766658  21.40020196 -10.68766658
Ga  16.03171719  10.68332021 -16.03171719
As  18.70883531  13.35405105 -13.35405105
Ga  16.03171719  16.03171719 -10.68332021
Ga  21.40020196  10.68766658 -10.68766658
P2 -24.72885980 -8.69081675  7.35900874
P2 -24.72885980 -7.35900874  8.69081675
P2 -19.51331245 -14.16314669  7.20705209
P1 -22.86422937 -12.15188391  12.15188391
P2 -19.51331245 -7.20705209  14.16314669
P2 -14.16314669 -19.51331245  7.20705209
P1 -17.51161264 -17.51161264  12.15929070
P1 -17.51161264 -12.15929070  17.51161264
P2 -14.16314669 -7.20705209  19.51331245
P2 -8.69081675 -24.72885980  7.35900874
P2 -7.35900874 -24.72885980  8.69081675
P1 -12.15188391 -22.86422937  12.15188391
P2 -7.20705209 -19.51331245  14.16314669
P1 -12.15929070 -17.51161264  17.51161264
P2 -7.20705209 -14.16314669  19.51331245
P1 -12.15188391 -12.15188391  22.86422937
P2 -8.69081675 -7.35900874  24.72885980
P2 -7.35900874 -8.69081675  24.72885980
P2 -24.72597797 -8.68695226 -3.32904524
P2 -24.72092295 -7.34673024 -1.99902679
P2 -24.70930114 -3.32915390  1.99592953
P2 -24.70930114 -1.99592953  3.32915390
P2 -24.72092295  1.99902679  7.34673024
P2 -24.72597797  3.32904524  8.68695226
P2 -19.51227121 -14.15765514 -3.47915940
P1 -22.85715235 -12.14528405  1.47643372
P1 -22.85715235 -1.47643372  12.14528405
P2 -19.51227121  3.47915940  14.15765514
P2 -14.15765514 -19.51227121 -3.47915940
P1 -17.50467829 -17.50467829  1.47086671
P1 -17.50467829 -1.47086671  17.50467829
P2 -14.15765514  3.47915940  19.51227121
P2 -8.68695226 -24.72597797 -3.32904524
P2 -7.34673024 -24.72092295 -1.99902679
P1 -12.14528405 -22.85715235  1.47643372
P1 -12.14528405 -1.47643372  22.85715235
P2 -8.68695226  3.32904524  24.72597797
P2 -7.34673024  1.99902679  24.72092295
P2 -3.32915390 -24.70930114  1.99592953
P2 -1.99592953 -24.70930114  3.32915390
P2 -3.32915390 -1.99592953  24.70930114
P2 -1.99592953 -3.32915390  24.70930114
P2  1.99902679 -24.72092295  7.34673024
P2  3.32904524 -24.72597797  8.68695226
P1 -1.47643372 -22.85715235  12.14528405
P2  3.47915940 -19.51227121  14.15765514
P1 -1.47086671 -17.50467829  17.50467829
P2  3.47915940 -14.15765514  19.51227121
P1 -1.47643372 -12.14528405  22.85715235
P2  1.99902679 -7.34673024  24.72092295
P2  3.32904524 -8.68695226  24.72597797
P2 -24.72597797 -3.32904524 -8.68695226
P2 -24.72092295 -1.99902679 -7.34673024
P2 -24.70930114  1.99592953 -3.32915390
P2 -24.70930114  3.32915390 -1.99592953
P2 -24.72092295  7.34673024  1.99902679
P2 -24.72597797  8.68695226  3.32904524
P2 -19.51329733 -14.15428954 -14.15428954
P1 -22.87472680 -12.15638146 -9.21720559
P1 -22.87472680 -9.21720559 -12.15638146
P1 -22.87472680  9.21720559  12.15638146
P1 -22.87472680  12.15638146  9.21720559
P2 -19.51329733  14.15428954  14.15428954
P2 -14.15428954 -19.51329733 -14.15428954
P1 -17.50178323 -17.50178323 -9.21197578
P1 -17.50178323  9.21197578  17.50178323
P2 -14.15428954  14.15428954  19.51329733
P1 -12.15638146 -22.87472680 -9.21720559
P1 -9.21720559 -22.87472680 -12.15638146
P1 -12.15638146  9.21720559  22.87472680
P1 -9.21720559  12.15638146  22.87472680
P2 -3.32904524 -24.72597797 -8.68695226
P2 -1.99902679 -24.72092295 -7.34673024
P2 -3.32904524  8.68695226  24.72597797
P2 -1.99902679  7.34673024  24.72092295
P2  1.99592953 -24.70930114 -3.32915390
P2  3.32915390 -24.70930114 -1.99592953
P2  1.99592953  3.32915390  24.70930114
P2  3.32915390  1.99592953  24.70930114
P2  7.34673024 -24.72092295  1.99902679
P2  8.68695226 -24.72597797  3.32904524
P2  7.34673024 -1.99902679  24.72092295
P2  8.68695226 -3.32904524  24.72597797
P1  9.21720559 -22.87472680  12.15638146
P1  12.15638146 -22.87472680  9.21720559
P2  14.15428954 -19.51329733  14.15428954
P1  9.21197578 -17.50178323  17.50178323
P2  14.15428954 -14.15428954  19.51329733
P1  9.21720559 -12.15638146  22.87472680
P1  12.15638146 -9.21720559  22.87472680
P2 -24.72885980  7.35900874 -8.69081675
P2 -24.72885980  8.69081675 -7.35900874
P2 -19.51227121 -3.47915940 -14.15765514
P1 -22.85715235  1.47643372 -12.14528405
P1 -22.85715235  12.14528405 -1.47643372
P2 -19.51227121  14.15765514  3.47915940
P2 -14.15428954 -14.15428954 -19.51329733
P1 -17.50178323 -9.21197578 -17.50178323
P1 -17.50178323  17.50178323  9.21197578
P2 -14.15428954  19.51329733  14.15428954
P1 -9.21197578 -17.50178323 -17.50178323
P1 -9.21197578  17.50178323  17.50178323
P2 -3.47915940 -19.51227121 -14.15765514
P2 -3.47915940  14.15765514  19.51227121
P1  1.47643372 -22.85715235 -12.14528405
P1  1.47643372  12.14528405  22.85715235
P2  7.35900874 -24.72885980 -8.69081675
P2  8.69081675 -24.72885980 -7.35900874
P2  7.35900874  8.69081675  24.72885980
P2  8.69081675  7.35900874  24.72885980
P1  12.14528405 -22.85715235 -1.47643372
P2  14.15765514 -19.51227121  3.47915940
P2  14.15765514 -3.47915940  19.51227121
P1  12.14528405  1.47643372  22.85715235
P1  17.50178323 -17.50178323  9.21197578
P2  19.51329733 -14.15428954  14.15428954
P1  17.50178323 -9.21197578  17.50178323
P2 -19.51331245  7.20705209 -14.16314669
P1 -22.86422937  12.15188391 -12.15188391
P2 -19.51331245  14.16314669 -7.20705209
P2 -14.15765514 -3.47915940 -19.51227121
P1 -17.50467829  1.47086671 -17.50467829
P1 -17.50467829  17.50467829 -1.47086671
P2 -14.15765514  19.51227121  3.47915940
P1 -12.15638146 -9.21720559 -22.87472680
P1 -9.21720559 -12.15638146 -22.87472680
P1 -12.15638146  22.87472680  9.21720559
P1 -9.21720559  22.87472680  12.15638146
P2 -3.47915940 -14.15765514 -19.51227121
P2 -3.47915940  19.51227121  14.15765514
P1  1.47086671 -17.50467829 -17.50467829
P1  1.47086671  17.50467829  17.50467829
P2  7.20705209 -19.51331245 -14.16314669
P2  7.20705209  14.16314669  19.51331245
P1  12.15188391 -22.86422937 -12.15188391
P2  14.16314669 -19.51331245 -7.20705209
P2  14.16314669  7.20705209  19.51331245
P1  12.15188391  12.15188391  22.86422937
P1  17.50467829 -17.50467829 -1.47086671
P2  19.51227121 -14.15765514  3.47915940
P2  19.51227121 -3.47915940  14.15765514
P1  17.50467829  1.47086671  17.50467829
P1  22.87472680 -12.15638146  9.21720559
P1  22.87472680 -9.21720559  12.15638146
P2 -14.16314669  7.20705209 -19.51331245
P1 -17.51161264  12.15929070 -17.51161264
P1 -17.51161264  17.51161264 -12.15929070
P2 -14.16314669  19.51331245 -7.20705209
P2 -8.68695226 -3.32904524 -24.72597797
P2 -7.34673024 -1.99902679 -24.72092295
P1 -12.14528405  1.47643372 -22.85715235
P1 -12.14528405  22.85715235 -1.47643372
P2 -8.68695226  24.72597797  3.32904524
P2 -7.34673024  24.72092295  1.99902679
P2 -3.32904524 -8.68695226 -24.72597797
P2 -1.99902679 -7.34673024 -24.72092295
P2 -3.32904524  24.72597797  8.68695226
P2 -1.99902679  24.72092295  7.34673024
P1  1.47643372 -12.14528405 -22.85715235
P1  1.47643372  22.85715235  12.14528405
P2  7.20705209 -14.16314669 -19.51331245
P2  7.20705209  19.51331245  14.16314669
P1  12.15929070 -17.51161264 -17.51161264
P1  12.15929070  17.51161264  17.51161264
P1  17.51161264 -17.51161264 -12.15929070
P2  19.51331245 -14.16314669 -7.20705209
P2  19.51331245  7.20705209  14.16314669
P1  17.51161264  12.15929070  17.51161264
P1  22.85715235 -12.14528405 -1.47643372
P2  24.72597797 -8.68695226  3.32904524
P2  24.72092295 -7.34673024  1.99902679
P2  24.72597797 -3.32904524  8.68695226
P2  24.72092295 -1.99902679  7.34673024
P1  22.85715235  1.47643372  12.14528405
P2 -8.69081675  7.35900874 -24.72885980
P2 -7.35900874  8.69081675 -24.72885980
P1 -12.15188391  12.15188391 -22.86422937
P2 -7.20705209  14.16314669 -19.51331245
P1 -12.15929070  17.51161264 -17.51161264
P2 -7.20705209  19.51331245 -14.16314669
P1 -12.15188391  22.86422937 -12.15188391
P2 -8.69081675  24.72885980 -7.35900874
P2 -7.35900874  24.72885980 -8.69081675
P2 -3.32915390  1.99592953 -24.70930114
P2 -1.99592953  3.32915390 -24.70930114
P2 -3.32915390  24.70930114 -1.99592953
P2 -1.99592953  24.70930114 -3.32915390
P2  1.99592953 -3.32915390 -24.70930114
P2  3.32915390 -1.99592953 -24.70930114
P2  1.99592953  24.70930114  3.32915390
P2  3.32915390  24.70930114  1.99592953
P2  7.35900874 -8.69081675 -24.72885980
P2  8.69081675 -7.35900874 -24.72885980
P2  7.35900874  24.72885980  8.69081675
P2  8.69081675  24.72885980  7.35900874
P1  12.15188391 -12.15188391 -22.86422937
P2  14.16314669 -7.20705209 -19.51331245
P2  14.16314669  19.51331245  7.20705209
P1  12.15188391  22.86422937  12.15188391
P1  17.51161264 -12.15929070 -17.51161264
P2  19.51331245 -7.20705209 -14.16314669
P2  19.51331245  14.16314669  7.20705209
P1  17.51161264  17.51161264  12.15929070
P1  22.86422937 -12.15188391 -12.15188391
P2  24.72885980 -8.69081675 -7.35900874
P2  24.72885980 -7.35900874 -8.69081675
P2  24.70930114 -3.32915390 -1.99592953
P2  24.70930114 -1.99592953 -3.32915390
P2  24.70930114  1.99592953  3.32915390
P2  24.70930114  3.32915390  1.99592953
P2  24.72885980  7.35900874  8.69081675
P2  24.72885980  8.69081675  7.35900874
P1  22.86422937  12.15188391  12.15188391
P2  1.99902679  7.34673024 -24.72092295
P2  3.32904524  8.68695226 -24.72597797
P1 -1.47643372  12.14528405 -22.85715235
P2  3.47915940  14.15765514 -19.51227121
P1 -1.47086671  17.50467829 -17.50467829
P2  3.47915940  19.51227121 -14.15765514
P1 -1.47643372  22.85715235 -12.14528405
P2  1.99902679  24.72092295 -7.34673024
P2  3.32904524  24.72597797 -8.68695226
P2  7.34673024  1.99902679 -24.72092295
P2  8.68695226  3.32904524 -24.72597797
P2  7.34673024  24.72092295 -1.99902679
P2  8.68695226  24.72597797 -3.32904524
P1  12.14528405 -1.47643372 -22.85715235
P2  14.15765514  3.47915940 -19.51227121
P2  14.15765514  19.51227121 -3.47915940
P1  12.14528405  22.85715235  1.47643372
P1  17.50467829 -1.47086671 -17.50467829
P2  19.51227121  3.47915940 -14.15765514
P2  19.51227121  14.15765514 -3.47915940
P1  17.50467829  17.50467829  1.47086671
P1  22.85715235 -1.47643372 -12.14528405
P2  24.72092295  1.99902679 -7.34673024
P2  24.72597797  3.32904524 -8.68695226
P2  24.72092295  7.34673024 -1.99902679
P2  24.72597797  8.68695226 -3.32904524
P1  22.85715235  12.14528405  1.47643372
P1  9.21720559  12.15638146 -22.87472680
P1  12.15638146  9.21720559 -22.87472680
P2  14.15428954  14.15428954 -19.51329733
P1  9.21197578  17.50178323 -17.50178323
P2  14.15428954  19.51329733 -14.15428954
P1  9.21720559  22.87472680 -12.15638146
P1  12.15638146  22.87472680 -9.21720559
P1  17.50178323  9.21197578 -17.50178323
P2  19.51329733  14.15428954 -14.15428954
P1  17.50178323  17.50178323 -9.21197578
P1  22.87472680  9.21720559 -12.15638146
P1  22.87472680  12.15638146 -9.21720559
