0 -0.251447278190487 1.02857e-06
1 -0.251447278189183 5.76655e-06
2 -0.25097356909684 3.63522e-06
3 -0.25094720492941 5.59667e-06
4 -0.250522512316773 1.08699e-06
5 -0.250522512312994 7.65298e-06
6 -0.249580643657837 4.55568e-07
7 -0.249580643657647 1.75386e-06
8 -0.249580643656911 1.09203e-06
9 -0.24953286550851 9.68819e-07
10 -0.249532865508194 5.21581e-07
11 -0.249532865507762 2.32133e-06
12 -0.248562201211743 2.46925e-07
13 -0.248562201203244 3.03503e-07
14 -0.248562201203208 2.72278e-07
15 -0.247748090440312 2.16227e-07
16 -0.247748090440271 4.86375e-07
17 -0.247709519876481 2.28689e-07
18 -0.247709519876437 8.90742e-07
19 -0.247709519873721 1.35408e-06
20 -0.246871049312221 3.13733e-07
21 -0.246871049305492 1.74672e-07
22 -0.246871049305478 3.95811e-07
23 -0.246085907513667 1.37432e-07
24 -0.246085907513053 2.1995e-07
25 -0.246085907513047 1.66037e-07
26 -0.245368387913094 1.29021e-07
27 -0.245368387913086 2.75621e-07
28 -0.245189976235391 1.47984e-07
29 -0.245189976235391 2.09529e-07
30 -0.245189976230333 1.2666e-07
31 -0.244710711596783 1.21344e-07
32 -0.244710711593706 9.72151e-08
33 -0.244710711593703 2.08683e-07
34 -0.244047816504326 1.59797e-07
35 -0.243724981838922 9.66783e-08
36 -0.24372498183892 1.18713e-07
37 -0.243395864113605 1.34524e-07
38 -0.243395864113599 8.13189e-08
39 -0.243395864109168 9.77844e-08
40 -0.243376019362036 6.58017e-08
41 -0.243376019361368 6.47922e-08
42 -0.243376019361366 5.45599e-08
43 -0.242170187006035 2.90954e-08
44 -0.242170187006033 1.03674e-07
45 -0.242170187001152 2.73752e-08
46 -0.241460568416628 6.55376e-08
47 -0.240681803765499 3.45469e-08
48 -0.240681803765498 4.74152e-08
49 -0.239863118192061 2.68635e-08
50 -0.239863118192057 1.89953e-08
51 -0.239863118190617 3.18289e-08
52 -0.239654297832577 2.34131e-08
53 -0.239235801830165 4.36034e-08
54 -0.239235801829764 2.48508e-08
55 -0.239235801829762 1.36876e-08
56 -0.237178993331072 3.18289e-08
57 -0.237178993331068 1.20713e-08
58 -0.237178993328911 3.92484e-08
59 -0.237002939902364 2.14002e-08
60 -0.237002939902358 5.35328e-08
61 -0.237002939900505 4.41569e-08
62 -0.236047677044481 1.31709e-08
63 -0.236047677035173 5.44326e-08
64 -0.236047677035171 4.29621e-08
65 -0.233665696571342 3.06064e-08
66 -0.233665696571339 6.5166e-08
67 -0.232581705606443 4.3284e-08
68 -0.23258170560644 5.77119e-08
69 -0.232581705605756 4.08085e-08
70 -0.232092125015903 3.20462e-08
71 -0.232092125015898 2.66039e-08
72 -0.231831575223111 4.81414e-08
73 -0.23183157522157 4.49357e-08
74 -0.231831575221568 2.58096e-08
75 -0.229155779032704 3.45469e-08
76 -0.228857394058982 3.80819e-08
77 -0.228857394058467 4.9841e-08
78 -0.228857394058463 1.78659e-08
79 -0.226932222344264 1.49012e-08
80 -0.22693222234426 7.90253e-09
81 -0.226656933165836 4.7342e-08
82 -0.226656933165834 4.50129e-08
83 -0.22665693316474 5.27494e-08
84 -0.223912663935386 3.41428e-08
85 -0.223912663934458 2.28127e-08
86 -0.223912663934455 6.09856e-08
87 -0.22384464013747 4.74883e-08
88 -0.223844640137468 3.16101e-08
89 -0.223844640133475 4.89277e-08
90 -0.125745179441587 3.53903e-08
91 -0.125120424563928 2.9333e-08
92 -0.125120424563928 1.59144e-08
93 -0.121686250171844 1.79143e-08
94 -0.12168625017184 1.41855e-08
95 -0.121686250167899 2.63418e-09
96 -0.114388315999289 2.31897e-08
97 -0.114388315999287 1.0861e-08
98 -0.114388315998792 2.58432e-08
99 -0.114324258407874 3.29536e-08
100 -0.113703854729018 2.38171e-08
101 -0.113703854729016 1.88118e-08
102 -0.113656334633652 2.34131e-08
103 -0.113470308564315 1.27697e-08
104 -0.113470308564314 2.34501e-08
105 -0.11347030856246 2.28886e-08
106 -0.112812728154388 2.30396e-08
107 -0.11281272814869 1.09406e-08
108 -0.112812728148687 4.165e-09
109 -0.112474707838061 2.70565e-08
110 -0.11247470783806 1.42465e-08
111 -0.112474707835422 2.26983e-08
112 -0.108573452502554 3.13345e-08
113 -0.107570184190466 1.73236e-08
114 -0.107570184190464 1.29048e-08
115 -0.107570184164655 1.16322e-08
116 -0.106455510483156 3.41682e-08
117 -0.106455510483152 2.9333e-08
118 -0.106455510462868 2.71525e-08
119 -0.106198500143425 2.57423e-08
120 -0.106198500125635 1.8107e-08
121 -0.106198500125629 1.04541e-08
122 -0.104569544008445 2.67015e-08
123 -0.104266236006728 1.6712e-08
124 -0.104266236006726 3.39901e-08
125 -0.104236809802591 1.5584e-08
126 -0.104236809802589 2.9333e-08
127 -0.104236809790419 2.65059e-08
128 -0.103547805044436 3.2262e-09
129 -0.103348462769364 3.07759e-08
130 -0.10334846276936 1.84392e-08
131 -0.103348462748263 3.32679e-08
132 -0.102856399486244 4.38217e-08
133 -0.10285639948624 3.6902e-08
134 -0.101693693741907 4.72503e-08
135 -0.10169369369382 3.18561e-08
136 -0.101693693693818 4.26582e-08
137 -0.101463198545376 1.75227e-08
138 -0.0981656229840631 1.06171e-07
139 -0.0981656229155063 2.52778e-07
140 -0.0981656229155038 2.56829e-07
141 -0.0977766328196831 2.63148e-07
142 -0.0976055946154495 4.11529e-07
143 -0.0976055946154415 2.9676e-07
144 -0.0976055946139313 1.34401e-07
145 -0.0974072548206241 2.70517e-07
146 -0.0974072548206119 2.66804e-07
147 -0.0974072547899127 2.07929e-07
148 -0.0969262688396929 2.39569e-07
149 -0.0969262688396581 7.0648e-07
