933
P -23.15178898 -12.86723874  2.57745397
P -23.15122206 -7.71990861  7.71990861
P -23.15178898 -2.57745397  12.86723874
P -17.99586059 -17.99586059  2.55432372
Ga -20.55662828 -15.42428367  5.13735238
P -17.99087171 -12.85367051  7.71047888
Ga -20.55889595 -10.28260382  10.28260382
P -17.99087171 -7.71047888  12.85367051
Ga -20.55662828 -5.13735238  15.42428367
P -17.99586059 -2.55432372  17.99586059
P -12.86723874 -23.15178898  2.57745397
Ga -15.42428367 -20.55662828  5.13735238
P -12.85367051 -17.99087171  7.71047888
Ga -15.42711826 -15.42711826  10.28628878
P -12.85552244 -12.85552244  12.85552244
Ga -15.42711826 -10.28628878  15.42711826
P -12.85367051 -7.71047888  17.99087171
Ga -15.42428367 -5.13735238  20.55662828
P -12.86723874 -2.57745397  23.15178898
P -7.71990861 -23.15122206  7.71990861
Ga -10.28260382 -20.55889595  10.28260382
P -7.71047888 -17.99087171  12.85367051
Ga -10.28628878 -15.42711826  15.42711826
P -7.71047888 -12.85367051  17.99087171
Ga -10.28260382 -10.28260382  20.55889595
P -7.71990861 -7.71990861  23.15122206
P -2.57745397 -23.15178898  12.86723874
Ga -5.13735238 -20.55662828  15.42428367
P -2.55432372 -17.99586059  17.99586059
Ga -5.13735238 -15.42428367  20.55662828
P -2.57745397 -12.86723874  23.15178898
P -23.15178898 -7.72253533 -2.57420364
Ga -25.72899728 -5.15649531  0.00016816
P -23.16199350 -2.57439261  2.57439261
Ga -25.72899728 -0.00016816  5.15649531
P -23.15178898  2.57420364  7.72253533
P -17.98799933 -17.98799933 -7.70981747
Ga -20.59253307 -15.42953711 -5.15169540
P -18.01305710 -12.85998219 -2.57756735
Ga -20.58289547 -10.29207134  0.00105560
P -18.00929654 -7.71605357  2.57087772
Ga -20.58384033 -5.14447665  5.14447665
P -18.00929654 -2.57087772  7.71605357
Ga -20.58289547 -0.00105560  10.29207134
P -18.01305710  2.57756735  12.85998219
Ga -20.59253307  5.15169540  15.42953711
P -17.98799933  7.70981747  17.98799933
Ga -15.42953711 -20.59253307 -5.15169540
P -12.85998219 -18.01305710 -2.57756735
Ga -15.42849776 -15.42849776 -0.01452693
P -12.85784680 -12.85784680  2.56375345
Ga -15.42590883 -10.28296286  5.13714451
P -12.85627833 -7.71199066  7.71199066
Ga -15.42590883 -5.13714451  10.28296286
P -12.85784680 -2.56375345  12.85784680
Ga -15.42849776  0.01452693  15.42849776
P -12.85998219  2.57756735  18.01305710
Ga -15.42953711  5.15169540  20.59253307
P -7.72253533 -23.15178898 -2.57420364
Ga -10.29207134 -20.58289547  0.00105560
P -7.71605357 -18.00929654  2.57087772
Ga -10.28296286 -15.42590883  5.13714451
P -7.71199066 -12.85627833  7.71199066
Ga -10.28386993 -10.28386993  10.28386993
P -7.71199066 -7.71199066  12.85627833
Ga -10.28296286 -5.13714451  15.42590883
P -7.71605357 -2.57087772  18.00929654
Ga -10.29207134 -0.00105560  20.58289547
P -7.72253533  2.57420364  23.15178898
Ga -5.15649531 -25.72899728  0.00016816
P -2.57439261 -23.16199350  2.57439261
Ga -5.14447665 -20.58384033  5.14447665
P -2.57087772 -18.00929654  7.71605357
Ga -5.13714451 -15.42590883  10.28296286
P -2.56375345 -12.85784680  12.85784680
Ga -5.13714451 -10.28296286  15.42590883
P -2.57087772 -7.71605357  18.00929654
Ga -5.14447665 -5.14447665  20.58384033
P -2.57439261 -2.57439261  23.16199350
Ga -5.15649531 -0.00016816  25.72899728
Ga -0.00016816 -25.72899728  5.15649531
P  2.57420364 -23.15178898  7.72253533
Ga -0.00105560 -20.58289547  10.29207134
P  2.57756735 -18.01305710  12.85998219
Ga  0.01452693 -15.42849776  15.42849776
P  2.57756735 -12.85998219  18.01305710
Ga -0.00105560 -10.29207134  20.58289547
P  2.57420364 -7.72253533  23.15178898
Ga -0.00016816 -5.15649531  25.72899728
Ga  5.15169540 -20.59253307  15.42953711
P  7.70981747 -17.98799933  17.98799933
Ga  5.15169540 -15.42953711  20.59253307
P -23.15178898 -2.57420364 -7.72253533
Ga -25.72899728  0.00016816 -5.15649531
P -23.16199350  2.57439261 -2.57439261
Ga -25.72899728  5.15649531 -0.00016816
P -23.15178898  7.72253533  2.57420364
P -17.99376299 -12.84864384 -12.84864384
Ga -20.57514759 -10.27513940 -10.27513940
P -18.00324942 -7.70904268 -7.70904268
Ga -20.58270650 -5.14345620 -5.14345620
P -18.01286812 -2.57055647 -2.57055647
Ga -20.58988745 -0.00000000 -0.00000000
P -18.01286812  2.57055647  2.57055647
Ga -20.58270650  5.14345620  5.14345620
P -18.00324942  7.70904268  7.70904268
Ga -20.57514759  10.27513940  10.27513940
P -17.99376299  12.84864384  12.84864384
P -12.84864384 -17.99376299 -12.84864384
Ga -15.41906803 -15.41906803 -10.27950467
P -12.85170519 -12.85170519 -7.70788995
Ga -15.43358112 -10.28481480 -5.14073499
P -12.86213648 -7.71346464 -2.57025411
Ga -15.43756844 -5.14234126 -0.00015171
P -12.86372385 -2.57131236  2.57131236
Ga -15.43756844  0.00015171  5.14234126
P -12.86213648  2.57025411  7.71346464
Ga -15.43358112  5.14073499  10.28481480
P -12.85170519  7.70788995  12.85170519
Ga -15.41906803  10.27950467  15.41906803
P -12.84864384  12.84864384  17.99376299
Ga -10.27513940 -20.57514759 -10.27513940
P -7.70904268 -18.00324942 -7.70904268
Ga -10.28481480 -15.43358112 -5.14073499
P -7.71346464 -12.86213648 -2.57025411
Ga -10.28558958 -10.28558958 -0.00322378
P -7.71476855 -7.71476855  2.57032970
Ga -10.28640217 -5.14116963  5.14116963
P -7.71476855 -2.57032970  7.71476855
Ga -10.28558958  0.00322378  10.28558958
P -7.71346464  2.57025411  12.86213648
Ga -10.28481480  5.14073499  15.43358112
P -7.70904268  7.70904268  18.00324942
Ga -10.27513940  10.27513940  20.57514759
P -2.57420364 -23.15178898 -7.72253533
Ga -5.14345620 -20.58270650 -5.14345620
P -2.57055647 -18.01286812 -2.57055647
Ga -5.14234126 -15.43756844 -0.00015171
P -2.57131236 -12.86372385  2.57131236
Ga -5.14116963 -10.28640217  5.14116963
P -2.57032970 -7.71476855  7.71476855
Ga -5.14116963 -5.14116963  10.28640217
P -2.57131236 -2.57131236  12.86372385
Ga -5.14234126  0.00015171  15.43756844
P -2.57055647  2.57055647  18.01286812
Ga -5.14345620  5.14345620  20.58270650
P -2.57420364  7.72253533  23.15178898
Ga  0.00016816 -25.72899728 -5.15649531
P  2.57439261 -23.16199350 -2.57439261
Ga  0.00000000 -20.58988745 -0.00000000
P  2.57055647 -18.01286812  2.57055647
Ga  0.00015171 -15.43756844  5.14234126
P  2.57025411 -12.86213648  7.71346464
Ga  0.00322378 -10.28558958  10.28558958
P  2.57025411 -7.71346464  12.86213648
Ga  0.00015171 -5.14234126  15.43756844
P  2.57055647 -2.57055647  18.01286812
Ga  0.00000000 -0.00000000  20.58988745
P  2.57439261  2.57439261  23.16199350
Ga  0.00016816  5.15649531  25.72899728
Ga  5.15649531 -25.72899728 -0.00016816
P  7.72253533 -23.15178898  2.57420364
Ga  5.14345620 -20.58270650  5.14345620
P  7.70904268 -18.00324942  7.70904268
Ga  5.14073499 -15.43358112  10.28481480
P  7.70788995 -12.85170519  12.85170519
Ga  5.14073499 -10.28481480  15.43358112
P  7.70904268 -7.70904268  18.00324942
Ga  5.14345620 -5.14345620  20.58270650
P  7.72253533 -2.57420364  23.15178898
Ga  5.15649531  0.00016816  25.72899728
Ga  10.27513940 -20.57514759  10.27513940
P  12.84864384 -17.99376299  12.84864384
Ga  10.27950467 -15.41906803  15.41906803
P  12.84864384 -12.84864384  17.99376299
Ga  10.27513940 -10.27513940  20.57514759
P -23.15178898  2.57745397 -12.86723874
P -23.15122206  7.71990861 -7.71990861
P -23.15178898  12.86723874 -2.57745397
P -17.98799933 -7.70981747 -17.98799933
Ga -20.59253307 -5.15169540 -15.42953711
P -18.01305710 -2.57756735 -12.85998219
Ga -20.58289547  0.00105560 -10.29207134
P -18.00929654  2.57087772 -7.71605357
Ga -20.58384033  5.14447665 -5.14447665
P -18.00929654  7.71605357 -2.57087772
Ga -20.58289547  10.29207134 -0.00105560
P -18.01305710  12.85998219  2.57756735
Ga -20.59253307  15.42953711  5.15169540
P -17.98799933  17.98799933  7.70981747
P -12.84864384 -12.84864384 -17.99376299
Ga -15.41906803 -10.27950467 -15.41906803
P -12.85170519 -7.70788995 -12.85170519
Ga -15.43358112 -5.14073499 -10.28481480
P -12.86213648 -2.57025411 -7.71346464
Ga -15.43756844 -0.00015171 -5.14234126
P -12.86372385  2.57131236 -2.57131236
Ga -15.43756844  5.14234126  0.00015171
P -12.86213648  7.71346464  2.57025411
Ga -15.43358112  10.28481480  5.14073499
P -12.85170519  12.85170519  7.70788995
Ga -15.41906803  15.41906803  10.27950467
P -12.84864384  17.99376299  12.84864384
P -7.70981747 -17.98799933 -17.98799933
Ga -10.27950467 -15.41906803 -15.41906803
P -7.70788995 -12.85170519 -12.85170519
Ga -10.28126211 -10.28126211 -10.28126211
P -7.71187727 -7.71187727 -7.71187727
Ga -10.28919896 -5.14230346 -5.14230346
P -7.71703623 -2.57131236 -2.57131236
Ga -10.29014382 -0.00000000 -0.00000000
P -7.71703623  2.57131236  2.57131236
Ga -10.28919896  5.14230346  5.14230346
P -7.71187727  7.71187727  7.71187727
Ga -10.28126211  10.28126211  10.28126211
P -7.70788995  12.85170519  12.85170519
Ga -10.27950467  15.41906803  15.41906803
P -7.70981747  17.98799933  17.98799933
Ga -5.15169540 -20.59253307 -15.42953711
P -2.57756735 -18.01305710 -12.85998219
Ga -5.14073499 -15.43358112 -10.28481480
P -2.57025411 -12.86213648 -7.71346464
Ga -5.14230346 -10.28919896 -5.14230346
P -2.57131236 -7.71703623 -2.57131236
Ga -5.14332391 -5.14332391 -0.00075874
P -2.57150133 -2.57150133  2.57150133
Ga -5.14332391  0.00075874  5.14332391
P -2.57131236  2.57131236  7.71703623
Ga -5.14230346  5.14230346  10.28919896
P -2.57025411  7.71346464  12.86213648
Ga -5.14073499  10.28481480  15.43358112
P -2.57756735  12.85998219  18.01305710
Ga -5.15169540  15.42953711  20.59253307
P  2.57745397 -23.15178898 -12.86723874
Ga  0.00105560 -20.58289547 -10.29207134
P  2.57087772 -18.00929654 -7.71605357
Ga -0.00015171 -15.43756844 -5.14234126
P  2.57131236 -12.86372385 -2.57131236
Ga  0.00000000 -10.29014382 -0.00000000
P  2.57131236 -7.71703623  2.57131236
Ga  0.00075874 -5.14332391  5.14332391
P  2.57131236 -2.57131236  7.71703623
Ga  0.00000000  0.00000000  10.29014382
P  2.57131236  2.57131236  12.86372385
Ga -0.00015171  5.14234126  15.43756844
P  2.57087772  7.71605357  18.00929654
Ga  0.00105560  10.29207134  20.58289547
P  2.57745397  12.86723874  23.15178898
P  7.71990861 -23.15122206 -7.71990861
Ga  5.14447665 -20.58384033 -5.14447665
P  7.71605357 -18.00929654 -2.57087772
Ga  5.14234126 -15.43756844  0.00015171
P  7.71346464 -12.86213648  2.57025411
Ga  5.14230346 -10.28919896  5.14230346
P  7.71187727 -7.71187727  7.71187727
Ga  5.14230346 -5.14230346  10.28919896
P  7.71346464 -2.57025411  12.86213648
Ga  5.14234126 -0.00015171  15.43756844
P  7.71605357  2.57087772  18.00929654
Ga  5.14447665  5.14447665  20.58384033
P  7.71990861  7.71990861  23.15122206
P  12.86723874 -23.15178898 -2.57745397
Ga  10.29207134 -20.58289547 -0.00105560
P  12.85998219 -18.01305710  2.57756735
Ga  10.28481480 -15.43358112  5.14073499
P  12.85170519 -12.85170519  7.70788995
Ga  10.28126211 -10.28126211  10.28126211
P  12.85170519 -7.70788995  12.85170519
Ga  10.28481480 -5.14073499  15.43358112
P  12.85998219 -2.57756735  18.01305710
Ga  10.29207134  0.00105560  20.58289547
P  12.86723874  2.57745397  23.15178898
Ga  15.42953711 -20.59253307  5.15169540
P  17.98799933 -17.98799933  7.70981747
Ga  15.41906803 -15.41906803  10.27950467
P  17.99376299 -12.84864384  12.84864384
Ga  15.41906803 -10.27950467  15.41906803
P  17.98799933 -7.70981747  17.98799933
Ga  15.42953711 -5.15169540  20.59253307
P -17.99586059  2.55432372 -17.99586059
Ga -20.55662828  5.13735238 -15.42428367
P -17.99087171  7.71047888 -12.85367051
Ga -20.55889595  10.28260382 -10.28260382
P -17.99087171  12.85367051 -7.71047888
Ga -20.55662828  15.42428367 -5.13735238
P -17.99586059  17.99586059 -2.55432372
Ga -15.42953711 -5.15169540 -20.59253307
P -12.85998219 -2.57756735 -18.01305710
Ga -15.42849776 -0.01452693 -15.42849776
P -12.85784680  2.56375345 -12.85784680
Ga -15.42590883  5.13714451 -10.28296286
P -12.85627833  7.71199066 -7.71199066
Ga -15.42590883  10.28296286 -5.13714451
P -12.85784680  12.85784680 -2.56375345
Ga -15.42849776  15.42849776  0.01452693
P -12.85998219  18.01305710  2.57756735
Ga -15.42953711  20.59253307  5.15169540
Ga -10.27513940 -10.27513940 -20.57514759
P -7.70904268 -7.70904268 -18.00324942
Ga -10.28481480 -5.14073499 -15.43358112
P -7.71346464 -2.57025411 -12.86213648
Ga -10.28558958 -0.00322378 -10.28558958
P -7.71476855  2.57032970 -7.71476855
Ga -10.28640217  5.14116963 -5.14116963
P -7.71476855  7.71476855 -2.57032970
Ga -10.28558958  10.28558958  0.00322378
P -7.71346464  12.86213648  2.57025411
Ga -10.28481480  15.43358112  5.14073499
P -7.70904268  18.00324942  7.70904268
Ga -10.27513940  20.57514759  10.27513940
Ga -5.15169540 -15.42953711 -20.59253307
P -2.57756735 -12.85998219 -18.01305710
Ga -5.14073499 -10.28481480 -15.43358112
P -2.57025411 -7.71346464 -12.86213648
Ga -5.14230346 -5.14230346 -10.28919896
P -2.57131236 -2.57131236 -7.71703623
Ga -5.14332391 -0.00075874 -5.14332391
P -2.57150133  2.57150133 -2.57150133
Ga -5.14332391  5.14332391  0.00075874
P -2.57131236  7.71703623  2.57131236
Ga -5.14230346  10.28919896  5.14230346
P -2.57025411  12.86213648  7.71346464
Ga -5.14073499  15.43358112  10.28481480
P -2.57756735  18.01305710  12.85998219
Ga -5.15169540  20.59253307  15.42953711
P  2.55432372 -17.99586059 -17.99586059
Ga -0.01452693 -15.42849776 -15.42849776
P  2.56375345 -12.85784680 -12.85784680
Ga -0.00322378 -10.28558958 -10.28558958
P  2.57032970 -7.71476855 -7.71476855
Ga -0.00075874 -5.14332391 -5.14332391
P  2.57150133 -2.57150133 -2.57150133
Ga -0.00000000  0.00000000 -0.00000000
P  2.57150133  2.57150133  2.57150133
Ga -0.00075874  5.14332391  5.14332391
P  2.57032970  7.71476855  7.71476855
Ga -0.00322378  10.28558958  10.28558958
P  2.56375345  12.85784680  12.85784680
Ga -0.01452693  15.42849776  15.42849776
P  2.55432372  17.99586059  17.99586059
Ga  5.13735238 -20.55662828 -15.42428367
P  7.71047888 -17.99087171 -12.85367051
Ga  5.13714451 -15.42590883 -10.28296286
P  7.71199066 -12.85627833 -7.71199066
Ga  5.14116963 -10.28640217 -5.14116963
P  7.71476855 -7.71476855 -2.57032970
Ga  5.14332391 -5.14332391  0.00075874
P  7.71703623 -2.57131236  2.57131236
Ga  5.14332391 -0.00075874  5.14332391
P  7.71476855  2.57032970  7.71476855
Ga  5.14116963  5.14116963  10.28640217
P  7.71199066  7.71199066  12.85627833
Ga  5.13714451  10.28296286  15.42590883
P  7.71047888  12.85367051  17.99087171
Ga  5.13735238  15.42428367  20.55662828
Ga  10.28260382 -20.55889595 -10.28260382
P  12.85367051 -17.99087171 -7.71047888
Ga  10.28296286 -15.42590883 -5.13714451
P  12.85784680 -12.85784680 -2.56375345
Ga  10.28558958 -10.28558958  0.00322378
P  12.86213648 -7.71346464  2.57025411
Ga  10.28919896 -5.14230346  5.14230346
P  12.86213648 -2.57025411  7.71346464
Ga  10.28558958 -0.00322378  10.28558958
P  12.85784680  2.56375345  12.85784680
Ga  10.28296286  5.13714451  15.42590883
P  12.85367051  7.71047888  17.99087171
Ga  10.28260382  10.28260382  20.55889595
Ga  15.42428367 -20.55662828 -5.13735238
P  17.99586059 -17.99586059 -2.55432372
Ga  15.42849776 -15.42849776  0.01452693
P  18.01305710 -12.85998219  2.57756735
Ga  15.43358112 -10.28481480  5.14073499
P  18.00324942 -7.70904268  7.70904268
Ga  15.43358112 -5.14073499  10.28481480
P  18.01305710 -2.57756735  12.85998219
Ga  15.42849776 -0.01452693  15.42849776
P  17.99586059  2.55432372  17.99586059
Ga  15.42428367  5.13735238  20.55662828
Ga  20.59253307 -15.42953711  5.15169540
Ga  20.57514759 -10.27513940  10.27513940
Ga  20.59253307 -5.15169540  15.42953711
P -12.86723874  2.57745397 -23.15178898
Ga -15.42428367  5.13735238 -20.55662828
P -12.85367051  7.71047888 -17.99087171
Ga -15.42711826  10.28628878 -15.42711826
P -12.85552244  12.85552244 -12.85552244
Ga -15.42711826  15.42711826 -10.28628878
P -12.85367051  17.99087171 -7.71047888
Ga -15.42428367  20.55662828 -5.13735238
P -12.86723874  23.15178898 -2.57745397
P -7.72253533 -2.57420364 -23.15178898
Ga -10.29207134  0.00105560 -20.58289547
P -7.71605357  2.57087772 -18.00929654
Ga -10.28296286  5.13714451 -15.42590883
P -7.71199066  7.71199066 -12.85627833
Ga -10.28386993  10.28386993 -10.28386993
P -7.71199066  12.85627833 -7.71199066
Ga -10.28296286  15.42590883 -5.13714451
P -7.71605357  18.00929654 -2.57087772
Ga -10.29207134  20.58289547 -0.00105560
P -7.72253533  23.15178898  2.57420364
P -2.57420364 -7.72253533 -23.15178898
Ga -5.14345620 -5.14345620 -20.58270650
P -2.57055647 -2.57055647 -18.01286812
Ga -5.14234126 -0.00015171 -15.43756844
P -2.57131236  2.57131236 -12.86372385
Ga -5.14116963  5.14116963 -10.28640217
P -2.57032970  7.71476855 -7.71476855
Ga -5.14116963  10.28640217 -5.14116963
P -2.57131236  12.86372385 -2.57131236
Ga -5.14234126  15.43756844  0.00015171
P -2.57055647  18.01286812  2.57055647
Ga -5.14345620  20.58270650  5.14345620
P -2.57420364  23.15178898  7.72253533
P  2.57745397 -12.86723874 -23.15178898
Ga  0.00105560 -10.29207134 -20.58289547
P  2.57087772 -7.71605357 -18.00929654
Ga -0.00015171 -5.14234126 -15.43756844
P  2.57131236 -2.57131236 -12.86372385
Ga  0.00000000  0.00000000 -10.29014382
P  2.57131236  2.57131236 -7.71703623
Ga  0.00075874  5.14332391 -5.14332391
P  2.57131236  7.71703623 -2.57131236
Ga  0.00000000  10.29014382 -0.00000000
P  2.57131236  12.86372385  2.57131236
Ga -0.00015171  15.43756844  5.14234126
P  2.57087772  18.00929654  7.71605357
Ga  0.00105560  20.58289547  10.29207134
P  2.57745397  23.15178898  12.86723874
Ga  5.13735238 -15.42428367 -20.55662828
P  7.71047888 -12.85367051 -17.99087171
Ga  5.13714451 -10.28296286 -15.42590883
P  7.71199066 -7.71199066 -12.85627833
Ga  5.14116963 -5.14116963 -10.28640217
P  7.71476855 -2.57032970 -7.71476855
Ga  5.14332391  0.00075874 -5.14332391
P  7.71703623  2.57131236 -2.57131236
Ga  5.14332391  5.14332391 -0.00075874
P  7.71476855  7.71476855  2.57032970
Ga  5.14116963  10.28640217  5.14116963
P  7.71199066  12.85627833  7.71199066
Ga  5.13714451  15.42590883  10.28296286
P  7.71047888  17.99087171  12.85367051
Ga  5.13735238  20.55662828  15.42428367
Ga  10.28628878 -15.42711826 -15.42711826
P  12.85552244 -12.85552244 -12.85552244
Ga  10.28386993 -10.28386993 -10.28386993
P  12.85627833 -7.71199066 -7.71199066
Ga  10.28640217 -5.14116963 -5.14116963
P  12.86372385 -2.57131236 -2.57131236
Ga  10.29014382  0.00000000 -0.00000000
P  12.86372385  2.57131236  2.57131236
Ga  10.28640217  5.14116963  5.14116963
P  12.85627833  7.71199066  7.71199066
Ga  10.28386993  10.28386993  10.28386993
P  12.85552244  12.85552244  12.85552244
Ga  10.28628878  15.42711826  15.42711826
Ga  15.42711826 -15.42711826 -10.28628878
P  17.99087171 -12.85367051 -7.71047888
Ga  15.42590883 -10.28296286 -5.13714451
P  18.00929654 -7.71605357 -2.57087772
Ga  15.43756844 -5.14234126  0.00015171
P  18.01286812 -2.57055647  2.57055647
Ga  15.43756844 -0.00015171  5.14234126
P  18.00929654  2.57087772  7.71605357
Ga  15.42590883  5.13714451  10.28296286
P  17.99087171  7.71047888  12.85367051
Ga  15.42711826  10.28628878  15.42711826
Ga  20.55662828 -15.42428367 -5.13735238
P  23.15178898 -12.86723874 -2.57745397
Ga  20.58289547 -10.29207134 -0.00105560
P  23.15178898 -7.72253533  2.57420364
Ga  20.58270650 -5.14345620  5.14345620
P  23.15178898 -2.57420364  7.72253533
Ga  20.58289547  0.00105560  10.29207134
P  23.15178898  2.57745397  12.86723874
Ga  20.55662828  5.13735238  15.42428367
P -7.71990861  7.71990861 -23.15122206
Ga -10.28260382  10.28260382 -20.55889595
P -7.71047888  12.85367051 -17.99087171
Ga -10.28628878  15.42711826 -15.42711826
P -7.71047888  17.99087171 -12.85367051
Ga -10.28260382  20.55889595 -10.28260382
P -7.71990861  23.15122206 -7.71990861
Ga -5.15649531  0.00016816 -25.72899728
P -2.57439261  2.57439261 -23.16199350
Ga -5.14447665  5.14447665 -20.58384033
P -2.57087772  7.71605357 -18.00929654
Ga -5.13714451  10.28296286 -15.42590883
P -2.56375345  12.85784680 -12.85784680
Ga -5.13714451  15.42590883 -10.28296286
P -2.57087772  18.00929654 -7.71605357
Ga -5.14447665  20.58384033 -5.14447665
P -2.57439261  23.16199350 -2.57439261
Ga -5.15649531  25.72899728 -0.00016816
Ga  0.00016816 -5.15649531 -25.72899728
P  2.57439261 -2.57439261 -23.16199350
Ga  0.00000000 -0.00000000 -20.58988745
P  2.57055647  2.57055647 -18.01286812
Ga  0.00015171  5.14234126 -15.43756844
P  2.57025411  7.71346464 -12.86213648
Ga  0.00322378  10.28558958 -10.28558958
P  2.57025411  12.86213648 -7.71346464
Ga  0.00015171  15.43756844 -5.14234126
P  2.57055647  18.01286812 -2.57055647
Ga  0.00000000  20.58988745 -0.00000000
P  2.57439261  23.16199350  2.57439261
Ga  0.00016816  25.72899728  5.15649531
P  7.71990861 -7.71990861 -23.15122206
Ga  5.14447665 -5.14447665 -20.58384033
P  7.71605357 -2.57087772 -18.00929654
Ga  5.14234126  0.00015171 -15.43756844
P  7.71346464  2.57025411 -12.86213648
Ga  5.14230346  5.14230346 -10.28919896
P  7.71187727  7.71187727 -7.71187727
Ga  5.14230346  10.28919896 -5.14230346
P  7.71346464  12.86213648 -2.57025411
Ga  5.14234126  15.43756844 -0.00015171
P  7.71605357  18.00929654  2.57087772
Ga  5.14447665  20.58384033  5.14447665
P  7.71990861  23.15122206  7.71990861
Ga  10.28260382 -10.28260382 -20.55889595
P  12.85367051 -7.71047888 -17.99087171
Ga  10.28296286 -5.13714451 -15.42590883
P  12.85784680 -2.56375345 -12.85784680
Ga  10.28558958  0.00322378 -10.28558958
P  12.86213648  2.57025411 -7.71346464
Ga  10.28919896  5.14230346 -5.14230346
P  12.86213648  7.71346464 -2.57025411
Ga  10.28558958  10.28558958 -0.00322378
P  12.85784680  12.85784680  2.56375345
Ga  10.28296286  15.42590883  5.13714451
P  12.85367051  17.99087171  7.71047888
Ga  10.28260382  20.55889595  10.28260382
Ga  15.42711826 -10.28628878 -15.42711826
P  17.99087171 -7.71047888 -12.85367051
Ga  15.42590883 -5.13714451 -10.28296286
P  18.00929654 -2.57087772 -7.71605357
Ga  15.43756844  0.00015171 -5.14234126
P  18.01286812  2.57055647 -2.57055647
Ga  15.43756844  5.14234126 -0.00015171
P  18.00929654  7.71605357  2.57087772
Ga  15.42590883  10.28296286  5.13714451
P  17.99087171  12.85367051  7.71047888
Ga  15.42711826  15.42711826  10.28628878
Ga  20.55889595 -10.28260382 -10.28260382
P  23.15122206 -7.71990861 -7.71990861
Ga  20.58384033 -5.14447665 -5.14447665
P  23.16199350 -2.57439261 -2.57439261
Ga  20.58988745  0.00000000 -0.00000000
P  23.16199350  2.57439261  2.57439261
Ga  20.58384033  5.14447665  5.14447665
P  23.15122206  7.71990861  7.71990861
Ga  20.55889595  10.28260382  10.28260382
Ga  25.72899728 -5.15649531 -0.00016816
Ga  25.72899728  0.00016816  5.15649531
P -2.57745397  12.86723874 -23.15178898
Ga -5.13735238  15.42428367 -20.55662828
P -2.55432372  17.99586059 -17.99586059
Ga -5.13735238  20.55662828 -15.42428367
P -2.57745397  23.15178898 -12.86723874
Ga -0.00016816  5.15649531 -25.72899728
P  2.57420364  7.72253533 -23.15178898
Ga -0.00105560  10.29207134 -20.58289547
P  2.57756735  12.85998219 -18.01305710
Ga  0.01452693  15.42849776 -15.42849776
P  2.57756735  18.01305710 -12.85998219
Ga -0.00105560  20.58289547 -10.29207134
P  2.57420364  23.15178898 -7.72253533
Ga -0.00016816  25.72899728 -5.15649531
Ga  5.15649531 -0.00016816 -25.72899728
P  7.72253533  2.57420364 -23.15178898
Ga  5.14345620  5.14345620 -20.58270650
P  7.70904268  7.70904268 -18.00324942
Ga  5.14073499  10.28481480 -15.43358112
P  7.70788995  12.85170519 -12.85170519
Ga  5.14073499  15.43358112 -10.28481480
P  7.70904268  18.00324942 -7.70904268
Ga  5.14345620  20.58270650 -5.14345620
P  7.72253533  23.15178898 -2.57420364
Ga  5.15649531  25.72899728  0.00016816
P  12.86723874 -2.57745397 -23.15178898
Ga  10.29207134 -0.00105560 -20.58289547
P  12.85998219  2.57756735 -18.01305710
Ga  10.28481480  5.14073499 -15.43358112
P  12.85170519  7.70788995 -12.85170519
Ga  10.28126211  10.28126211 -10.28126211
P  12.85170519  12.85170519 -7.70788995
Ga  10.28481480  15.43358112 -5.14073499
P  12.85998219  18.01305710 -2.57756735
Ga  10.29207134  20.58289547  0.00105560
P  12.86723874  23.15178898  2.57745397
Ga  15.42428367 -5.13735238 -20.55662828
P  17.99586059 -2.55432372 -17.99586059
Ga  15.42849776  0.01452693 -15.42849776
P  18.01305710  2.57756735 -12.85998219
Ga  15.43358112  5.14073499 -10.28481480
P  18.00324942  7.70904268 -7.70904268
Ga  15.43358112  10.28481480 -5.14073499
P  18.01305710  12.85998219 -2.57756735
Ga  15.42849776  15.42849776 -0.01452693
P  17.99586059  17.99586059  2.55432372
Ga  15.42428367  20.55662828  5.13735238
Ga  20.55662828 -5.13735238 -15.42428367
P  23.15178898 -2.57745397 -12.86723874
Ga  20.58289547 -0.00105560 -10.29207134
P  23.15178898  2.57420364 -7.72253533
Ga  20.58270650  5.14345620 -5.14345620
P  23.15178898  7.72253533 -2.57420364
Ga  20.58289547  10.29207134  0.00105560
P  23.15178898  12.86723874  2.57745397
Ga  20.55662828  15.42428367  5.13735238
Ga  25.72899728 -0.00016816 -5.15649531
Ga  25.72899728  5.15649531  0.00016816
Ga  5.15169540  15.42953711 -20.59253307
P  7.70981747  17.98799933 -17.98799933
Ga  5.15169540  20.59253307 -15.42953711
Ga  10.27513940  10.27513940 -20.57514759
P  12.84864384  12.84864384 -17.99376299
Ga  10.27950467  15.41906803 -15.41906803
P  12.84864384  17.99376299 -12.84864384
Ga  10.27513940  20.57514759 -10.27513940
Ga  15.42953711  5.15169540 -20.59253307
P  17.98799933  7.70981747 -17.98799933
Ga  15.41906803  10.27950467 -15.41906803
P  17.99376299  12.84864384 -12.84864384
Ga  15.41906803  15.41906803 -10.27950467
P  17.98799933  17.98799933 -7.70981747
Ga  15.42953711  20.59253307 -5.15169540
Ga  20.59253307  5.15169540 -15.42953711
Ga  20.57514759  10.27513940 -10.27513940
Ga  20.59253307  15.42953711 -5.15169540
P2 -23.79760283 -13.51072824  1.93426851
P2 -23.79703592 -12.22720272  3.22517172
P2 -23.79661073 -8.36670512  7.08201270
P2 -23.79661073 -7.08201270  8.36670512
P2 -23.79703592 -3.22517172  12.22720272
P2 -23.79760283 -1.93426851  13.51072824
P2 -18.77044037 -18.77044037  1.78638926
P1 -21.96546624 -16.83541860  6.55911985
P1 -21.96648670 -11.70105576  11.70105576
P1 -21.96546624 -6.55911985  16.83541860
P2 -18.77044037 -1.78638926  18.77044037
P2 -13.51072824 -23.79760283  1.93426851
P2 -12.22720272 -23.79703592  3.22517172
P1 -16.83541860 -21.96546624  6.55911985
P1 -16.84351230 -16.84351230  11.70462640
P1 -16.84351230 -11.70462640  16.84351230
P1 -16.83541860 -6.55911985  21.96546624
P2 -13.51072824 -1.93426851  23.79760283
P2 -12.22720272 -3.22517172  23.79703592
P2 -8.36670512 -23.79661073  7.08201270
P2 -7.08201270 -23.79661073  8.36670512
P1 -11.70105576 -21.96648670  11.70105576
P1 -11.70462640 -16.84351230  16.84351230
P1 -11.70105576 -11.70105576  21.96648670
P2 -8.36670512 -7.08201270  23.79661073
P2 -7.08201270 -8.36670512  23.79661073
P2 -3.22517172 -23.79703592  12.22720272
P2 -1.93426851 -23.79760283  13.51072824
P1 -6.55911985 -21.96546624  16.83541860
P2 -1.78638926 -18.77044037  18.77044037
P1 -6.55911985 -16.83541860  21.96546624
P2 -3.22517172 -12.22720272  23.79703592
P2 -1.93426851 -13.51072824  23.79760283
P2 -23.93152771 -8.49113980 -3.34322763
P1 -27.14854055 -6.57151740  1.41923438
P1 -27.14427921 -3.74236705 -1.42186849
P1 -27.14854055 -1.41923438  6.57151740
P1 -27.14427921  1.42186849  3.74236705
P2 -23.93152771  3.34322763  8.49113980
P2 -18.75649042 -18.75649042 -8.48335980
P1 -22.00885435 -16.85296754 -3.74227540
P1 -22.01155666 -14.01377707 -6.57020971
P1 -22.00885435  3.74227540  16.85296754
P1 -22.01155666  6.57020971  14.01377707
P2 -18.75649042  8.48335980  18.75649042
P1 -16.85296754 -22.00885435 -3.74227540
P1 -14.01377707 -22.01155666 -6.57020971
P1 -16.85296754  3.74227540  22.00885435
P1 -14.01377707  6.57020971  22.01155666
P2 -8.49113980 -23.93152771 -3.34322763
P2 -8.49113980  3.34322763  23.93152771
P1 -6.57151740 -27.14854055  1.41923438
P1 -3.74236705 -27.14427921 -1.42186849
P1 -6.57151740 -1.41923438  27.14854055
P1 -3.74236705  1.42186849  27.14427921
P1 -1.41923438 -27.14854055  6.57151740
P1  1.42186849 -27.14427921  3.74236705
P2  3.34322763 -23.93152771  8.49113980
P2  3.34322763 -8.49113980  23.93152771
P1 -1.41923438 -6.57151740  27.14854055
P1  1.42186849 -3.74236705  27.14427921
P1  3.74227540 -22.00885435  16.85296754
P1  6.57020971 -22.01155666  14.01377707
P2  8.48335980 -18.75649042  18.75649042
P1  3.74227540 -16.85296754  22.00885435
P1  6.57020971 -14.01377707  22.01155666
P2 -23.93152771 -3.34322763 -8.49113980
P1 -27.14427921 -1.42186849 -3.74236705
P1 -27.14854055  1.41923438 -6.57151740
P1 -27.14427921  3.74236705  1.42186849
P1 -27.14854055  6.57151740 -1.41923438
P2 -23.93152771  8.49113980  3.34322763
P2 -18.76120528 -13.62386991 -13.62386991
P1 -22.00373320 -11.69429810 -8.87575951
P1 -22.00373320 -8.87575951 -11.69429810
P1 -22.00373320  8.87575951  11.69429810
P1 -22.00373320  11.69429810  8.87575951
P2 -18.76120528  13.62386991  13.62386991
P2 -13.62386991 -18.76120528 -13.62386991
P2 -13.62386991  13.62386991  18.76120528
P1 -11.69429810 -22.00373320 -8.87575951
P1 -8.87575951 -22.00373320 -11.69429810
P1 -11.69429810  8.87575951  22.00373320
P1 -8.87575951  11.69429810  22.00373320
P2 -3.34322763 -23.93152771 -8.49113980
P2 -3.34322763  8.49113980  23.93152771
P1 -1.42186849 -27.14427921 -3.74236705
P1  1.41923438 -27.14854055 -6.57151740
P1 -1.42186849  3.74236705  27.14427921
P1  1.41923438  6.57151740  27.14854055
P1  3.74236705 -27.14427921  1.42186849
P1  6.57151740 -27.14854055 -1.41923438
P2  8.49113980 -23.93152771  3.34322763
P2  8.49113980 -3.34322763  23.93152771
P1  3.74236705 -1.42186849  27.14427921
P1  6.57151740  1.41923438  27.14854055
P1  8.87575951 -22.00373320  11.69429810
P1  11.69429810 -22.00373320  8.87575951
P2  13.62386991 -18.76120528  13.62386991
P2  13.62386991 -13.62386991  18.76120528
P1  8.87575951 -11.69429810  22.00373320
P1  11.69429810 -8.87575951  22.00373320
P2 -23.79760283  1.93426851 -13.51072824
P2 -23.79703592  3.22517172 -12.22720272
P2 -23.79661073  7.08201270 -8.36670512
P2 -23.79661073  8.36670512 -7.08201270
P2 -23.79703592  12.22720272 -3.22517172
P2 -23.79760283  13.51072824 -1.93426851
P2 -18.75649042 -8.48335980 -18.75649042
P1 -22.01155666 -6.57020971 -14.01377707
P1 -22.00885435 -3.74227540 -16.85296754
P1 -22.01155666  14.01377707  6.57020971
P1 -22.00885435  16.85296754  3.74227540
P2 -18.75649042  18.75649042  8.48335980
P2 -13.62386991 -13.62386991 -18.76120528
P2 -13.62386991  18.76120528  13.62386991
P2 -8.48335980 -18.75649042 -18.75649042
P2 -8.48335980  18.75649042  18.75649042
P1 -6.57020971 -22.01155666 -14.01377707
P1 -3.74227540 -22.00885435 -16.85296754
P1 -6.57020971  14.01377707  22.01155666
P1 -3.74227540  16.85296754  22.00885435
P2  1.93426851 -23.79760283 -13.51072824
P2  3.22517172 -23.79703592 -12.22720272
P2  1.93426851  13.51072824  23.79760283
P2  3.22517172  12.22720272  23.79703592
P2  7.08201270 -23.79661073 -8.36670512
P2  8.36670512 -23.79661073 -7.08201270
P2  7.08201270  8.36670512  23.79661073
P2  8.36670512  7.08201270  23.79661073
P2  12.22720272 -23.79703592 -3.22517172
P2  13.51072824 -23.79760283 -1.93426851
P2  12.22720272  3.22517172  23.79703592
P2  13.51072824  1.93426851  23.79760283
P1  14.01377707 -22.01155666  6.57020971
P1  16.85296754 -22.00885435  3.74227540
P2  18.75649042 -18.75649042  8.48335980
P2  18.76120528 -13.62386991  13.62386991
P2  18.75649042 -8.48335980  18.75649042
P1  14.01377707 -6.57020971  22.01155666
P1  16.85296754 -3.74227540  22.00885435
P2 -18.77044037  1.78638926 -18.77044037
P1 -21.96546624  6.55911985 -16.83541860
P1 -21.96648670  11.70105576 -11.70105576
P1 -21.96546624  16.83541860 -6.55911985
P2 -18.77044037  18.77044037 -1.78638926
P1 -16.85296754 -3.74227540 -22.00885435
P1 -14.01377707 -6.57020971 -22.01155666
P1 -16.85296754  22.00885435  3.74227540
P1 -14.01377707  22.01155666  6.57020971
P1 -11.69429810 -8.87575951 -22.00373320
P1 -8.87575951 -11.69429810 -22.00373320
P1 -11.69429810  22.00373320  8.87575951
P1 -8.87575951  22.00373320  11.69429810
P1 -6.57020971 -14.01377707 -22.01155666
P1 -3.74227540 -16.85296754 -22.00885435
P1 -6.57020971  22.01155666  14.01377707
P1 -3.74227540  22.00885435  16.85296754
P2  1.78638926 -18.77044037 -18.77044037
P2  1.78638926  18.77044037  18.77044037
P1  6.55911985 -21.96546624 -16.83541860
P1  6.55911985  16.83541860  21.96546624
P1  11.70105576 -21.96648670 -11.70105576
P1  11.70105576  11.70105576  21.96648670
P1  16.83541860 -21.96546624 -6.55911985
P2  18.77044037 -18.77044037 -1.78638926
P2  18.77044037  1.78638926  18.77044037
P1  16.83541860  6.55911985  21.96546624
P1  22.00885435 -16.85296754  3.74227540
P1  22.01155666 -14.01377707  6.57020971
P1  22.00373320 -11.69429810  8.87575951
P1  22.00373320 -8.87575951  11.69429810
P1  22.01155666 -6.57020971  14.01377707
P1  22.00885435 -3.74227540  16.85296754
P2 -13.51072824  1.93426851 -23.79760283
P2 -12.22720272  3.22517172 -23.79703592
P1 -16.83541860  6.55911985 -21.96546624
P1 -16.84351230  11.70462640 -16.84351230
P1 -16.84351230  16.84351230 -11.70462640
P1 -16.83541860  21.96546624 -6.55911985
P2 -13.51072824  23.79760283 -1.93426851
P2 -12.22720272  23.79703592 -3.22517172
P2 -8.49113980 -3.34322763 -23.93152771
P2 -8.49113980  23.93152771  3.34322763
P2 -3.34322763 -8.49113980 -23.93152771
P2 -3.34322763  23.93152771  8.49113980
P2  1.93426851 -13.51072824 -23.79760283
P2  3.22517172 -12.22720272 -23.79703592
P2  1.93426851  23.79760283  13.51072824
P2  3.22517172  23.79703592  12.22720272
P1  6.55911985 -16.83541860 -21.96546624
P1  6.55911985  21.96546624  16.83541860
P1  11.70462640 -16.84351230 -16.84351230
P1  11.70462640  16.84351230  16.84351230
P1  16.84351230 -16.84351230 -11.70462640
P1  16.84351230  11.70462640  16.84351230
P1  21.96546624 -16.83541860 -6.55911985
P2  23.79760283 -13.51072824 -1.93426851
P2  23.79703592 -12.22720272 -3.22517172
P2  23.93152771 -8.49113980  3.34322763
P2  23.93152771 -3.34322763  8.49113980
P2  23.79760283  1.93426851  13.51072824
P2  23.79703592  3.22517172  12.22720272
P1  21.96546624  6.55911985  16.83541860
P2 -8.36670512  7.08201270 -23.79661073
P2 -7.08201270  8.36670512 -23.79661073
P1 -11.70105576  11.70105576 -21.96648670
P1 -11.70462640  16.84351230 -16.84351230
P1 -11.70105576  21.96648670 -11.70105576
P2 -8.36670512  23.79661073 -7.08201270
P2 -7.08201270  23.79661073 -8.36670512
P1 -6.57151740  1.41923438 -27.14854055
P1 -3.74236705 -1.42186849 -27.14427921
P1 -6.57151740  27.14854055 -1.41923438
P1 -3.74236705  27.14427921  1.42186849
P1 -1.42186849 -3.74236705 -27.14427921
P1  1.41923438 -6.57151740 -27.14854055
P1 -1.42186849  27.14427921  3.74236705
P1  1.41923438  27.14854055  6.57151740
P2  7.08201270 -8.36670512 -23.79661073
P2  8.36670512 -7.08201270 -23.79661073
P2  7.08201270  23.79661073  8.36670512
P2  8.36670512  23.79661073  7.08201270
P1  11.70105576 -11.70105576 -21.96648670
P1  11.70105576  21.96648670  11.70105576
P1  16.84351230 -11.70462640 -16.84351230
P1  16.84351230  16.84351230  11.70462640
P1  21.96648670 -11.70105576 -11.70105576
P2  23.79661073 -8.36670512 -7.08201270
P2  23.79661073 -7.08201270 -8.36670512
P2  23.79661073  7.08201270  8.36670512
P2  23.79661073  8.36670512  7.08201270
P1  21.96648670  11.70105576  11.70105576
P1  27.14854055 -6.57151740 -1.41923438
P1  27.14427921 -3.74236705  1.42186849
P1  27.14427921 -1.42186849  3.74236705
P1  27.14854055  1.41923438  6.57151740
P2 -3.22517172  12.22720272 -23.79703592
P2 -1.93426851  13.51072824 -23.79760283
P1 -6.55911985  16.83541860 -21.96546624
P2 -1.78638926  18.77044037 -18.77044037
P1 -6.55911985  21.96546624 -16.83541860
P2 -3.22517172  23.79703592 -12.22720272
P2 -1.93426851  23.79760283 -13.51072824
P1 -1.41923438  6.57151740 -27.14854055
P1  1.42186849  3.74236705 -27.14427921
P2  3.34322763  8.49113980 -23.93152771
P2  3.34322763  23.93152771 -8.49113980
P1 -1.41923438  27.14854055 -6.57151740
P1  1.42186849  27.14427921 -3.74236705
P1  3.74236705  1.42186849 -27.14427921
P1  6.57151740 -1.41923438 -27.14854055
P2  8.49113980  3.34322763 -23.93152771
P2  8.49113980  23.93152771 -3.34322763
P1  3.74236705  27.14427921 -1.42186849
P1  6.57151740  27.14854055  1.41923438
P2  12.22720272 -3.22517172 -23.79703592
P2  13.51072824 -1.93426851 -23.79760283
P2  12.22720272  23.79703592  3.22517172
P2  13.51072824  23.79760283  1.93426851
P1  16.83541860 -6.55911985 -21.96546624
P2  18.77044037 -1.78638926 -18.77044037
P2  18.77044037  18.77044037  1.78638926
P1  16.83541860  21.96546624  6.55911985
P1  21.96546624 -6.55911985 -16.83541860
P2  23.79703592 -3.22517172 -12.22720272
P2  23.79760283 -1.93426851 -13.51072824
P2  23.93152771  3.34322763 -8.49113980
P2  23.93152771  8.49113980 -3.34322763
P2  23.79703592  12.22720272  3.22517172
P2  23.79760283  13.51072824  1.93426851
P1  21.96546624  16.83541860  6.55911985
P1  27.14854055 -1.41923438 -6.57151740
P1  27.14427921  1.42186849 -3.74236705
P1  27.14427921  3.74236705 -1.42186849
P1  27.14854055  6.57151740  1.41923438
P1  3.74227540  16.85296754 -22.00885435
P1  6.57020971  14.01377707 -22.01155666
P2  8.48335980  18.75649042 -18.75649042
P1  3.74227540  22.00885435 -16.85296754
P1  6.57020971  22.01155666 -14.01377707
P1  8.87575951  11.69429810 -22.00373320
P1  11.69429810  8.87575951 -22.00373320
P2  13.62386991  13.62386991 -18.76120528
P2  13.62386991  18.76120528 -13.62386991
P1  8.87575951  22.00373320 -11.69429810
P1  11.69429810  22.00373320 -8.87575951
P1  14.01377707  6.57020971 -22.01155666
P1  16.85296754  3.74227540 -22.00885435
P2  18.75649042  8.48335980 -18.75649042
P2  18.76120528  13.62386991 -13.62386991
P2  18.75649042  18.75649042 -8.48335980
P1  14.01377707  22.01155666 -6.57020971
P1  16.85296754  22.00885435 -3.74227540
P1  22.00885435  3.74227540 -16.85296754
P1  22.01155666  6.57020971 -14.01377707
P1  22.00373320  8.87575951 -11.69429810
P1  22.00373320  11.69429810 -8.87575951
P1  22.01155666  14.01377707 -6.57020971
P1  22.00885435  16.85296754 -3.74227540
