0 -0.258367597940888 3.04928e-08
1 -0.258316063749592 3.3939e-08
2 -0.258286995574665 4.68262e-08
3 -0.256795092762463 2.76275e-08
4 -0.256654111843595 2.00613e-08
5 -0.25658239317178 4.18163e-08
6 -0.256108872668286 1.70714e-08
7 -0.256103412815772 4.65289e-08
8 -0.255704513254997 6.45239e-09
9 -0.25567197870665 2.20391e-08
10 -0.255664720623747 4.53201e-08
11 -0.255210054006361 4.37623e-08
12 -0.25503844323795 3.18289e-08
13 -0.255021639012652 2.63418e-08
14 -0.25451531493203 3.45469e-08
15 -0.254309450655628 2.38535e-08
16 -0.254262252471442 3.1168e-08
17 -0.253739686546207 1.17804e-08
18 -0.253728845549104 2.8856e-08
19 -0.252848127350276 4.68262e-08
20 -0.252807836814507 4.60793e-08
21 -0.252783082050758 4.69741e-08
22 -0.252518484048731 8.37155e-08
23 -0.252199519585978 9.23091e-08
24 -0.2521948103477 3.49463e-08
25 -0.251915883575451 9.85619e-09
26 -0.251343516538488 5.39846e-08
27 -0.251327095753416 2.04043e-08
28 -0.251301329735958 2.78775e-08
29 -0.250521866830768 2.07415e-08
30 -0.250379287079564 1.49012e-08
31 -0.250306523224341 7.45058e-09
32 -0.250285790645105 1.49012e-08
33 -0.249792901483041 2.71205e-08
34 -0.249765339682868 2.55393e-08
35 -0.249223719418109 1.62382e-08
36 -0.248281304265118 3.46472e-08
37 -0.248244377780457 2.8856e-08
38 -0.247961239784298 2.63418e-09
39 -0.247951718080369 4.19819e-08
40 -0.247935797386999 5.27494e-08
41 -0.247788354675687 4.11472e-08
42 -0.2476621074973 4.63046e-08
43 -0.247327888202006 1.17804e-08
44 -0.24732085567966 3.16101e-08
45 -0.245772207353121 1.5584e-08
46 -0.245416859171675 2.04043e-08
47 -0.245351383291983 2.95686e-08
48 -0.245062130841371 5.07379e-08
49 -0.244572072059595 2.99185e-08
50 -0.244549264855026 2.05736e-08
51 -0.243955642606976 3.18289e-08
52 -0.242601206008186 6.45239e-09
53 -0.242572295658683 1.0861e-08
54 -0.24092486024946 2.35608e-08
55 -0.24082640319473 2.9333e-08
56 -0.239442148511951 4.14831e-08
57 -0.23942655054993 3.06064e-08
58 -0.23935226513815 3.60218e-08
59 -0.239102546590776 3.03788e-08
60 -0.136041142242871 2.62097e-08
61 -0.11553541710339 1.68155e-08
62 -0.115349813182941 1.46665e-08
63 -0.112623115914428 7.90253e-09
64 -0.0968610243580178 2.28127e-09
65 -0.0967207532984278 1.49052e-07
66 -0.0965194841690754 1.0459e-06
67 -0.0917741923020222 2.14811e-08
68 -0.0916486444275877 3.70193e-08
69 -0.0891089291420039 6.45508e-08
70 -0.0822041729746443 1.04113e-06
71 -0.08031675043023 2.19944e-06
72 -0.0793344303683762 2.02038e-06
73 -0.0792992359639468 3.14343e-06
74 -0.0762808418381564 7.37445e-06
75 -0.0753508670023582 2.14367e-05
76 -0.0741808944428118 1.51437e-05
77 -0.0740996377135616 2.05293e-05
78 -0.0715535297867228 5.5107e-05
79 -0.0715469556146712 6.89963e-05
80 -0.0688381228118497 0.000338691
81 -0.067209718598432 0.000775935
82 -0.0671190086595213 0.00314691
83 -0.0658053358279085 0.00291788
