0 -0.204832426021872 7.95016e-07
1 -0.204832423080625 1.83188e-06
2 -0.204425002302591 8.1098e-07
3 -0.204424993442576 2.70328e-06
4 -0.204371394668937 1.18848e-06
5 -0.203440339383657 9.94077e-07
6 -0.203440325933306 6.77163e-07
7 -0.203440315955548 8.90185e-07
8 -0.202878911841241 6.37368e-07
9 -0.202878900797685 4.29815e-07
10 -0.202878892153061 4.21271e-07
11 -0.202493433763002 4.81248e-07
12 -0.202493428624246 5.62112e-07
13 -0.202439052245406 3.35741e-07
14 -0.202439012735558 2.49789e-07
15 -0.202439009631329 5.67566e-07
16 -0.201608368623503 4.25524e-07
17 -0.201608351210712 2.59463e-07
18 -0.201247550055571 2.68854e-07
19 -0.201247540106118 2.80969e-07
20 -0.201247536178791 4.10222e-07
21 -0.20003084248805 1.73496e-07
22 -0.200030834831693 2.11162e-07
23 -0.200030767987435 1.81854e-07
24 -0.199643616758892 1.56307e-07
25 -0.199643604910737 1.63659e-07
26 -0.199643581612277 1.74533e-07
27 -0.199475083256449 1.75168e-07
28 -0.19947506529944 1.86785e-07
29 -0.199475053487541 1.74035e-07
30 -0.199252864124758 1.54566e-07
31 -0.199252858554069 1.70775e-07
32 -0.198376513596743 1.42757e-07
33 -0.198376510047363 1.3771e-07
34 -0.198376501894321 1.71849e-07
35 -0.197469082872676 1.13331e-07
36 -0.197219316538134 9.37264e-08
37 -0.197219290335264 1.22e-07
38 -0.197219235525607 1.0861e-07
39 -0.196838765384604 1.50932e-07
40 -0.19656789465307 1.04673e-07
41 -0.196567884910084 1.04042e-07
42 -0.196567875804809 1.02123e-07
43 -0.196101115501876 9.43904e-08
44 -0.1961011123843 1.23666e-07
45 -0.195999300422881 7.11228e-08
46 -0.195905026841485 7.71594e-08
47 -0.195905018345442 1.10949e-07
48 -0.19590498521921 9.72151e-08
49 -0.194482917102418 8.72466e-08
50 -0.194482903613983 8.95621e-08
51 -0.194482899125784 9.61385e-08
52 -0.193619267274785 1.0127e-07
53 -0.193619242333665 1.11728e-07
54 -0.19361917569952 9.23466e-08
55 -0.192182314224608 8.28825e-08
56 -0.192182312008506 5.53804e-08
57 -0.191893586309994 9.25718e-08
58 -0.191893575360421 7.80979e-08
59 -0.191893562585821 7.53854e-08
60 -0.190384711341623 6.11561e-08
61 -0.190384709373817 9.76424e-08
62 -0.190384624507718 8.74055e-08
63 -0.190266565873208 8.46633e-08
64 -0.190266558176641 1.01953e-07
65 -0.190266524442389 1.05893e-07
66 -0.189163003226627 5.47504e-08
67 -0.188496437356309 8.41701e-08
68 -0.188496416995126 8.19564e-08
69 -0.188496362425066 7.18025e-08
70 -0.188355531550149 8.991e-08
71 -0.188355523584453 7.65726e-08
72 -0.187165963241165 7.92883e-08
73 -0.187165955700384 4.84288e-08
74 -0.187165954137532 7.65273e-08
75 -0.185939996152647 9.0487e-08
76 -0.183520425846145 8.71272e-08
77 -0.183520404826636 9.9438e-08
78 -0.183520395165023 9.33927e-08
79 -0.183221549341362 8.20833e-08
80 -0.183221545210205 7.72942e-08
81 -0.183221522971172 4.4781e-08
82 -0.181884445191917 9.27964e-08
83 -0.181884441593895 6.01839e-08
84 -0.180886971166089 7.06333e-08
85 -0.180886965826177 3.17197e-08
86 -0.180886960942041 2.56748e-08
87 -0.177920999159864 5.45599e-08
88 -0.177920991455583 5.80715e-08
89 -0.177920983074004 5.17534e-08
90 -0.103688172828834 2.65386e-08
91 -0.0946616505735731 1.58599e-08
92 -0.0941680175474188 3.27423e-08
93 -0.0941679918998718 1.43677e-08
94 -0.0941679627562909 2.39985e-08
95 -0.088880590114839 1.99312e-08
96 -0.0888805495481973 1.33019e-08
97 -0.0888805425563011 1.2495e-08
98 -0.0887159743087479 9.21962e-09
99 -0.0879261508447599 1.57501e-08
100 -0.0871490690574355 5.83695e-08
101 -0.0871490505628401 4.1754e-08
102 -0.0868998448070016 1.88348e-08
103 -0.0868998384916073 1.33019e-08
104 -0.0868998364396705 9.26654e-09
105 -0.0833231374462314 4.75157e-08
106 -0.0833231116347279 4.09459e-07
107 -0.0833230685953817 1.91003e-07
108 -0.0811546863531976 3.0336e-08
109 -0.0807594931914406 1.72735e-08
110 -0.0807594818580167 1.18713e-07
111 -0.0807594607795588 1.53634e-07
112 -0.0786623543077805 3.10425e-08
113 -0.0786623498916381 4.17436e-08
114 -0.0786623408211037 1.94911e-08
115 -0.0785815462375123 7.64706e-08
116 -0.0785815401783322 8.80432e-08
117 -0.0783409989099508 2.84473e-08
118 -0.0772101420538174 1.47687e-07
119 -0.0772101245021919 7.2374e-08
120 -0.0772100931782147 6.35009e-08
121 -0.0767895945658069 1.87448e-07
122 -0.0767895887112209 6.80503e-08
123 -0.0763606497948428 5.47219e-07
124 -0.0763606152185287 3.57634e-07
125 -0.0763606075078968 3.93661e-07
126 -0.0757580526098741 2.03672e-07
127 -0.0757579876506245 1.19023e-06
128 -0.0757579603358453 3.59818e-07
129 -0.0756611344261604 9.54012e-07
130 -0.0756611118800178 8.30258e-07
131 -0.0756610987648652 4.04699e-07
132 -0.0755121775806159 2.10802e-07
133 -0.0754352261976436 1.68811e-07
134 -0.0754352171267827 8.75469e-07
135 -0.0754351918580212 4.69058e-07
136 -0.0733792777927051 1.39954e-06
137 -0.0733792757956996 1.88852e-06
138 -0.0733792750482545 4.19396e-06
139 -0.0723531059183636 7.55704e-06
140 -0.0716061139045115 1.16467e-05
141 -0.0716060829344503 5.67915e-06
142 -0.0709419473576136 8.89371e-06
143 -0.0709419400619043 3.48389e-06
144 -0.0709419263885054 9.80727e-06
145 -0.0703971350839584 1.47686e-05
146 -0.0701318520489642 1.33162e-05
147 -0.0701318446446914 1.82398e-05
148 -0.0701318388474876 1.33715e-05
149 -0.0695017054376035 2.75721e-05
