1171
Ga  26.70919815 -26.70919815 -32.05126455
Ga  26.70919815 -32.05126455 -26.70919815
Ga  21.36732073 -26.70938712 -26.70938712
As  29.37994789 -29.37994789 -29.37994789
Ga  32.05126455 -26.70919815 -26.70919815
Ga  16.02555668 -16.02555668 -32.05145352
Ga  16.02553779 -21.36750970 -26.70938712
Ga  10.68375485 -16.02570786 -26.70957610
As  18.69651429 -18.69651429 -29.38013686
As  24.03844841 -24.03844841 -29.38013686
Ga  21.36750970 -21.36750970 -32.05145352
Ga  26.70938712 -21.36732073 -26.70938712
Ga  21.36750970 -16.02553779 -26.70938712
Ga  5.34212309 -5.34212309 -32.05183146
Ga  5.34208529 -10.68401941 -26.70976507
Ga  0.00005669 -5.34217978 -26.70995404
As  8.01298621 -8.01298621 -29.38051481
As  13.35465577 -13.35465577 -29.38032583
Ga  10.68383044 -10.68383044 -32.05164249
Ga  16.02570786 -10.68375485 -26.70957610
Ga  10.68401941 -5.34208529 -26.70976507
Ga -5.34212309  5.34212309 -32.05183146
Ga -5.34217978  0.00005606 -26.70995404
Ga -10.68401941  5.34208529 -26.70976507
As -2.67112768  2.67112768 -29.38070378
As  2.67112768 -2.67112768 -29.38070378
Ga  0.00000007 -0.00000063 -32.05220941
Ga  5.34217978 -0.00005664 -26.70995404
Ga -0.00005600  5.34217978 -26.70995404
Ga -16.02555668  16.02555668 -32.05145352
Ga -16.02570786  10.68375485 -26.70957610
Ga -21.36750970  16.02553779 -26.70938712
As -13.35463687  13.35463687 -29.38032583
As -8.01298621  8.01298621 -29.38051481
Ga -10.68383044  10.68383044 -32.05164249
Ga -5.34208529  10.68401941 -26.70976507
Ga -10.68375485  16.02570786 -26.70957610
Ga -26.70919815  26.70919815 -32.05126455
Ga -26.70938712  21.36732073 -26.70938712
Ga -32.05126455  26.70919815 -26.70919815
As -24.03844841  24.03844841 -29.38013686
As -18.69651429  18.69651429 -29.38013686
Ga -21.36750970  21.36750970 -32.05145352
Ga -16.02553779  21.36750970 -26.70938712
Ga -21.36732073  26.70938712 -26.70938712
As -29.37994789  29.37994789 -29.37994789
Ga -26.70919815  32.05126455 -26.70919815
Ga  16.02553779 -26.70938712 -21.36750970
Ga  16.02555668 -32.05145352 -16.02555668
Ga  10.68375485 -26.70957610 -16.02570786
As  24.03844841 -29.38013686 -24.03844841
As  18.69651429 -29.38013686 -18.69651429
Ga  21.36750970 -32.05145352 -21.36750970
Ga  26.70938712 -26.70938712 -21.36732073
Ga  21.36750970 -26.70938712 -16.02553779
Ga  5.34212309 -16.02580235 -21.36788764
Ga  5.34212309 -21.36788764 -16.02580235
Ga  0.00015612 -16.02593463 -16.02593463
As  13.35476915 -18.69645760 -24.03844841
As  8.01309960 -18.69660878 -18.69660878
As  13.35476915 -24.03844841 -18.69645760
Ga  10.68383044 -21.36750970 -21.36750970
Ga  16.02565117 -16.02565117 -21.36750970
Ga  16.02565117 -21.36750970 -16.02565117
Ga  10.68394382 -16.02574566 -16.02574566
As  18.69655209 -24.03844841 -24.03844841
As  24.03844841 -18.69655209 -24.03844841
As  18.69649540 -18.69649540 -18.69649540
As  24.03844841 -24.03844841 -18.69655209
Ga  21.36732073 -21.36732073 -21.36732073
Ga  26.70938712 -16.02553779 -21.36750970
Ga  26.70938712 -21.36750970 -16.02553779
Ga  21.36750970 -16.02565117 -16.02565117
As  29.38013686 -24.03844841 -24.03844841
As  29.38013686 -18.69651429 -18.69651429
Ga  32.05145352 -21.36750970 -21.36750970
Ga  32.05145352 -16.02555668 -16.02555668
Ga -5.34202860 -5.34202860 -21.36788764
Ga -5.34199081 -10.68396272 -16.02584014
Ga -10.68396272 -5.34199081 -16.02584014
As  2.67125997 -8.01300511 -24.03882636
As -2.67084423 -8.01291062 -18.69670327
As  2.67129776 -13.35484474 -18.69677886
Ga  0.00018620 -10.68401941 -21.36788764
Ga  5.34216088 -5.34216088 -21.36769867
Ga  5.34219868 -10.68394382 -16.02582125
Ga  0.00012154 -5.34204750 -16.02580235
As  8.01308070 -13.35471246 -24.03863738
As  13.35471246 -8.01308070 -24.03863738
As  8.01311849 -8.01311849 -18.69679775
As  13.35480694 -13.35480694 -18.69664657
Ga  10.68394382 -10.68394382 -21.36769867
Ga  16.02580235 -5.34212309 -21.36788764
Ga  16.02574566 -10.68394382 -16.02574566
Ga  10.68394382 -5.34219868 -16.02582125
As  18.69645760 -13.35476915 -24.03844841
As  18.69660878 -8.01309960 -18.69660878
As  24.03844841 -13.35476915 -18.69645760
Ga  21.36750970 -10.68383044 -21.36750970
Ga  26.70957610 -10.68375485 -16.02570786
Ga  21.36788764 -5.34212309 -16.02580235
Ga -16.02580235  5.34212309 -21.36788764
Ga -16.02593463  0.00015558 -16.02593463
Ga -21.36788764  5.34212309 -16.02580235
As -8.01300511  2.67125997 -24.03882636
As -13.35484474  2.67129776 -18.69677886
As -8.01291062 -2.67084423 -18.69670327
Ga -10.68401941  0.00018564 -21.36788764
Ga -5.34216088  5.34216088 -21.36769867
Ga -5.34204750  0.00012112 -16.02580235
Ga -10.68394382  5.34219868 -16.02582125
As -2.67091981 -2.67091981 -24.03882636
As  2.67091981  2.67091981 -24.03882636
As -2.67107099  2.67107099 -18.69675996
As  2.67107099 -2.67107099 -18.69675996
Ga  0.00000044 -0.00000009 -21.36788764
Ga  5.34202860  5.34202860 -21.36788764
Ga  5.34204750 -0.00012099 -16.02580235
Ga -0.00012057  5.34204750 -16.02580235
As  8.01300511 -2.67125997 -24.03882636
As  8.01291062  2.67084423 -18.69670327
As  13.35484474 -2.67129776 -18.69677886
Ga  10.68401941 -0.00018611 -21.36788764
Ga  16.02593463 -0.00015607 -16.02593463
Ga  10.68396272  5.34199081 -16.02584014
Ga -26.70938712  16.02553779 -21.36750970
Ga -26.70957610  10.68375485 -16.02570786
Ga -32.05145352  16.02555668 -16.02555668
As -18.69645760  13.35476915 -24.03844841
As -24.03844841  13.35476915 -18.69645760
As -18.69660878  8.01309960 -18.69660878
Ga -21.36750970  10.68383044 -21.36750970
Ga -16.02565117  16.02565117 -21.36750970
Ga -16.02574566  10.68394382 -16.02574566
Ga -21.36750970  16.02565117 -16.02565117
As -13.35471246  8.01308070 -24.03863738
As -8.01308070  13.35471246 -24.03863738
As -13.35480694  13.35480694 -18.69664657
As -8.01311849  8.01311849 -18.69679775
Ga -10.68394382  10.68394382 -21.36769867
Ga -5.34212309  16.02580235 -21.36788764
Ga -5.34219868  10.68394382 -16.02582125
Ga -10.68394382  16.02574566 -16.02574566
As -2.67125997  8.01300511 -24.03882636
As -2.67129776  13.35484474 -18.69677886
As  2.67084423  8.01291062 -18.69670327
Ga -0.00018555  10.68401941 -21.36788764
Ga  5.34199081  10.68396272 -16.02584014
Ga -0.00015554  16.02593463 -16.02593463
As -29.38013686  24.03844841 -24.03844841
As -29.38013686  18.69651429 -18.69651429
Ga -32.05145352  21.36750970 -21.36750970
Ga -26.70938712  26.70938712 -21.36732073
Ga -26.70938712  21.36750970 -16.02553779
As -24.03844841  18.69655209 -24.03844841
As -18.69655209  24.03844841 -24.03844841
As -24.03844841  24.03844841 -18.69655209
As -18.69649540  18.69649540 -18.69649540
Ga -21.36732073  21.36732073 -21.36732073
Ga -16.02553779  26.70938712 -21.36750970
Ga -16.02565117  21.36750970 -16.02565117
Ga -21.36750970  26.70938712 -16.02553779
As -13.35476915  18.69645760 -24.03844841
As -13.35476915  24.03844841 -18.69645760
As -8.01309960  18.69660878 -18.69660878
Ga -10.68383044  21.36750970 -21.36750970
Ga -5.34212309  21.36788764 -16.02580235
Ga -10.68375485  26.70957610 -16.02570786
As -24.03844841  29.38013686 -24.03844841
As -18.69651429  29.38013686 -18.69651429
Ga -21.36750970  32.05145352 -21.36750970
Ga -16.02555668  32.05145352 -16.02555668
Ga  5.34208529 -26.70976507 -10.68401941
Ga  5.34212309 -32.05183146 -5.34212309
Ga  0.00005666 -26.70995404 -5.34217978
As  13.35465577 -29.38032583 -13.35465577
As  8.01298621 -29.38051481 -8.01298621
Ga  10.68383044 -32.05164249 -10.68383044
Ga  16.02570786 -26.70957610 -10.68375485
Ga  10.68401941 -26.70976507 -5.34208529
Ga -5.34199081 -16.02584014 -10.68396272
Ga -5.34202860 -21.36788764 -5.34202860
Ga -10.68396272 -16.02584014 -5.34199081
As  2.67129776 -18.69677886 -13.35484474
As -2.67084423 -18.69670327 -8.01291062
As  2.67125997 -24.03882636 -8.01300511
Ga  0.00018620 -21.36788764 -10.68401941
Ga  5.34219868 -16.02582125 -10.68394382
Ga  5.34216088 -21.36769867 -5.34216088
Ga  0.00012154 -16.02582125 -5.34204750
As  8.01308070 -24.03863738 -13.35471246
As  13.35480694 -18.69664657 -13.35480694
As  8.01311849 -18.69679775 -8.01311849
As  13.35471246 -24.03863738 -8.01308070
Ga  10.68394382 -21.36769867 -10.68394382
Ga  16.02574566 -16.02574566 -10.68394382
Ga  16.02580235 -21.36788764 -5.34212309
Ga  10.68394382 -16.02582125 -5.34219868
As  18.69645760 -24.03844841 -13.35476915
As  24.03844841 -18.69645760 -13.35476915
As  18.69660878 -18.69660878 -8.01309960
Ga  21.36750970 -21.36750970 -10.68383044
Ga  26.70957610 -16.02570786 -10.68375485
Ga  21.36788764 -16.02580235 -5.34212309
Ga -16.02584014 -5.34199081 -10.68396272
Ga -16.02584014 -10.68396272 -5.34199081
Ga -21.36788764 -5.34202860 -5.34202860
As -8.01287283 -8.01287283 -13.35475025
As -13.35475025 -8.01287283 -8.01287283
As -8.01287283 -13.35475025 -8.01287283
Ga -10.68388713 -10.68388713 -10.68388713
Ga -5.34197191 -5.34197191 -10.68383044
Ga -5.34197191 -10.68383044 -5.34197191
Ga -10.68383044 -5.34197191 -5.34197191
As -2.67084423 -13.35478805 -13.35478805
As  2.67112768 -8.01302401 -13.35486364
As -2.67097651 -8.01296731 -8.01296731
As  2.67112768 -13.35486364 -8.01302401
Ga  0.00014439 -10.68388713 -10.68388713
Ga  5.34206640 -5.34206640 -10.68392492
Ga  5.34206640 -10.68392492 -5.34206640
Ga -0.00000632 -5.34202860 -5.34202860
As  8.01311849 -13.35493923 -13.35493923
As  13.35493923 -8.01311849 -13.35493923
As  8.01302401 -8.01302401 -8.01302401
As  13.35493923 -13.35493923 -8.01311849
Ga  10.68396272 -10.68396272 -10.68396272
Ga  16.02582125 -5.34219868 -10.68394382
Ga  16.02582125 -10.68394382 -5.34219868
Ga  10.68392492 -5.34206640 -5.34206640
As  18.69664657 -13.35480694 -13.35480694
As  24.03863738 -8.01308070 -13.35471246
As  18.69679775 -8.01311849 -8.01311849
As  24.03863738 -13.35471246 -8.01308070
Ga  21.36769867 -10.68394382 -10.68394382
Ga  26.70976507 -5.34208529 -10.68401941
Ga  26.70976507 -10.68401941 -5.34208529
Ga  21.36769867 -5.34216088 -5.34216088
As  29.38032583 -13.35465577 -13.35465577
As  29.38051481 -8.01298621 -8.01298621
Ga  32.05164249 -10.68383044 -10.68383044
Ga  32.05183146 -5.34212309 -5.34212309
Ga -26.70976507  5.34208529 -10.68401941
Ga -26.70995404  0.00005603 -5.34217978
Ga -32.05183146  5.34212309 -5.34212309
As -18.69677886  2.67129776 -13.35484474
As -24.03882636  2.67125997 -8.01300511
As -18.69670327 -2.67084423 -8.01291062
Ga -21.36788764  0.00018562 -10.68401941
Ga -16.02582125  5.34219868 -10.68394382
Ga -16.02580235  0.00012112 -5.34204750
Ga -21.36769867  5.34216088 -5.34216088
As -13.35478805 -2.67084423 -13.35478805
As -8.01302401  2.67112768 -13.35486364
As -13.35486364  2.67112768 -8.01302401
As -8.01296731 -2.67097651 -8.01296731
Ga -10.68388713  0.00014401 -10.68388713
Ga -5.34206640  5.34206640 -10.68392492
Ga -5.34202860 -0.00000655 -5.34202860
Ga -10.68392492  5.34206640 -5.34206640
As -2.67099540 -2.67099540 -13.35482584
As  2.67099540  2.67099540 -13.35482584
As -2.67105210  2.67103320 -8.01296731
As  2.67103320 -2.67105210 -8.01296731
Ga  0.00000052  0.00000024 -10.68390603
Ga  5.34197191  5.34197191 -10.68383044
Ga  5.34202860  0.00000713 -5.34202860
Ga  0.00000736  5.34202860 -5.34202860
As  8.01302401 -2.67112768 -13.35486364
As  13.35478805  2.67084423 -13.35478805
As  8.01296731  2.67097651 -8.01296731
As  13.35486364 -2.67112768 -8.01302401
Ga  10.68388713 -0.00014392 -10.68388713
Ga  16.02584014  5.34199081 -10.68396272
Ga  16.02582125 -0.00012111 -5.34204750
Ga  10.68383044  5.34197191 -5.34197191
As  18.69677886 -2.67129776 -13.35484474
As  18.69670327  2.67084423 -8.01291062
As  24.03882636 -2.67125997 -8.01300511
Ga  21.36788764 -0.00018606 -10.68401941
Ga  26.70995404 -0.00005667 -5.34217978
Ga  21.36788764  5.34202860 -5.34202860
As -29.38032583  13.35463687 -13.35465577
As -29.38051481  8.01298621 -8.01298621
Ga -32.05164249  10.68383044 -10.68383044
Ga -26.70957610  16.02570786 -10.68375485
Ga -26.70976507  10.68401941 -5.34208529
As -24.03863738  8.01308070 -13.35471246
As -18.69664657  13.35480694 -13.35480694
As -24.03863738  13.35471246 -8.01308070
As -18.69679775  8.01311849 -8.01311849
Ga -21.36769867  10.68394382 -10.68394382
Ga -16.02574566  16.02574566 -10.68394382
Ga -16.02582125  10.68394382 -5.34219868
Ga -21.36788764  16.02580235 -5.34212309
As -13.35493923  8.01311849 -13.35493923
As -8.01311849  13.35493923 -13.35493923
As -13.35493923  13.35493923 -8.01311849
As -8.01302401  8.01302401 -8.01302401
Ga -10.68396272  10.68396272 -10.68396272
Ga -5.34219868  16.02582125 -10.68394382
Ga -5.34206640  10.68392492 -5.34206640
Ga -10.68394382  16.02582125 -5.34219868
As -2.67112768  8.01302401 -13.35486364
As  2.67084423  13.35478805 -13.35478805
As -2.67112768  13.35486364 -8.01302401
As  2.67097651  8.01296731 -8.01296731
Ga -0.00014353  10.68388713 -10.68388713
Ga  5.34199081  16.02584014 -10.68396272
Ga  5.34197191  10.68383044 -5.34197191
Ga -0.00012069  16.02580235 -5.34204750
As  8.01287283  8.01287283 -13.35475025
As  8.01287283  13.35475025 -8.01287283
As  13.35475025  8.01287283 -8.01287283
Ga  10.68388713  10.68388713 -10.68388713
Ga  16.02584014  10.68396272 -5.34199081
Ga  10.68396272  16.02584014 -5.34199081
As -24.03844841  18.69645760 -13.35476915
As -18.69645760  24.03844841 -13.35476915
As -18.69660878  18.69660878 -8.01309960
Ga -21.36750970  21.36750970 -10.68383044
Ga -16.02570786  26.70957610 -10.68375485
Ga -16.02580235  21.36788764 -5.34212309
As -13.35480694  18.69664657 -13.35480694
As -8.01308070  24.03863738 -13.35471246
As -13.35471246  24.03863738 -8.01308070
As -8.01311849  18.69679775 -8.01311849
Ga -10.68394382  21.36769867 -10.68394382
Ga -5.34208529  26.70976507 -10.68401941
Ga -5.34216088  21.36769867 -5.34216088
Ga -10.68401941  26.70976507 -5.34208529
As -2.67129776  18.69677886 -13.35484474
As -2.67125997  24.03882636 -8.01300511
As  2.67084423  18.69670327 -8.01291062
Ga -0.00018549  21.36788764 -10.68401941
Ga  5.34202860  21.36788764 -5.34202860
Ga -0.00005603  26.70995404 -5.34217978
As -13.35465577  29.38032583 -13.35465577
As -8.01298621  29.38051481 -8.01298621
Ga -10.68383044  32.05164249 -10.68383044
Ga -5.34212309  32.05183146 -5.34212309
Ga -5.34217978 -26.70995404  0.00005644
Ga -5.34212309 -32.05183146  5.34212309
Ga -10.68401941 -26.70976507  5.34208529
As  2.67112768 -29.38070378 -2.67112768
As -2.67112768 -29.38070378  2.67112768
Ga  0.00000013 -32.05220941 -0.00000022
Ga  5.34217978 -26.70995404 -0.00005640
Ga -0.00005599 -26.70995404  5.34217978
Ga -16.02593463 -16.02593463  0.00015604
Ga -16.02580235 -21.36788764  5.34212309
Ga -21.36788764 -16.02580235  5.34212309
As -8.01291062 -18.69670327 -2.67084423
As -13.35484474 -18.69677886  2.67129776
As -8.01300511 -24.03882636  2.67125997
Ga -10.68401941 -21.36788764  0.00018609
Ga -5.34204750 -16.02582125  0.00012141
Ga -5.34216088 -21.36769867  5.34216088
Ga -10.68394382 -16.02582125  5.34219868
As -2.67091981 -24.03882636 -2.67091981
As  2.67107099 -18.69675996 -2.67107099
As -2.67107099 -18.69675996  2.67107099
As  2.67091981 -24.03882636  2.67091981
Ga  0.00000042 -21.36788764  0.00000015
Ga  5.34204750 -16.02582125 -0.00012089
Ga  5.34202860 -21.36788764  5.34202860
Ga -0.00012060 -16.02582125  5.34204750
As  8.01300511 -24.03882636 -2.67125997
As  13.35484474 -18.69677886 -2.67129776
As  8.01291062 -18.69670327  2.67084423
Ga  10.68401941 -21.36788764 -0.00018603
Ga  16.02593463 -16.02593463 -0.00015605
Ga  10.68396272 -16.02584014  5.34199081
Ga -26.70995404 -5.34217978  0.00005644
Ga -26.70976507 -10.68401941  5.34208529
Ga -32.05183146 -5.34212309  5.34212309
As -18.69670327 -8.01291062 -2.67084423
As -24.03882636 -8.01300511  2.67125997
As -18.69677886 -13.35484474  2.67129776
Ga -21.36788764 -10.68401941  0.00018607
Ga -16.02580235 -5.34204750  0.00012141
Ga -16.02582125 -10.68394382  5.34219868
Ga -21.36769867 -5.34216088  5.34216088
As -13.35478805 -13.35478805 -2.67084423
As -8.01296731 -8.01296731 -2.67097651
As -13.35486364 -8.01302401  2.67112768
As -8.01302401 -13.35486364  2.67112768
Ga -10.68388713 -10.68388713  0.00014431
Ga -5.34202860 -5.34202860 -0.00000641
Ga -5.34206640 -10.68392492  5.34206640
Ga -10.68392492 -5.34206640  5.34206640
As -2.67099540 -13.35482584 -2.67099540
As  2.67103320 -8.01296731 -2.67105210
As -2.67105210 -8.01296731  2.67103320
As  2.67099540 -13.35482584  2.67099540
Ga  0.00000052 -10.68390603  0.00000038
Ga  5.34202860 -5.34202860  0.00000721
Ga  5.34197191 -10.68383044  5.34197191
Ga  0.00000735 -5.34202860  5.34202860
As  8.01302401 -13.35486364 -2.67112768
As  13.35486364 -8.01302401 -2.67112768
As  8.01296731 -8.01296731  2.67097651
As  13.35478805 -13.35478805  2.67084423
Ga  10.68388713 -10.68388713 -0.00014387
Ga  16.02582125 -5.34204750 -0.00012102
Ga  16.02584014 -10.68396272  5.34199081
Ga  10.68383044 -5.34197191  5.34197191
As  18.69677886 -13.35484474 -2.67129776
As  24.03882636 -8.01300511 -2.67125997
As  18.69670327 -8.01291062  2.67084423
Ga  21.36788764 -10.68401941 -0.00018599
Ga  26.70995404 -5.34217978 -0.00005646
Ga  21.36788764 -5.34202860  5.34202860
As -29.38070378  2.67112768 -2.67112768
As -29.38070378 -2.67112768  2.67112768
Ga -32.05220941 -0.00000069 -0.00000034
Ga -26.70995404  5.34217978 -0.00005638
Ga -26.70995404 -0.00005660  5.34217978
As -24.03882636 -2.67091981 -2.67091981
As -18.69675996  2.67107099 -2.67107099
As -24.03882636  2.67091981  2.67091981
As -18.69675996 -2.67107099  2.67107099
Ga -21.36788764 -0.00000007  0.00000020
Ga -16.02580235  5.34204750 -0.00012083
Ga -16.02580235 -0.00012096  5.34204750
Ga -21.36788764  5.34202860  5.34202860
As -13.35482584 -2.67099540 -2.67099540
As -8.01296731  2.67103320 -2.67105210
As -13.35482584  2.67099540  2.67099540
As -8.01296731 -2.67105210  2.67103320
Ga -10.68390603  0.00000024  0.00000038
Ga -5.34202860  5.34202860  0.00000722
Ga -5.34202860  0.00000713  5.34202860
Ga -10.68383044  5.34197191  5.34197191
As -2.67101430 -2.67101430 -2.67101430
As  2.67101430  2.67101430 -2.67101430
As -2.67101430  2.67101430  2.67101430
As  2.67101430 -2.67101430  2.67101430
Ga  0.00000055  0.00000036  0.00000046
Ga  5.34202860  5.34202860 -0.00000645
Ga  5.34202860 -0.00000659  5.34202860
Ga -0.00000637  5.34202860  5.34202860
As  8.01296731 -2.67105210 -2.67105210
As  13.35482584  2.67099540 -2.67099540
As  8.01296731  2.67103320  2.67103320
As  13.35482584 -2.67099540  2.67099540
Ga  10.68390603  0.00000016  0.00000029
Ga  16.02582125  5.34204750  0.00012129
Ga  16.02582125  0.00012103  5.34204750
Ga  10.68392492  5.34206640  5.34206640
As  18.69675996 -2.67107099 -2.67107099
As  24.03882636  2.67091981 -2.67091981
As  18.69675996  2.67107099  2.67107099
As  24.03882636 -2.67091981  2.67091981
Ga  21.36788764 -0.00000018  0.00000005
Ga  26.70995404  5.34217978  0.00005628
Ga  26.70995404  0.00005588  5.34217978
Ga  21.36769867  5.34216088  5.34216088
As  29.38070378 -2.67112768 -2.67112768
As  29.38070378  2.67112768  2.67112768
Ga  32.05220941 -0.00000055 -0.00000008
Ga  32.05183146  5.34212309  5.34212309
As -24.03882636  8.01300511 -2.67125997
As -18.69677886  13.35484474 -2.67129776
As -18.69670327  8.01291062  2.67084423
Ga -21.36788764  10.68401941 -0.00018593
Ga -16.02593463  16.02593463 -0.00015594
Ga -16.02584014  10.68396272  5.34199081
As -13.35486364  8.01302401 -2.67112768
As -8.01302401  13.35486364 -2.67112768
As -13.35478805  13.35478805  2.67084423
As -8.01296731  8.01296731  2.67097651
Ga -10.68388713  10.68388713 -0.00014380
Ga -5.34204750  16.02580235 -0.00012095
Ga -5.34197191  10.68383044  5.34197191
Ga -10.68396272  16.02584014  5.34199081
As -2.67105210  8.01296731 -2.67105210
As  2.67099540  13.35482584 -2.67099540
As -2.67099540  13.35482584  2.67099540
As  2.67103320  8.01296731  2.67103320
Ga  0.00000043  10.68390603  0.00000029
Ga  5.34204750  16.02580235  0.00012129
Ga  5.34206640  10.68392492  5.34206640
Ga  0.00012139  16.02580235  5.34204750
As  8.01296731  8.01296731 -2.67097651
As  13.35478805  13.35478805 -2.67084423
As  8.01302401  13.35486364  2.67112768
As  13.35486364  8.01302401  2.67112768
Ga  10.68388713  10.68388713  0.00014435
Ga  16.02593463  16.02593463  0.00015607
Ga  16.02582125  10.68394382  5.34219868
Ga  10.68394382  16.02582125  5.34219868
As  18.69670327  8.01291062 -2.67084423
As  18.69677886  13.35484474  2.67129776
As  24.03882636  8.01300511  2.67125997
Ga  21.36788764  10.68401941  0.00018599
Ga  26.70976507  10.68401941  5.34208529
Ga  21.36788764  16.02580235  5.34212309
As -13.35484474  18.69677886 -2.67129776
As -8.01300511  24.03882636 -2.67125997
As -8.01291062  18.69670327  2.67084423
Ga -10.68401941  21.36788764 -0.00018589
Ga -5.34217978  26.70995404 -0.00005643
Ga -5.34202860  21.36788764  5.34202860
As -2.67107099  18.69675996 -2.67107099
As  2.67091981  24.03882636 -2.67091981
As -2.67091981  24.03882636  2.67091981
As  2.67107099  18.69675996  2.67107099
Ga  0.00000032  21.36788764  0.00000009
Ga  5.34217978  26.70995404  0.00005628
Ga  5.34216088  21.36769867  5.34216088
Ga  0.00005649  26.70995404  5.34217978
As  8.01291062  18.69670327 -2.67084423
As  8.01300511  24.03882636  2.67125997
As  13.35484474  18.69677886  2.67129776
Ga  10.68401941  21.36788764  0.00018597
Ga  16.02580235  21.36788764  5.34212309
Ga  10.68401941  26.70976507  5.34208529
As -2.67112768  29.38070378 -2.67112768
As  2.67112768  29.38070378  2.67112768
Ga  0.00000027  32.05220941 -0.00000020
Ga  5.34212309  32.05183146  5.34212309
Ga -16.02570786 -26.70957610  10.68375485
Ga -16.02555668 -32.05145352  16.02555668
Ga -21.36750970 -26.70938712  16.02553779
As -8.01298621 -29.38051481  8.01298621
As -13.35463687 -29.38032583  13.35465577
Ga -10.68383044 -32.05164249  10.68383044
Ga -5.34208529 -26.70976507  10.68401941
Ga -10.68375485 -26.70957610  16.02570786
Ga -26.70957610 -16.02570786  10.68375485
Ga -26.70938712 -21.36750970  16.02553779
Ga -32.05145352 -16.02555668  16.02555668
As -18.69660878 -18.69660878  8.01309960
As -24.03844841 -18.69645760  13.35476915
As -18.69645760 -24.03844841  13.35476915
Ga -21.36750970 -21.36750970  10.68383044
Ga -16.02574566 -16.02574566  10.68394382
Ga -16.02565117 -21.36750970  16.02565117
Ga -21.36750970 -16.02565117  16.02565117
As -13.35471246 -24.03863738  8.01308070
As -8.01311849 -18.69679775  8.01311849
As -13.35480694 -18.69664657  13.35480694
As -8.01308070 -24.03863738  13.35471246
Ga -10.68394382 -21.36769867  10.68394382
Ga -5.34219868 -16.02582125  10.68394382
Ga -5.34212309 -21.36788764  16.02580235
Ga -10.68394382 -16.02574566  16.02574566
As -2.67125997 -24.03882636  8.01300511
As  2.67084423 -18.69670327  8.01291062
As -2.67129776 -18.69677886  13.35484474
Ga -0.00018558 -21.36788764  10.68401941
Ga  5.34199081 -16.02584014  10.68396272
Ga -0.00015560 -16.02593463  16.02593463
As -29.38051481 -8.01298621  8.01298621
As -29.38032583 -13.35465577  13.35465577
Ga -32.05164249 -10.68383044  10.68383044
Ga -26.70976507 -5.34208529  10.68401941
Ga -26.70957610 -10.68375485  16.02570786
As -24.03863738 -13.35471246  8.01308070
As -18.69679775 -8.01311849  8.01311849
As -24.03863738 -8.01308070  13.35471246
As -18.69664657 -13.35480694  13.35480694
Ga -21.36769867 -10.68394382  10.68394382
Ga -16.02582125 -5.34219868  10.68394382
Ga -16.02574566 -10.68394382  16.02574566
Ga -21.36788764 -5.34212309  16.02580235
As -13.35493923 -13.35493923  8.01311849
As -8.01302401 -8.01302401  8.01302401
As -13.35493923 -8.01311849  13.35493923
As -8.01311849 -13.35493923  13.35493923
Ga -10.68396272 -10.68396272  10.68396272
Ga -5.34206640 -5.34206640  10.68392492
Ga -5.34219868 -10.68394382  16.02582125
Ga -10.68394382 -5.34219868  16.02582125
As -2.67112768 -13.35486364  8.01302401
As  2.67097651 -8.01296731  8.01296731
As -2.67112768 -8.01302401  13.35486364
As  2.67084423 -13.35478805  13.35478805
Ga -0.00014356 -10.68388713  10.68388713
Ga  5.34197191 -5.34197191  10.68383044
Ga  5.34199081 -10.68396272  16.02584014
Ga -0.00012072 -5.34204750  16.02580235
As  8.01287283 -13.35475025  8.01287283
As  13.35475025 -8.01287283  8.01287283
As  8.01287283 -8.01287283  13.35475025
Ga  10.68388713 -10.68388713  10.68388713
Ga  16.02584014 -5.34199081  10.68396272
Ga  10.68396272 -5.34199081  16.02584014
As -24.03882636 -2.67125997  8.01300511
As -18.69670327  2.67084423  8.01291062
As -18.69677886 -2.67129776  13.35484474
Ga -21.36788764 -0.00018604  10.68401941
Ga -16.02584014  5.34199081  10.68396272
Ga -16.02593463 -0.00015601  16.02593463
As -13.35486364 -2.67112768  8.01302401
As -8.01296731  2.67097651  8.01296731
As -13.35478805  2.67084423  13.35478805
As -8.01302401 -2.67112768  13.35486364
Ga -10.68388713 -0.00014388  10.68388713
Ga -5.34197191  5.34197191  10.68383044
Ga -5.34204750 -0.00012108  16.02580235
Ga -10.68396272  5.34199081  16.02584014
As -2.67105210 -2.67105210  8.01296731
As  2.67103320  2.67103320  8.01296731
As -2.67099540  2.67099540  13.35482584
As  2.67099540 -2.67099540  13.35482584
Ga  0.00000043  0.00000016  10.68390603
Ga  5.34206640  5.34206640  10.68392492
Ga  5.34204750  0.00012103  16.02580235
Ga  0.00012139  5.34204750  16.02580235
As  8.01296731 -2.67097651  8.01296731
As  13.35486364  2.67112768  8.01302401
As  8.01302401  2.67112768  13.35486364
As  13.35478805 -2.67084423  13.35478805
Ga  10.68388713  0.00014408  10.68388713
Ga  16.02582125  5.34219868  10.68394382
Ga  16.02593463  0.00015567  16.02593463
Ga  10.68394382  5.34219868  16.02582125
As  18.69670327 -2.67084423  8.01291062
As  24.03882636  2.67125997  8.01300511
As  18.69677886  2.67129776  13.35484474
Ga  21.36788764  0.00018558  10.68401941
Ga  26.70976507  5.34208529  10.68401941
Ga  21.36788764  5.34212309  16.02580235
As -13.35475025  8.01287283  8.01287283
As -8.01287283  13.35475025  8.01287283
As -8.01287283  8.01287283  13.35475025
Ga -10.68388713  10.68388713  10.68388713
Ga -5.34199081  16.02584014  10.68396272
Ga -5.34199081  10.68396272  16.02584014
As -2.67097651  8.01296731  8.01296731
As  2.67112768  13.35486364  8.01302401
As -2.67084423  13.35478805  13.35478805
As  2.67112768  8.01302401  13.35486364
Ga  0.00014440  10.68388713  10.68388713
Ga  5.34219868  16.02582125  10.68394382
Ga  5.34219868  10.68394382  16.02582125
Ga  0.00015608  16.02593463  16.02593463
As  8.01302401  8.01302401  8.01302401
As  13.35493923  13.35493923  8.01311849
As  8.01311849  13.35493923  13.35493923
As  13.35493923  8.01311849  13.35493923
Ga  10.68396272  10.68396272  10.68396272
Ga  16.02574566  16.02574566  10.68394382
Ga  16.02574566  10.68394382  16.02574566
Ga  10.68394382  16.02574566  16.02574566
As  18.69679775  8.01311849  8.01311849
As  24.03863738  13.35471246  8.01308070
As  18.69664657  13.35480694  13.35480694
As  24.03863738  8.01308070  13.35471246
Ga  21.36769867  10.68394382  10.68394382
Ga  26.70957610  16.02570786  10.68375485
Ga  26.70957610  10.68375485  16.02570786
Ga  21.36750970  16.02565117  16.02565117
As  29.38051481  8.01298621  8.01298621
As  29.38032583  13.35463687  13.35465577
Ga  32.05164249  10.68383044  10.68383044
Ga  32.05145352  16.02555668  16.02555668
As -2.67084423  18.69670327  8.01291062
As  2.67125997  24.03882636  8.01300511
As  2.67129776  18.69677886  13.35484474
Ga  0.00018604  21.36788764  10.68401941
Ga  5.34208529  26.70976507  10.68401941
Ga  5.34212309  21.36788764  16.02580235
As  8.01311849  18.69679775  8.01311849
As  13.35471246  24.03863738  8.01308070
As  8.01308070  24.03863738  13.35471246
As  13.35480694  18.69664657  13.35480694
Ga  10.68394382  21.36769867  10.68394382
Ga  16.02570786  26.70957610  10.68375485
Ga  16.02565117  21.36750970  16.02565117
Ga  10.68375485  26.70957610  16.02570786
As  18.69660878  18.69660878  8.01309960
As  18.69645760  24.03844841  13.35476915
As  24.03844841  18.69645760  13.35476915
Ga  21.36750970  21.36750970  10.68383044
Ga  26.70938712  21.36750970  16.02553779
Ga  21.36750970  26.70938712  16.02553779
As  8.01298621  29.38051481  8.01298621
As  13.35465577  29.38032583  13.35465577
Ga  10.68383044  32.05164249  10.68383044
Ga  16.02555668  32.05145352  16.02555668
Ga -26.70938712 -26.70938712  21.36732073
Ga -26.70919815 -32.05126455  26.70919815
Ga -32.05126455 -26.70919815  26.70919815
As -18.69651429 -29.38013686  18.69651429
As -24.03844841 -29.38013686  24.03844841
Ga -21.36750970 -32.05145352  21.36750970
Ga -16.02553779 -26.70938712  21.36750970
Ga -21.36732073 -26.70938712  26.70938712
As -29.38013686 -18.69651429  18.69651429
As -29.38013686 -24.03844841  24.03844841
Ga -32.05145352 -21.36750970  21.36750970
Ga -26.70938712 -16.02553779  21.36750970
Ga -26.70938712 -21.36732073  26.70938712
As -24.03844841 -24.03844841  18.69655209
As -18.69649540 -18.69649540  18.69649540
As -24.03844841 -18.69655209  24.03844841
As -18.69655209 -24.03844841  24.03844841
Ga -21.36732073 -21.36732073  21.36732073
Ga -16.02565117 -16.02565117  21.36750970
Ga -16.02553779 -21.36750970  26.70938712
Ga -21.36750970 -16.02553779  26.70938712
As -13.35476915 -24.03844841  18.69645760
As -8.01309960 -18.69660878  18.69660878
As -13.35476915 -18.69645760  24.03844841
Ga -10.68383044 -21.36750970  21.36750970
Ga -5.34212309 -16.02580235  21.36788764
Ga -10.68375485 -16.02570786  26.70957610
As -24.03844841 -13.35476915  18.69645760
As -18.69660878 -8.01309960  18.69660878
As -18.69645760 -13.35476915  24.03844841
Ga -21.36750970 -10.68383044  21.36750970
Ga -16.02580235 -5.34212309  21.36788764
Ga -16.02570786 -10.68375485  26.70957610
As -13.35480694 -13.35480694  18.69664657
As -8.01311849 -8.01311849  18.69679775
As -13.35471246 -8.01308070  24.03863738
As -8.01308070 -13.35471246  24.03863738
Ga -10.68394382 -10.68394382  21.36769867
Ga -5.34216088 -5.34216088  21.36769867
Ga -5.34208529 -10.68401941  26.70976507
Ga -10.68401941 -5.34208529  26.70976507
As -2.67129776 -13.35484474  18.69677886
As  2.67084423 -8.01291062  18.69670327
As -2.67125997 -8.01300511  24.03882636
Ga -0.00018555 -10.68401941  21.36788764
Ga  5.34202860 -5.34202860  21.36788764
Ga -0.00005607 -5.34217978  26.70995404
As -13.35484474 -2.67129776  18.69677886
As -8.01291062  2.67084423  18.69670327
As -8.01300511 -2.67125997  24.03882636
Ga -10.68401941 -0.00018602  21.36788764
Ga -5.34202860  5.34202860  21.36788764
Ga -5.34217978 -0.00005668  26.70995404
As -2.67107099 -2.67107099  18.69675996
As  2.67107099  2.67107099  18.69675996
As -2.67091981  2.67091981  24.03882636
As  2.67091981 -2.67091981  24.03882636
Ga  0.00000030 -0.00000016  21.36788764
Ga  5.34216088  5.34216088  21.36769867
Ga  5.34217978  0.00005591  26.70995404
Ga  0.00005652  5.34217978  26.70995404
As  8.01291062 -2.67084423  18.69670327
As  13.35484474  2.67129776  18.69677886
As  8.01300511  2.67125997  24.03882636
Ga  10.68401941  0.00018559  21.36788764
Ga  16.02580235  5.34212309  21.36788764
Ga  10.68401941  5.34208529  26.70976507
As -2.67084423  8.01291062  18.69670327
As  2.67129776  13.35484474  18.69677886
As  2.67125997  8.01300511  24.03882636
Ga  0.00018606  10.68401941  21.36788764
Ga  5.34212309  16.02580235  21.36788764
Ga  5.34208529  10.68401941  26.70976507
As  8.01311849  8.01311849  18.69679775
As  13.35480694  13.35480694  18.69664657
As  8.01308070  13.35471246  24.03863738
As  13.35471246  8.01308070  24.03863738
Ga  10.68394382  10.68394382  21.36769867
Ga  16.02565117  16.02565117  21.36750970
Ga  16.02570786  10.68375485  26.70957610
Ga  10.68375485  16.02570786  26.70957610
As  18.69660878  8.01309960  18.69660878
As  24.03844841  13.35476915  18.69645760
As  18.69645760  13.35476915  24.03844841
Ga  21.36750970  10.68383044  21.36750970
Ga  26.70938712  16.02553779  21.36750970
Ga  21.36750970  16.02553779  26.70938712
As  8.01309960  18.69660878  18.69660878
As  13.35476915  24.03844841  18.69645760
As  13.35476915  18.69645760  24.03844841
Ga  10.68383044  21.36750970  21.36750970
Ga  16.02553779  26.70938712  21.36750970
Ga  16.02553779  21.36750970  26.70938712
As  18.69649540  18.69649540  18.69649540
As  24.03844841  24.03844841  18.69655209
As  18.69655209  24.03844841  24.03844841
As  24.03844841  18.69655209  24.03844841
Ga  21.36732073  21.36732073  21.36732073
Ga  26.70938712  26.70938712  21.36732073
Ga  26.70938712  21.36732073  26.70938712
Ga  21.36732073  26.70938712  26.70938712
As  29.38013686  18.69651429  18.69651429
As  29.38013686  24.03844841  24.03844841
Ga  32.05145352  21.36750970  21.36750970
Ga  32.05126455  26.70919815  26.70919815
As  18.69651429  29.38013686  18.69651429
As  24.03844841  29.38013686  24.03844841
Ga  21.36750970  32.05145352  21.36750970
Ga  26.70919815  32.05126455  26.70919815
As -29.37994789 -29.37994789  29.37994789
Ga -26.70919815 -26.70919815  32.05126455
As -24.03844841 -24.03844841  29.38013686
As -18.69651429 -18.69651429  29.38013686
Ga -21.36750970 -21.36750970  32.05145352
Ga -16.02555668 -16.02555668  32.05145352
As -13.35465577 -13.35465577  29.38032583
As -8.01298621 -8.01298621  29.38051481
Ga -10.68383044 -10.68383044  32.05164249
Ga -5.34212309 -5.34212309  32.05183146
As -2.67112768 -2.67112768  29.38070378
As  2.67112768  2.67112768  29.38070378
Ga  0.00000032 -0.00000061  32.05220941
Ga  5.34212309  5.34212309  32.05183146
As  8.01298621  8.01298621  29.38051481
As  13.35465577  13.35463687  29.38032583
Ga  10.68383044  10.68383044  32.05164249
Ga  16.02555668  16.02555668  32.05145352
As  18.69651429  18.69651429  29.38013686
As  24.03844841  24.03844841  29.38013686
Ga  21.36750970  21.36750970  32.05145352
Ga  26.70919815  26.70919815  32.05126455
As  29.37994789  29.37994789  29.37994789
P1  25.24496286 -28.17364130 -33.51518803
P1  28.17364130 -25.24496286 -33.51518803
P1  25.24496286 -33.51518803 -28.17364130
P1  28.17364130 -33.51518803 -25.24496286
P1  19.90328292 -28.17372634 -28.17372634
P2  30.18128620 -30.18128620 -30.18128620
P1  33.51518803 -28.17364130 -25.24496286
P1  33.51518803 -25.24496286 -28.17364130
P1  14.56130061 -17.48988551 -33.51548093
P1  17.48988551 -14.56130061 -33.51548093
P1  14.56152077 -22.83174498 -28.17383028
P1  9.21971704 -17.48976646 -28.17401925
P1  19.90317048 -22.83184892 -33.51537700
P1  22.83184892 -19.90317048 -33.51537700
P1  28.17372634 -19.90328292 -28.17372634
P1  22.83174498 -14.56152077 -28.17383028
P1  3.87764875 -6.80619208 -33.51596281
P1  6.80619208 -3.87764875 -33.51596281
P1  3.87786040 -12.14793250 -28.17420822
P1 -1.46412662 -6.80612405 -28.17450113
P1  9.21951201 -12.14796179 -33.51577384
P1  12.14796179 -9.21950161 -33.51577384
P1  17.48976646 -9.21971704 -28.17401925
P1  12.14793250 -3.87786040 -28.17420822
P1 -6.80619208  3.87764875 -33.51596281
P1 -3.87764875  6.80619208 -33.51596281
P1 -6.80612405 -1.46412691 -28.17450113
P1 -12.14793250  3.87786040 -28.17420822
P1 -1.46430801 -1.46430832 -33.51623683
P1  1.46430807  1.46430776 -33.51623683
P1  6.80612405  1.46412665 -28.17450113
P1  1.46412694  6.80612405 -28.17450113
P1 -17.48988551  14.56130061 -33.51548093
P1 -14.56130061  17.48988551 -33.51548093
P1 -17.48976646  9.21971704 -28.17401925
P1 -22.83174498  14.56152077 -28.17383028
P1 -12.14796179  9.21951201 -33.51577384
P1 -9.21950161  12.14796179 -33.51577384
P1 -3.87786040  12.14793250 -28.17420822
P1 -9.21971704  17.48976646 -28.17401925
P1 -28.17364130  25.24496286 -33.51518803
P1 -25.24496286  28.17364130 -33.51518803
P1 -28.17372634  19.90328292 -28.17372634
P1 -33.51518803  25.24496286 -28.17364130
P1 -33.51518803  28.17364130 -25.24496286
P1 -22.83184892  19.90317048 -33.51537700
P1 -19.90317048  22.83184892 -33.51537700
P1 -14.56152077  22.83174498 -28.17383028
P1 -19.90328292  28.17372634 -28.17372634
P2 -30.18128620  30.18128620 -30.18128620
P1 -28.17364130  33.51518803 -25.24496286
P1 -25.24496286  33.51518803 -28.17364130
P1  14.56152077 -28.17383028 -22.83174498
P1  14.56130061 -33.51548093 -17.48988551
P1  17.48988551 -33.51548093 -14.56130061
P1  9.21971704 -28.17401925 -17.48976646
P1  19.90317048 -33.51537700 -22.83184892
P1  22.83184892 -33.51537700 -19.90317048
P1  28.17372634 -28.17372634 -19.90328292
P1  22.83174498 -28.17383028 -14.56152077
P1  3.87793977 -17.48992331 -22.83212293
P1  3.87793977 -22.83212293 -17.48992331
P1 -1.46404031 -17.49012834 -17.49012834
P1  9.21978224 -22.83184892 -22.83184892
P1  28.17383028 -14.56152077 -22.83174498
P1  28.17383028 -22.83174498 -14.56152077
P1  33.51537700 -22.83184892 -19.90317048
P1  33.51537700 -19.90317048 -22.83184892
P1  33.51548093 -17.48988551 -14.56130061
P1  33.51548093 -14.56130061 -17.48988551
P1 -6.80609759 -6.80610799 -22.83233080
P1 -6.80610137 -12.14810446 -17.49020015
P1 -12.14810446 -6.80610137 -17.49020015
P1 -1.46404756 -12.14804683 -22.83233080
P1  17.48992331 -3.87793977 -22.83212293
P1  22.83184892 -9.21978224 -22.83184892
P1  28.17401925 -9.21971704 -17.48976646
P1  22.83212293 -3.87793977 -17.48992331
P1 -17.48992331  3.87793977 -22.83212293
P1 -17.49012834 -1.46404055 -17.49012834
P1 -22.83212293  3.87793977 -17.48992331
P1 -12.14804683 -1.46404781 -22.83233080
P1  6.80610799  6.80609759 -22.83233080
P1  12.14804683  1.46404760 -22.83233080
P1  17.49012834  1.46404033 -17.49012834
P1  12.14810446  6.80610137 -17.49020015
P1 -28.17383028  14.56152077 -22.83174498
P1 -28.17401925  9.21971704 -17.48976646
P1 -33.51548093  14.56130061 -17.48988551
P1 -33.51548093  17.48988551 -14.56130061
P1 -22.83184892  9.21978224 -22.83184892
P1 -3.87793977  17.48992331 -22.83212293
P1  1.46404785  12.14804683 -22.83233080
P1  6.80610137  12.14810446 -17.49020015
P1  1.46404057  17.49012834 -17.49012834
P1 -33.51537700  19.90317048 -22.83184892
P1 -33.51537700  22.83184892 -19.90317048
P1 -28.17372634  28.17372634 -19.90328292
P1 -28.17383028  22.83174498 -14.56152077
P1 -14.56152077  28.17383028 -22.83174498
P1 -22.83174498  28.17383028 -14.56152077
P1 -9.21978224  22.83184892 -22.83184892
P1 -3.87793977  22.83212293 -17.48992331
P1 -9.21971704  28.17401925 -17.48976646
P1 -22.83184892  33.51537700 -19.90317048
P1 -19.90317048  33.51537700 -22.83184892
P1 -17.48988551  33.51548093 -14.56130061
P1 -14.56130061  33.51548093 -17.48988551
P1  3.87786040 -28.17420822 -12.14793250
P1  3.87764875 -33.51596281 -6.80619208
P1  6.80619208 -33.51596281 -3.87764875
P1 -1.46412664 -28.17450113 -6.80612405
P1  9.21951201 -33.51577384 -12.14796179
P1  12.14796179 -33.51577384 -9.21950161
P1  17.48976646 -28.17401925 -9.21971704
P1  12.14793250 -28.17420822 -3.87786040
P1 -6.80610137 -17.49020015 -12.14810446
P1 -6.80609759 -22.83233080 -6.80609759
P1 -12.14810446 -17.49020015 -6.80610137
P1 -1.46404756 -22.83233080 -12.14804683
P1  17.48992331 -22.83212293 -3.87793977
P1  22.83184892 -22.83184892 -9.21978224
P1  28.17401925 -17.48976646 -9.21971704
P1  22.83212293 -17.48992331 -3.87793977
P1 -17.49020015 -6.80610137 -12.14810446
P1 -17.49020015 -12.14810446 -6.80610137
P1 -22.83233080 -6.80610799 -6.80610799
P1 -12.14811202 -12.14811202 -12.14811202
P1  28.17420822 -3.87786040 -12.14793250
P1  28.17420822 -12.14793250 -3.87786040
P1  33.51577384 -12.14796179 -9.21950161
P1  33.51577384 -9.21950161 -12.14796179
P1  33.51596281 -6.80619208 -3.87764875
P1  33.51596281 -3.87765915 -6.80619208
P1 -28.17420822  3.87786040 -12.14793250
P1 -28.17450113 -1.46412692 -6.80612405
P1 -33.51596281  3.87764875 -6.80619208
P1 -33.51596281  6.80619208 -3.87764875
P1 -22.83233080 -1.46404782 -12.14804683
P1  17.49020015  6.80610137 -12.14810446
P1  22.83233080  1.46404762 -12.14804683
P1  28.17450113  1.46412664 -6.80612405
P1  22.83233080  6.80609759 -6.80610799
P1 -33.51577384  9.21951201 -12.14796179
P1 -33.51577384  12.14796179 -9.21950161
P1 -28.17401925  17.48976646 -9.21971704
P1 -28.17420822  12.14793250 -3.87786040
P1 -22.83212293  17.48992331 -3.87793977
P1  6.80610137  17.49020015 -12.14810446
P1  12.14811202  12.14811202 -12.14811202
P1  17.49020015  12.14810446 -6.80610137
P1  12.14810446  17.49020015 -6.80610137
P1 -22.83184892  22.83184892 -9.21978224
P1 -17.48976646  28.17401925 -9.21971704
P1 -17.48992331  22.83212293 -3.87793977
P1 -3.87786040  28.17420822 -12.14793250
P1 -12.14793250  28.17420822 -3.87786040
P1  1.46404788  22.83233080 -12.14804683
P1  6.80610799  22.83233080 -6.80610799
P1  1.46412692  28.17450113 -6.80612405
P1 -12.14796179  33.51577384 -9.21950161
P1 -9.21950161  33.51577384 -12.14796179
P1 -6.80619208  33.51596281 -3.87764875
P1 -3.87764875  33.51596281 -6.80619208
P1 -6.80612405 -28.17450113 -1.46412674
P1 -6.80619208 -33.51596281  3.87764875
P1 -3.87764875 -33.51596281  6.80619208
P1 -12.14793250 -28.17420822  3.87786040
P1 -1.46430798 -33.51623683 -1.46430814
P1  1.46430810 -33.51623683  1.46430794
P1  6.80612405 -28.17450113  1.46412676
P1  1.46412694 -28.17450113  6.80612405
P1 -17.49012834 -17.49012834 -1.46404035
P1 -17.48992331 -22.83212293  3.87793977
P1 -22.83212293 -17.48992331  3.87793977
P1 -12.14804683 -22.83233080 -1.46404761
P1  6.80610799 -22.83233080  6.80609759
P1  12.14804683 -22.83233080  1.46404764
P1  17.49012834 -17.49012834  1.46404034
P1  12.14810446 -17.49020015  6.80610137
P1 -28.17450113 -6.80612405 -1.46412674
P1 -28.17420822 -12.14793250  3.87786040
P1 -33.51596281 -6.80619208  3.87764875
P1 -33.51596281 -3.87765915  6.80619208
P1 -22.83233080 -12.14804683 -1.46404762
P1  17.49020015 -12.14810446  6.80610137
P1  22.83233080 -12.14804683  1.46404765
P1  28.17450113 -6.80612405  1.46412673
P1  22.83233080 -6.80610799  6.80609759
P1 -33.51623683 -1.46430835 -1.46430819
P1 -33.51623683  1.46430773  1.46430789
P1 -28.17450113  6.80612405  1.46412677
P1 -28.17450113  1.46412667  6.80612405
P1 -22.83233080  6.80609759  6.80609759
P1  28.17450113  6.80612405 -1.46412681
P1  28.17450113 -1.46412699  6.80612405
P1  33.51623683 -1.46430829  1.46430800
P1  33.51623683  1.46430779 -1.46430808
P1  33.51596281  3.87764875  6.80619208
P1  33.51596281  6.80619208  3.87764875
P1 -22.83233080  12.14804683  1.46404768
P1 -17.49012834  17.49012834  1.46404039
P1 -17.49020015  12.14810446  6.80610137
P1 -12.14810446  17.49020015  6.80610137
P1  17.49012834  17.49012834 -1.46404033
P1  22.83233080  12.14804683 -1.46404766
P1  28.17420822  12.14793250  3.87786040
P1  22.83212293  17.48992331  3.87793977
P1 -12.14804683  22.83233080  1.46404770
P1 -6.80612405  28.17450113  1.46412674
P1 -6.80610799  22.83233080  6.80609759
P1  6.80612405  28.17450113 -1.46412681
P1 -1.46412671  28.17450113  6.80612405
P1  12.14804683  22.83233080 -1.46404766
P1  17.48992331  22.83212293  3.87793977
P1  12.14793250  28.17420822  3.87786040
P1 -1.46430792  33.51623683  1.46430795
P1  1.46430816  33.51623683 -1.46430813
P1  3.87764875  33.51596281  6.80619208
P1  6.80619208  33.51596281  3.87764875
P1 -17.48976646 -28.17401925  9.21971704
P1 -17.48988551 -33.51548093  14.56130061
P1 -14.56130061 -33.51548093  17.48988551
P1 -22.83174498 -28.17383028  14.56152077
P1 -12.14796179 -33.51577384  9.21951201
P1 -9.21950161 -33.51577384  12.14796179
P1 -3.87786040 -28.17420822  12.14793250
P1 -9.21971704 -28.17401925  17.48976646
P1 -28.17401925 -17.48976646  9.21971704
P1 -28.17383028 -22.83174498  14.56152077
P1 -33.51548093 -17.48988551  14.56130061
P1 -33.51548093 -14.56130061  17.48988551
P1 -22.83184892 -22.83184892  9.21978224
P1 -3.87793977 -22.83212293  17.48992331
P1  1.46404784 -22.83233080  12.14804683
P1  6.80610137 -17.49020015  12.14810446
P1  1.46404055 -17.49012834  17.49012834
P1 -33.51577384 -12.14796179  9.21951201
P1 -33.51577384 -9.21950161  12.14796179
P1 -28.17420822 -3.87786040  12.14793250
P1 -28.17401925 -9.21971704  17.48976646
P1 -22.83212293 -3.87793977  17.48992331
P1  6.80610137 -12.14810446  17.49020015
P1  12.14811202 -12.14811202  12.14811202
P1  17.49020015 -6.80610137  12.14810446
P1  12.14810446 -6.80610137  17.49020015
P1 -22.83233080  1.46404763  12.14804683
P1 -17.49020015  6.80610137  12.14810446
P1 -17.49012834  1.46404036  17.49012834
P1 -12.14810446  6.80610137  17.49020015
P1  17.49012834 -1.46404051  17.49012834
P1  22.83233080 -1.46404784  12.14804683
P1  28.17420822  3.87786040  12.14793250
P1  22.83212293  3.87793977  17.48992331
P1 -12.14811202  12.14811202  12.14811202
P1 -6.80610137  17.49020015  12.14810446
P1 -6.80610137  12.14810446  17.49020015
P1 -1.46404032  17.49012834  17.49012834
P1  28.17401925  17.48976646  9.21971704
P1  28.17401925  9.21971704  17.48976646
P1  33.51577384  9.21950161  12.14796179
P1  33.51577384  12.14796179  9.21951201
P1  33.51548093  14.56130061  17.48988551
P1  33.51548093  17.48988551  14.56130061
P1 -1.46404763  22.83233080  12.14804683
P1  3.87786040  28.17420822  12.14793250
P1  3.87793977  22.83212293  17.48992331
P1  17.48976646  28.17401925  9.21971704
P1  9.21971704  28.17401925  17.48976646
P1  22.83184892  22.83184892  9.21978224
P1  28.17383028  22.83174498  14.56152077
P1  22.83174498  28.17383028  14.56152077
P1  9.21951201  33.51577384  12.14796179
P1  12.14796179  33.51577384  9.21951201
P1  14.56130061  33.51548093  17.48988551
P1  17.48988551  33.51548093  14.56130061
P1 -28.17372634 -28.17372634  19.90328292
P1 -28.17364130 -33.51518803  25.24496286
P1 -25.24496286 -33.51518803  28.17364130
P1 -33.51518803 -28.17364130  25.24496286
P1 -33.51518803 -25.24496286  28.17364130
P1 -22.83184892 -33.51537700  19.90317048
P1 -19.90317048 -33.51537700  22.83184892
P1 -14.56152077 -28.17383028  22.83174498
P1 -19.90328292 -28.17372634  28.17372634
P1 -33.51537700 -22.83184892  19.90317048
P1 -33.51537700 -19.90317048  22.83184892
P1 -28.17383028 -14.56152077  22.83174498
P1 -28.17372634 -19.90328292  28.17372634
P1 -14.56152077 -22.83174498  28.17383028
P1 -22.83174498 -14.56152077  28.17383028
P1 -9.21978224 -22.83184892  22.83184892
P1 -3.87793977 -17.48992331  22.83212293
P1 -9.21971704 -17.48976646  28.17401925
P1 -22.83184892 -9.21978224  22.83184892
P1 -17.48992331 -3.87793977  22.83212293
P1 -17.48976646 -9.21971704  28.17401925
P1 -3.87786040 -12.14793250  28.17420822
P1 -12.14793250 -3.87786040  28.17420822
P1  1.46404785 -12.14804683  22.83233080
P1  6.80610799 -6.80610799  22.83233080
P1  1.46412690 -6.80612405  28.17450113
P1 -12.14804683  1.46404764  22.83233080
P1 -6.80610799  6.80609759  22.83233080
P1 -6.80612405  1.46412663  28.17450113
P1  6.80612405 -1.46412698  28.17450113
P1 -1.46412670  6.80612405  28.17450113
P1  12.14804683 -1.46404784  22.83233080
P1  17.48992331  3.87793977  22.83212293
P1  12.14793250  3.87786040  28.17420822
P1 -1.46404762  12.14804683  22.83233080
P1  3.87793977  17.48992331  22.83212293
P1  3.87786040  12.14793250  28.17420822
P1  17.48976646  9.21971704  28.17401925
P1  9.21971704  17.48976646  28.17401925
P1  22.83184892  9.21978224  22.83184892
P1  28.17383028  14.56152077  22.83174498
P1  22.83174498  14.56152077  28.17383028
P1  9.21978224  22.83184892  22.83184892
P1  14.56152077  28.17383028  22.83174498
P1  14.56152077  22.83174498  28.17383028
P1  28.17372634  28.17372634  19.90328292
P1  28.17372634  19.90328292  28.17372634
P1  19.90328292  28.17372634  28.17372634
P1  33.51537700  19.90317048  22.83184892
P1  33.51537700  22.83184892  19.90317048
P1  33.51518803  25.24496286  28.17364130
P1  33.51518803  28.17364130  25.24496286
P1  19.90317048  33.51537700  22.83184892
P1  22.83184892  33.51537700  19.90317048
P1  25.24496286  33.51518803  28.17364130
P1  28.17364130  33.51518803  25.24496286
P2 -30.18128620 -30.18128620  30.18128620
P1 -25.24496286 -28.17364130  33.51518803
P1 -28.17364130 -25.24496286  33.51518803
P1 -19.90317048 -22.83184892  33.51537700
P1 -22.83184892 -19.90317048  33.51537700
P1 -14.56130061 -17.48988551  33.51548093
P1 -17.48988551 -14.56130061  33.51548093
P1 -9.21950161 -12.14796179  33.51577384
P1 -12.14796179 -9.21951201  33.51577384
P1 -3.87764875 -6.80619208  33.51596281
P1 -6.80619208 -3.87765915  33.51596281
P1  1.46430818 -1.46430831  33.51623683
P1 -1.46430789  1.46430777  33.51623683
P1  6.80619208  3.87764875  33.51596281
P1  3.87764875  6.80619208  33.51596281
P1  12.14796179  9.21950161  33.51577384
P1  9.21951201  12.14796179  33.51577384
P1  17.48988551  14.56130061  33.51548093
P1  14.56130061  17.48988551  33.51548093
P1  22.83184892  19.90317048  33.51537700
P1  19.90317048  22.83184892  33.51537700
P1  28.17364130  25.24496286  33.51518803
P1  25.24496286  28.17364130  33.51518803
P2  30.18128620  30.18128620  30.18128620
