0 -0.209461558436766 8.8965e-07
1 -0.209461558281464 1.00868e-06
2 -0.209461558281453 1.10149e-06
3 -0.20936243695515 1.10954e-06
4 -0.209362435928758 5.31062e-06
5 -0.209362435928723 6.2009e-07
6 -0.20934487897803 3.27305e-06
7 -0.20933538644732 5.23744e-06
8 -0.209335386447299 3.99719e-07
9 -0.209226552899624 5.26855e-07
10 -0.209226552766631 7.11004e-07
11 -0.209226552766476 2.23764e-05
12 -0.208763379728083 3.4821e-07
13 -0.208763379728065 1.08825e-06
14 -0.208589988079431 3.80134e-06
15 -0.208589988079427 8.02897e-07
16 -0.208589987922908 4.75306e-06
17 -0.208345979663118 6.39829e-07
18 -0.208345979663109 3.74498e-07
19 -0.208312947249185 4.91696e-07
20 -0.208312947226045 3.57764e-07
21 -0.208312947226027 7.64701e-07
22 -0.208233955792326 2.84662e-07
23 -0.208233955782943 5.65772e-07
24 -0.208233955782927 3.11647e-07
25 -0.208215426277986 4.30219e-07
26 -0.207928610203554 1.07102e-06
27 -0.207928610203545 7.54093e-07
28 -0.207928610126798 4.90077e-07
29 -0.207677776625937 2.07616e-07
30 -0.207677775773296 3.25105e-07
31 -0.207677775773285 2.30532e-07
32 -0.207240212656275 7.14207e-07
33 -0.207240212656265 4.82917e-06
34 -0.207240212318919 4.39334e-06
35 -0.207107433741205 2.93814e-07
36 -0.207107433741183 1.45716e-07
37 -0.207061636170097 2.13336e-07
38 -0.207061635552561 3.28988e-07
39 -0.20706163555256 2.06628e-07
40 -0.206367547751392 4.71216e-08
41 -0.206367547658631 1.1179e-07
42 -0.206367547658625 8.61259e-08
43 -0.206248197122054 1.10259e-07
44 -0.205923893218204 6.52192e-08
45 -0.205923893218189 1.78988e-07
46 -0.205923893111121 2.33106e-07
47 -0.205723902471731 1.2234e-07
48 -0.205723902471721 4.93443e-07
49 -0.205718519020129 7.80535e-08
50 -0.205718519020104 4.41954e-07
51 -0.205718518969021 2.25957e-07
52 -0.205227575060678 2.19223e-07
53 -0.205227575060664 9.21962e-08
54 -0.205227575027995 2.15117e-07
55 -0.205040451991376 7.29529e-08
56 -0.205040451966239 4.82134e-08
57 -0.205040451966218 2.18303e-07
58 -0.204825764400573 1.43387e-07
59 -0.204825764277197 1.23722e-07
60 -0.204825764277163 1.06187e-07
61 -0.204421616781148 1.07195e-07
62 -0.204147887414385 1.17863e-07
63 -0.204147887414377 1.08322e-07
64 -0.203847118166599 1.4803e-07
65 -0.203847118166583 3.35276e-08
66 -0.203847118088569 1.59602e-07
67 -0.203327421640553 1.45835e-07
68 -0.203327421625218 1.44424e-07
69 -0.203327421625213 1.32366e-07
70 -0.202783642812061 1.20368e-07
71 -0.202783642812059 1.77841e-07
72 -0.20273766055789 1.28049e-07
73 -0.202737660557845 1.62039e-07
74 -0.202737660399027 1.18392e-07
75 -0.202389516951628 7.63457e-08
76 -0.202389516899853 1.4227e-07
77 -0.202389516899839 1.94305e-07
78 -0.202015166620544 9.11745e-08
79 -0.202015166620534 1.355e-07
80 -0.201670879171891 1.51437e-07
81 -0.201670879165669 1.34085e-07
82 -0.201670879165641 1.43943e-07
83 -0.201640610008483 7.85409e-08
84 -0.201302203562544 1.19645e-07
85 -0.201302203562533 1.50356e-07
86 -0.201302203553765 1.47772e-07
87 -0.200687427958404 1.45191e-07
88 -0.200687427958391 1.61439e-07
89 -0.200687427932833 1.53936e-07
90 -0.135226774128184 3.46472e-08
91 -0.13385844103781 6.59071e-08
92 -0.133692747476939 2.12374e-08
93 -0.133692747476935 3.48966e-08
94 -0.133692747323951 5.05666e-08
95 -0.131986601928588 2.6669e-08
96 -0.131986601928584 3.65952e-08
97 -0.13198659900123 7.45058e-09
98 -0.131975777227564 5.18204e-08
99 -0.129985763647715 3.86246e-08
100 -0.12982117797902 1.89038e-08
101 -0.129821177979016 3.04928e-08
102 -0.129821176123264 4.56253e-09
103 -0.129792500590618 6.16082e-08
104 -0.129753130274533 2.81869e-08
105 -0.12975313027453 2.87958e-08
106 -0.129128293963303 2.60104e-08
107 -0.129128293963296 4.165e-09
108 -0.129128293701719 2.63418e-08
109 -0.127803923199453 1.69695e-08
110 -0.127803923199448 1.33019e-08
111 -0.127734420396052 5.04636e-08
112 -0.127641766173237 3.78992e-08
113 -0.127343644587804 2.81869e-08
114 -0.127343644587795 1.19267e-08
115 -0.127343639960091 3.72994e-08
116 -0.126981343224137 3.68785e-08
117 -0.126981343224129 3.64527e-08
118 -0.126981342952757 4.1105e-08
119 -0.126224578863765 2.10734e-08
120 -0.126224578863757 2.69923e-08
121 -0.126224578726046 2.10734e-08
122 -0.125561624666689 3.83994e-08
123 -0.125561624666669 4.28003e-08
124 -0.125561624593144 4.49743e-08
125 -0.125378596101933 2.8856e-08
126 -0.12537859498537 4.55873e-08
127 -0.125378594985368 4.36432e-08
128 -0.125239739892107 5.27822e-08
129 -0.125239739892095 2.07415e-08
130 -0.125239739546588 3.77617e-08
131 -0.125164697966323 4.08934e-08
132 -0.125164697966312 1.30385e-08
133 -0.125093878856776 5.16527e-08
134 -0.125093878502199 3.56345e-08
135 -0.125093878502186 9.31323e-09
136 -0.124669319201202 5.70468e-08
137 -0.124669315957982 4.1754e-08
138 -0.124669315957975 7.55922e-08
139 -0.124635102554103 1.95799e-08
140 -0.123879814460538 9.15637e-08
141 -0.12387981396987 1.02944e-07
142 -0.123879813969865 5.6803e-08
143 -0.123849962195504 9.53321e-08
144 -0.123849962195495 1.12648e-07
145 -0.12384996132412 9.68575e-08
146 -0.123714451800822 1.00237e-07
147 -0.123714451800818 6.09856e-08
148 -0.123710971903764 1.39754e-07
149 -0.123218319991613 1.26015e-07
