0 -0.251356066020113 2.92425e-06
1 -0.251356066020016 2.60302e-06
2 -0.251014658624761 3.92482e-06
3 -0.251014655437221 9.39947e-06
4 -0.251014655436665 3.61707e-05
5 -0.25077292505028 3.19761e-06
6 -0.249901073856283 4.03055e-07
7 -0.249841263312198 8.12754e-07
8 -0.249841263312165 7.12714e-07
9 -0.249841259497571 6.9348e-07
10 -0.249828082522356 1.41792e-06
11 -0.249828082522334 6.8699e-07
12 -0.248715102026896 2.84652e-06
13 -0.248715102026872 2.68202e-06
14 -0.24871509972678 2.40297e-06
15 -0.248672725282864 3.18772e-06
16 -0.248672723836009 4.33632e-06
17 -0.248672723835983 7.04563e-07
18 -0.248447782581439 1.04013e-06
19 -0.248447782581426 1.78096e-06
20 -0.248447782065075 5.5587e-06
21 -0.247954378499762 3.34509e-07
22 -0.247954378499757 6.05139e-07
23 -0.247706008277255 4.55591e-07
24 -0.247706002182225 5.11356e-07
25 -0.247706002182215 4.52067e-07
26 -0.247390797322656 3.28745e-07
27 -0.247027779730464 1.48723e-06
28 -0.247027779730457 2.94922e-07
29 -0.247027778324418 6.00367e-07
30 -0.246414726018229 3.22985e-07
31 -0.246414726018226 8.23677e-07
32 -0.245059903107183 1.37735e-07
33 -0.245059901108834 2.16852e-07
34 -0.245059901108832 2.31523e-07
35 -0.244707179407267 1.12963e-07
36 -0.244707179407262 8.10197e-08
37 -0.244707176437619 2.79049e-07
38 -0.244610000144712 3.10319e-07
39 -0.244610000144709 1.20598e-07
40 -0.244609999721416 2.36578e-07
41 -0.244271298683895 1.56965e-06
42 -0.244271298683891 4.02728e-07
43 -0.243869309799272 2.17268e-07
44 -0.243486771937687 8.27987e-08
45 -0.243486771937684 1.32575e-07
46 -0.242457080686492 1.81777e-07
47 -0.242457080686491 1.91988e-07
48 -0.242457080598043 8.0734e-07
49 -0.241595090246311 6.52192e-08
50 -0.241595088972009 7.29054e-08
51 -0.241595088972007 6.55905e-08
52 -0.241549258829112 2.04043e-08
53 -0.241509376252293 7.99854e-08
54 -0.241509375886092 2.62097e-08
55 -0.241509375886088 3.72529e-09
56 -0.240522164623866 1.1385e-07
57 -0.240522164623865 1.41928e-07
58 -0.240522164490141 9.69292e-08
59 -0.239975893877441 5.74106e-08
60 -0.239975893877439 6.38754e-08
61 -0.23997589227133 7.25715e-08
62 -0.238901994703469 5.9779e-08
63 -0.238901994703466 5.67419e-08
64 -0.238875903097426 7.6844e-08
65 -0.238875901937907 8.37569e-08
66 -0.238875901937906 7.47383e-08
67 -0.236787632148854 4.40782e-08
68 -0.236787631753088 9.36523e-08
69 -0.236787631753086 7.15605e-08
70 -0.2358084021778 7.48774e-08
71 -0.235808402177799 6.28349e-08
72 -0.234788967427337 4.02952e-08
73 -0.234788966870595 5.50663e-08
74 -0.234788966870593 2.75016e-08
75 -0.234171633214835 6.8184e-08
76 -0.234171631819218 6.36578e-08
77 -0.234171631819216 7.18025e-08
78 -0.233956896254796 2.34131e-08
79 -0.231881807261585 5.73501e-08
80 -0.231881807261583 5.55056e-08
81 -0.23188180710924 7.52472e-08
82 -0.230539579150871 3.72529e-08
83 -0.230539579150867 5.50033e-08
84 -0.228529293261119 1.19993e-07
85 -0.228529293261117 3.1168e-08
86 -0.22852929277343 4.64542e-08
87 -0.227391764522149 3.09446e-08
88 -0.227391764280269 4.80692e-08
89 -0.227391764280267 4.50129e-08
90 -0.138398674251642 2.62097e-08
91 -0.1256254467774 2.33389e-08
92 -0.124000257486676 1.26331e-08
93 -0.124000252830975 9.9438e-09
94 -0.124000252830972 1.89496e-08
95 -0.122832044278066 1.02021e-08
96 -0.122822503238296 2.72481e-08
97 -0.122822503238294 1.79627e-08
98 -0.122822501847176 3.2262e-09
99 -0.118556947782074 1.94466e-08
100 -0.11855694778207 1.83921e-08
101 -0.118556926261557 5.4305e-09
102 -0.115966511550249 9.12506e-09
103 -0.115461357485743 3.48469e-09
104 -0.115461314700167 2.31148e-08
105 -0.115461314700157 5.26836e-09
106 -0.113465463221262 1.93123e-08
107 -0.113465432582008 1.75722e-08
108 -0.113465432581983 1.09406e-08
109 -0.113416837970328 1.95799e-08
110 -0.113037146671065 2.23517e-08
111 -0.113037146671035 2.06577e-08
112 -0.1124256473984 7.21399e-09
113 -0.111288362436493 1.60771e-08
114 -0.111288362436487 1.91771e-08
115 -0.110433941537407 6.45239e-09
116 -0.110433941537402 1.89953e-08
117 -0.110433897880633 1.38137e-08
118 -0.108202606163585 4.56443e-08
119 -0.10820260616358 5.15351e-08
120 -0.108202601447118 5.5255e-08
121 -0.107850309846317 4.62484e-08
122 -0.107840917659115 3.32418e-08
123 -0.107840917659108 6.04571e-08
124 -0.107664311716239 3.51196e-08
125 -0.10766431171623 1.20397e-07
126 -0.107664311493126 4.93161e-08
127 -0.105568834410096 2.35994e-07
128 -0.105568834410051 3.51423e-07
129 -0.10556881948273 2.80809e-07
130 -0.104744780330021 2.82963e-07
131 -0.104744780329939 5.23763e-07
132 -0.104744776820926 3.79948e-07
133 -0.104053452659223 7.45389e-07
134 -0.104053452658844 1.50107e-06
135 -0.104053433791003 1.24885e-06
136 -0.103394450717936 1.33638e-06
137 -0.103394450717832 1.87366e-06
138 -0.102276413880778 2.42757e-06
139 -0.102276413877598 4.41413e-06
140 -0.10227640565251 1.86284e-06
141 -0.101575580705868 3.08408e-06
142 -0.101575580704428 3.57025e-06
143 -0.101575495984497 7.33205e-06
144 -0.101443478299982 4.76103e-06
145 -0.101327368670538 2.45838e-06
146 -0.101327368664174 6.46926e-06
147 -0.100951991183785 5.53113e-06
148 -0.100951932921671 5.36263e-06
149 -0.100951932897477 8.23074e-06
