765
P -24.92454093 -8.32010448  8.32010448
P -19.38310844 -13.85046317  8.28580595
In -22.12774646 -11.07124316  11.07124316
P -19.38310844 -8.28580595  13.85046317
P -13.85046317 -19.38310844  8.28580595
In -16.61142843 -16.61142843  11.06718025
P -13.84161926 -13.84161926  13.84161926
In -16.61142843 -11.06718025  16.61142843
P -13.85046317 -8.28580595  19.38310844
P -8.32010448 -24.92454093  8.32010448
In -11.07124316 -22.12774646  11.07124316
P -8.28580595 -19.38310844  13.85046317
In -11.06718025 -16.61142843  16.61142843
P -8.28580595 -13.85046317  19.38310844
In -11.07124316 -11.07124316  22.12774646
P -8.32010448 -8.32010448  24.92454093
P -24.95647730 -8.31609826 -2.75947237
P -24.93058805 -2.76283609  2.76283609
P -24.95647730  2.75947237  8.31609826
P -19.39331296 -13.84332001 -2.77451459
In -22.16365126 -11.07260377  0.00369101
P -19.39217912 -8.30389063  2.76901549
In -22.16780865 -5.53937269  5.53937269
P -19.39217912 -2.76901549  8.30389063
In -22.16365126 -0.00369101  11.07260377
P -19.39331296  2.77451459  13.84332001
P -13.84332001 -19.39331296 -2.77451459
In -16.62029125 -16.62029125 -0.00243436
P -13.84734513 -13.84734513  2.76361087
In -16.61520788 -11.07383209  5.53013193
P -13.84696718 -8.30632838  8.30632838
In -16.61520788 -5.53013193  11.07383209
P -13.84734513 -2.76361087  13.84734513
In -16.62029125  0.00243436  16.62029125
P -13.84332001  2.77451459  19.39331296
P -8.31609826 -24.95647730 -2.75947237
In -11.07260377 -22.16365126  0.00369101
P -8.30389063 -19.39217912  2.76901549
In -11.07383209 -16.61520788  5.53013193
P -8.30632838 -13.84696718  8.30632838
In -11.07460688 -11.07460688  11.07460688
P -8.30632838 -8.30632838  13.84696718
In -11.07383209 -5.53013193  16.61520788
P -8.30389063 -2.76901549  19.39217912
In -11.07260377 -0.00369101  22.16365126
P -8.31609826  2.75947237  24.95647730
P -2.76283609 -24.93058805  2.76283609
In -5.53937269 -22.16780865  5.53937269
P -2.76901549 -19.39217912  8.30389063
In -5.53013193 -16.61520788  11.07383209
P -2.76361087 -13.84734513  13.84734513
In -5.53013193 -11.07383209  16.61520788
P -2.76901549 -8.30389063  19.39217912
In -5.53937269 -5.53937269  22.16780865
P -2.76283609 -2.76283609  24.93058805
P  2.75947237 -24.95647730  8.31609826
In -0.00369101 -22.16365126  11.07260377
P  2.77451459 -19.39331296  13.84332001
In  0.00243436 -16.62029125  16.62029125
P  2.77451459 -13.84332001  19.39331296
In -0.00369101 -11.07260377  22.16365126
P  2.75947237 -8.31609826  24.95647730
P -24.95647730 -2.75947237 -8.31609826
P -24.93058805  2.76283609 -2.76283609
P -24.95647730  8.31609826  2.75947237
P -19.36307734 -13.82066220 -13.82066220
In -22.18103674 -11.07256597 -11.07256597
P -19.40805282 -8.30264341 -8.30264341
In -22.18935153 -5.53631133 -5.53631133
P -19.40087186 -2.77275715 -2.77275715
In -22.16062770 -0.00000000 -0.00000000
P -19.40087186  2.77275715  2.77275715
In -22.18935153  5.53631133  5.53631133
P -19.40805282  8.30264341  8.30264341
In -22.18103674  11.07256597  11.07256597
P -19.36307734  13.82066220  13.82066220
P -13.82066220 -19.36307734 -13.82066220
In -16.60596712 -16.60596712 -11.05200575
P -13.83800988 -13.83800988 -8.29334596
In -16.62386283 -11.06980697 -5.53859790
P -13.84938603 -8.30445755 -2.76876983
In -16.62412739 -5.53617905 -0.00227308
P -13.85269305 -2.76827850  2.76827850
In -16.62412739  0.00227308  5.53617905
P -13.84938603  2.76876983  8.30445755
In -16.62386283  5.53859790  11.06980697
P -13.83800988  8.29334596  13.83800988
In -16.60596712  11.05200575  16.60596712
P -13.82066220  13.82066220  19.36307734
In -11.07256597 -22.18103674 -11.07256597
P -8.30264341 -19.40805282 -8.30264341
In -11.06980697 -16.62386283 -5.53859790
P -8.30445755 -13.84938603 -2.76876983
In -11.07647770 -11.07647770 -0.00259329
P -8.30768898 -8.30768898  2.76939344
In -11.07863199 -5.53678376  5.53678376
P -8.30768898 -2.76939344  8.30768898
In -11.07647770  0.00259329  11.07647770
P -8.30445755  2.76876983  13.84938603
In -11.06980697  5.53859790  16.62386283
P -8.30264341  8.30264341  19.40805282
In -11.07256597  11.07256597  22.18103674
P -2.75947237 -24.95647730 -8.31609826
In -5.53631133 -22.18935153 -5.53631133
P -2.77275715 -19.40087186 -2.77275715
In -5.53617905 -16.62412739 -0.00227308
P -2.76827850 -13.85269305  2.76827850
In -5.53678376 -11.07863199  5.53678376
P -2.76939344 -8.30768898  8.30768898
In -5.53678376 -5.53678376  11.07863199
P -2.76827850 -2.76827850  13.85269305
In -5.53617905  0.00227308  16.62412739
P -2.77275715  2.77275715  19.40087186
In -5.53631133  5.53631133  22.18935153
P -2.75947237  8.31609826  24.95647730
P  2.76283609 -24.93058805 -2.76283609
In  0.00000000 -22.16062770 -0.00000000
P  2.77275715 -19.40087186  2.77275715
In  0.00227308 -16.62412739  5.53617905
P  2.76876983 -13.84938603  8.30445755
In  0.00259329 -11.07647770  11.07647770
P  2.76876983 -8.30445755  13.84938603
In  0.00227308 -5.53617905  16.62412739
P  2.77275715 -2.77275715  19.40087186
In -0.00000000 -0.00000000  22.16062770
P  2.76283609  2.76283609  24.93058805
P  8.31609826 -24.95647730  2.75947237
In  5.53631133 -22.18935153  5.53631133
P  8.30264341 -19.40805282  8.30264341
In  5.53859790 -16.62386283  11.06980697
P  8.29334596 -13.83800988  13.83800988
In  5.53859790 -11.06980697  16.62386283
P  8.30264341 -8.30264341  19.40805282
In  5.53631133 -5.53631133  22.18935153
P  8.31609826 -2.75947237  24.95647730
In  11.07256597 -22.18103674  11.07256597
P  13.82066220 -19.36307734  13.82066220
In  11.05200575 -16.60596712  16.60596712
P  13.82066220 -13.82066220  19.36307734
In  11.07256597 -11.07256597  22.18103674
P -24.92454093  8.32010448 -8.32010448
P -19.39331296 -2.77451459 -13.84332001
In -22.16365126  0.00369101 -11.07260377
P -19.39217912  2.76901549 -8.30389063
In -22.16780865  5.53937269 -5.53937269
P -19.39217912  8.30389063 -2.76901549
In -22.16365126  11.07260377 -0.00369101
P -19.39331296  13.84332001  2.77451459
P -13.82066220 -13.82066220 -19.36307734
In -16.60596712 -11.05200575 -16.60596712
P -13.83800988 -8.29334596 -13.83800988
In -16.62386283 -5.53859790 -11.06980697
P -13.84938603 -2.76876983 -8.30445755
In -16.62412739 -0.00227308 -5.53617905
P -13.85269305  2.76827850 -2.76827850
In -16.62412739  5.53617905  0.00227308
P -13.84938603  8.30445755  2.76876983
In -16.62386283  11.06980697  5.53859790
P -13.83800988  13.83800988  8.29334596
In -16.60596712  16.60596712  11.05200575
P -13.82066220  19.36307734  13.82066220
In -11.05200575 -16.60596712 -16.60596712
P -8.29334596 -13.83800988 -13.83800988
In -11.07317068 -11.07317068 -11.07317068
P -8.30479770 -8.30479770 -8.30479770
In -11.07753595 -5.53797429 -5.53797429
P -8.30912517 -2.76827850 -2.76827850
In -11.08131540  0.00000000  0.00000000
P -8.30912517  2.76827850  2.76827850
In -11.07753595  5.53797429  5.53797429
P -8.30479770  8.30479770  8.30479770
In -11.07317068  11.07317068  11.07317068
P -8.29334596  13.83800988  13.83800988
In -11.05200575  16.60596712  16.60596712
P -2.77451459 -19.39331296 -13.84332001
In -5.53859790 -16.62386283 -11.06980697
P -2.76876983 -13.84938603 -8.30445755
In -5.53797429 -11.07753595 -5.53797429
P -2.76827850 -8.30912517 -2.76827850
In -5.53873018 -5.53873018  0.00009060
P -2.76956351 -2.76956351  2.76956351
In -5.53873018 -0.00009060  5.53873018
P -2.76827850  2.76827850  8.30912517
In -5.53797429  5.53797429  11.07753595
P -2.76876983  8.30445755  13.84938603
In -5.53859790  11.06980697  16.62386283
P -2.77451459  13.84332001  19.39331296
In  0.00369101 -22.16365126 -11.07260377
P  2.76901549 -19.39217912 -8.30389063
In -0.00227308 -16.62412739 -5.53617905
P  2.76827850 -13.85269305 -2.76827850
In  0.00000000 -11.08131540 -0.00000000
P  2.76827850 -8.30912517  2.76827850
In -0.00009060 -5.53873018  5.53873018
P  2.76827850 -2.76827850  8.30912517
In  0.00000000 -0.00000000  11.08131540
P  2.76827850  2.76827850  13.85269305
In -0.00227308  5.53617905  16.62412739
P  2.76901549  8.30389063  19.39217912
In  0.00369101  11.07260377  22.16365126
P  8.32010448 -24.92454093 -8.32010448
In  5.53937269 -22.16780865 -5.53937269
P  8.30389063 -19.39217912 -2.76901549
In  5.53617905 -16.62412739  0.00227308
P  8.30445755 -13.84938603  2.76876983
In  5.53797429 -11.07753595  5.53797429
P  8.30479770 -8.30479770  8.30479770
In  5.53797429 -5.53797429  11.07753595
P  8.30445755 -2.76876983  13.84938603
In  5.53617905 -0.00227308  16.62412739
P  8.30389063  2.76901549  19.39217912
In  5.53937269  5.53937269  22.16780865
P  8.32010448  8.32010448  24.92454093
In  11.07260377 -22.16365126 -0.00369101
P  13.84332001 -19.39331296  2.77451459
In  11.06980697 -16.62386283  5.53859790
P  13.83800988 -13.83800988  8.29334596
In  11.07317068 -11.07317068  11.07317068
P  13.83800988 -8.29334596  13.83800988
In  11.06980697 -5.53859790  16.62386283
P  13.84332001 -2.77451459  19.39331296
In  11.07260377  0.00369101  22.16365126
In  16.60596712 -16.60596712  11.05200575
P  19.36307734 -13.82066220  13.82066220
In  16.60596712 -11.05200575  16.60596712
P -19.38310844  8.28580595 -13.85046317
In -22.12774646  11.07124316 -11.07124316
P -19.38310844  13.85046317 -8.28580595
P -13.84332001 -2.77451459 -19.39331296
In -16.62029125 -0.00243436 -16.62029125
P -13.84734513  2.76361087 -13.84734513
In -16.61520788  5.53013193 -11.07383209
P -13.84696718  8.30632838 -8.30632838
In -16.61520788  11.07383209 -5.53013193
P -13.84734513  13.84734513 -2.76361087
In -16.62029125  16.62029125  0.00243436
P -13.84332001  19.39331296  2.77451459
In -11.07256597 -11.07256597 -22.18103674
P -8.30264341 -8.30264341 -19.40805282
In -11.06980697 -5.53859790 -16.62386283
P -8.30445755 -2.76876983 -13.84938603
In -11.07647770 -0.00259329 -11.07647770
P -8.30768898  2.76939344 -8.30768898
In -11.07863199  5.53678376 -5.53678376
P -8.30768898  8.30768898 -2.76939344
In -11.07647770  11.07647770  0.00259329
P -8.30445755  13.84938603  2.76876983
In -11.06980697  16.62386283  5.53859790
P -8.30264341  19.40805282  8.30264341
In -11.07256597  22.18103674  11.07256597
P -2.77451459 -13.84332001 -19.39331296
In -5.53859790 -11.06980697 -16.62386283
P -2.76876983 -8.30445755 -13.84938603
In -5.53797429 -5.53797429 -11.07753595
P -2.76827850 -2.76827850 -8.30912517
In -5.53873018  0.00009060 -5.53873018
P -2.76956351  2.76956351 -2.76956351
In -5.53873018  5.53873018 -0.00009060
P -2.76827850  8.30912517  2.76827850
In -5.53797429  11.07753595  5.53797429
P -2.76876983  13.84938603  8.30445755
In -5.53859790  16.62386283  11.06980697
P -2.77451459  19.39331296  13.84332001
In -0.00243436 -16.62029125 -16.62029125
P  2.76361087 -13.84734513 -13.84734513
In -0.00259329 -11.07647770 -11.07647770
P  2.76939344 -8.30768898 -8.30768898
In  0.00009060 -5.53873018 -5.53873018
P  2.76956351 -2.76956351 -2.76956351
In  0.00000000  0.00000000 -0.00000000
P  2.76956351  2.76956351  2.76956351
In  0.00009060  5.53873018  5.53873018
P  2.76939344  8.30768898  8.30768898
In -0.00259329  11.07647770  11.07647770
P  2.76361087  13.84734513  13.84734513
In -0.00243436  16.62029125  16.62029125
P  8.28580595 -19.38310844 -13.85046317
In  5.53013193 -16.61520788 -11.07383209
P  8.30632838 -13.84696718 -8.30632838
In  5.53678376 -11.07863199 -5.53678376
P  8.30768898 -8.30768898 -2.76939344
In  5.53873018 -5.53873018 -0.00009060
P  8.30912517 -2.76827850  2.76827850
In  5.53873018  0.00009060  5.53873018
P  8.30768898  2.76939344  8.30768898
In  5.53678376  5.53678376  11.07863199
P  8.30632838  8.30632838  13.84696718
In  5.53013193  11.07383209  16.61520788
P  8.28580595  13.85046317  19.38310844
In  11.07124316 -22.12774646 -11.07124316
P  13.85046317 -19.38310844 -8.28580595
In  11.07383209 -16.61520788 -5.53013193
P  13.84734513 -13.84734513 -2.76361087
In  11.07647770 -11.07647770  0.00259329
P  13.84938603 -8.30445755  2.76876983
In  11.07753595 -5.53797429  5.53797429
P  13.84938603 -2.76876983  8.30445755
In  11.07647770 -0.00259329  11.07647770
P  13.84734513  2.76361087  13.84734513
In  11.07383209  5.53013193  16.61520788
P  13.85046317  8.28580595  19.38310844
In  11.07124316  11.07124316  22.12774646
In  16.62029125 -16.62029125  0.00243436
P  19.39331296 -13.84332001  2.77451459
In  16.62386283 -11.06980697  5.53859790
P  19.40805282 -8.30264341  8.30264341
In  16.62386283 -5.53859790  11.06980697
P  19.39331296 -2.77451459  13.84332001
In  16.62029125 -0.00243436  16.62029125
In  22.18103674 -11.07256597  11.07256597
P -13.85046317  8.28580595 -19.38310844
In -16.61142843  11.06718025 -16.61142843
P -13.84161926  13.84161926 -13.84161926
In -16.61142843  16.61142843 -11.06718025
P -13.85046317  19.38310844 -8.28580595
P -8.31609826 -2.75947237 -24.95647730
In -11.07260377  0.00369101 -22.16365126
P -8.30389063  2.76901549 -19.39217912
In -11.07383209  5.53013193 -16.61520788
P -8.30632838  8.30632838 -13.84696718
In -11.07460688  11.07460688 -11.07460688
P -8.30632838  13.84696718 -8.30632838
In -11.07383209  16.61520788 -5.53013193
P -8.30389063  19.39217912 -2.76901549
In -11.07260377  22.16365126 -0.00369101
P -8.31609826  24.95647730  2.75947237
P -2.75947237 -8.31609826 -24.95647730
In -5.53631133 -5.53631133 -22.18935153
P -2.77275715 -2.77275715 -19.40087186
In -5.53617905 -0.00227308 -16.62412739
P -2.76827850  2.76827850 -13.85269305
In -5.53678376  5.53678376 -11.07863199
P -2.76939344  8.30768898 -8.30768898
In -5.53678376  11.07863199 -5.53678376
P -2.76827850  13.85269305 -2.76827850
In -5.53617905  16.62412739  0.00227308
P -2.77275715  19.40087186  2.77275715
In -5.53631133  22.18935153  5.53631133
P -2.75947237  24.95647730  8.31609826
In  0.00369101 -11.07260377 -22.16365126
P  2.76901549 -8.30389063 -19.39217912
In -0.00227308 -5.53617905 -16.62412739
P  2.76827850 -2.76827850 -13.85269305
In  0.00000000  0.00000000 -11.08131540
P  2.76827850  2.76827850 -8.30912517
In -0.00009060  5.53873018 -5.53873018
P  2.76827850  8.30912517 -2.76827850
In  0.00000000  11.08131540 -0.00000000
P  2.76827850  13.85269305  2.76827850
In -0.00227308  16.62412739  5.53617905
P  2.76901549  19.39217912  8.30389063
In  0.00369101  22.16365126  11.07260377
P  8.28580595 -13.85046317 -19.38310844
In  5.53013193 -11.07383209 -16.61520788
P  8.30632838 -8.30632838 -13.84696718
In  5.53678376 -5.53678376 -11.07863199
P  8.30768898 -2.76939344 -8.30768898
In  5.53873018 -0.00009060 -5.53873018
P  8.30912517  2.76827850 -2.76827850
In  5.53873018  5.53873018  0.00009060
P  8.30768898  8.30768898  2.76939344
In  5.53678376  11.07863199  5.53678376
P  8.30632838  13.84696718  8.30632838
In  5.53013193  16.61520788  11.07383209
P  8.28580595  19.38310844  13.85046317
In  11.06718025 -16.61142843 -16.61142843
P  13.84161926 -13.84161926 -13.84161926
In  11.07460688 -11.07460688 -11.07460688
P  13.84696718 -8.30632838 -8.30632838
In  11.07863199 -5.53678376 -5.53678376
P  13.85269305 -2.76827850 -2.76827850
In  11.08131540  0.00000000 -0.00000000
P  13.85269305  2.76827850  2.76827850
In  11.07863199  5.53678376  5.53678376
P  13.84696718  8.30632838  8.30632838
In  11.07460688  11.07460688  11.07460688
P  13.84161926  13.84161926  13.84161926
In  11.06718025  16.61142843  16.61142843
In  16.61142843 -16.61142843 -11.06718025
P  19.38310844 -13.85046317 -8.28580595
In  16.61520788 -11.07383209 -5.53013193
P  19.39217912 -8.30389063 -2.76901549
In  16.62412739 -5.53617905  0.00227308
P  19.40087186 -2.77275715  2.77275715
In  16.62412739 -0.00227308  5.53617905
P  19.39217912  2.76901549  8.30389063
In  16.61520788  5.53013193  11.07383209
P  19.38310844  8.28580595  13.85046317
In  16.61142843  11.06718025  16.61142843
In  22.16365126 -11.07260377 -0.00369101
P  24.95647730 -8.31609826  2.75947237
In  22.18935153 -5.53631133  5.53631133
P  24.95647730 -2.75947237  8.31609826
In  22.16365126  0.00369101  11.07260377
P -8.32010448  8.32010448 -24.92454093
In -11.07124316  11.07124316 -22.12774646
P -8.28580595  13.85046317 -19.38310844
In -11.06718025  16.61142843 -16.61142843
P -8.28580595  19.38310844 -13.85046317
In -11.07124316  22.12774646 -11.07124316
P -8.32010448  24.92454093 -8.32010448
P -2.76283609  2.76283609 -24.93058805
In -5.53937269  5.53937269 -22.16780865
P -2.76901549  8.30389063 -19.39217912
In -5.53013193  11.07383209 -16.61520788
P -2.76361087  13.84734513 -13.84734513
In -5.53013193  16.61520788 -11.07383209
P -2.76901549  19.39217912 -8.30389063
In -5.53937269  22.16780865 -5.53937269
P -2.76283609  24.93058805 -2.76283609
P  2.76283609 -2.76283609 -24.93058805
In -0.00000000  0.00000000 -22.16062770
P  2.77275715  2.77275715 -19.40087186
In  0.00227308  5.53617905 -16.62412739
P  2.76876983  8.30445755 -13.84938603
In  0.00259329  11.07647770 -11.07647770
P  2.76876983  13.84938603 -8.30445755
In  0.00227308  16.62412739 -5.53617905
P  2.77275715  19.40087186 -2.77275715
In  0.00000000  22.16062770  0.00000000
P  2.76283609  24.93058805  2.76283609
P  8.32010448 -8.32010448 -24.92454093
In  5.53937269 -5.53937269 -22.16780865
P  8.30389063 -2.76901549 -19.39217912
In  5.53617905  0.00227308 -16.62412739
P  8.30445755  2.76876983 -13.84938603
In  5.53797429  5.53797429 -11.07753595
P  8.30479770  8.30479770 -8.30479770
In  5.53797429  11.07753595 -5.53797429
P  8.30445755  13.84938603 -2.76876983
In  5.53617905  16.62412739 -0.00227308
P  8.30389063  19.39217912  2.76901549
In  5.53937269  22.16780865  5.53937269
P  8.32010448  24.92454093  8.32010448
In  11.07124316 -11.07124316 -22.12774646
P  13.85046317 -8.28580595 -19.38310844
In  11.07383209 -5.53013193 -16.61520788
P  13.84734513 -2.76361087 -13.84734513
In  11.07647770  0.00259329 -11.07647770
P  13.84938603  2.76876983 -8.30445755
In  11.07753595  5.53797429 -5.53797429
P  13.84938603  8.30445755 -2.76876983
In  11.07647770  11.07647770 -0.00259329
P  13.84734513  13.84734513  2.76361087
In  11.07383209  16.61520788  5.53013193
P  13.85046317  19.38310844  8.28580595
In  11.07124316  22.12774646  11.07124316
In  16.61142843 -11.06718025 -16.61142843
P  19.38310844 -8.28580595 -13.85046317
In  16.61520788 -5.53013193 -11.07383209
P  19.39217912 -2.76901549 -8.30389063
In  16.62412739  0.00227308 -5.53617905
P  19.40087186  2.77275715 -2.77275715
In  16.62412739  5.53617905 -0.00227308
P  19.39217912  8.30389063  2.76901549
In  16.61520788  11.07383209  5.53013193
P  19.38310844  13.85046317  8.28580595
In  16.61142843  16.61142843  11.06718025
In  22.12774646 -11.07124316 -11.07124316
P  24.92454093 -8.32010448 -8.32010448
In  22.16780865 -5.53937269 -5.53937269
P  24.93058805 -2.76283609 -2.76283609
In  22.16062770  0.00000000 -0.00000000
P  24.93058805  2.76283609  2.76283609
In  22.16780865  5.53937269  5.53937269
P  24.92454093  8.32010448  8.32010448
In  22.12774646  11.07124316  11.07124316
P  2.75947237  8.31609826 -24.95647730
In -0.00369101  11.07260377 -22.16365126
P  2.77451459  13.84332001 -19.39331296
In  0.00243436  16.62029125 -16.62029125
P  2.77451459  19.39331296 -13.84332001
In -0.00369101  22.16365126 -11.07260377
P  2.75947237  24.95647730 -8.31609826
P  8.31609826  2.75947237 -24.95647730
In  5.53631133  5.53631133 -22.18935153
P  8.30264341  8.30264341 -19.40805282
In  5.53859790  11.06980697 -16.62386283
P  8.29334596  13.83800988 -13.83800988
In  5.53859790  16.62386283 -11.06980697
P  8.30264341  19.40805282 -8.30264341
In  5.53631133  22.18935153 -5.53631133
P  8.31609826  24.95647730 -2.75947237
In  11.07260377 -0.00369101 -22.16365126
P  13.84332001  2.77451459 -19.39331296
In  11.06980697  5.53859790 -16.62386283
P  13.83800988  8.29334596 -13.83800988
In  11.07317068  11.07317068 -11.07317068
P  13.83800988  13.83800988 -8.29334596
In  11.06980697  16.62386283 -5.53859790
P  13.84332001  19.39331296 -2.77451459
In  11.07260377  22.16365126  0.00369101
In  16.62029125  0.00243436 -16.62029125
P  19.39331296  2.77451459 -13.84332001
In  16.62386283  5.53859790 -11.06980697
P  19.40805282  8.30264341 -8.30264341
In  16.62386283  11.06980697 -5.53859790
P  19.39331296  13.84332001 -2.77451459
In  16.62029125  16.62029125 -0.00243436
In  22.16365126 -0.00369101 -11.07260377
P  24.95647730  2.75947237 -8.31609826
In  22.18935153  5.53631133 -5.53631133
P  24.95647730  8.31609826 -2.75947237
In  22.16365126  11.07260377  0.00369101
In  11.07256597  11.07256597 -22.18103674
P  13.82066220  13.82066220 -19.36307734
In  11.05200575  16.60596712 -16.60596712
P  13.82066220  19.36307734 -13.82066220
In  11.07256597  22.18103674 -11.07256597
In  16.60596712  11.05200575 -16.60596712
P  19.36307734  13.82066220 -13.82066220
In  16.60596712  16.60596712 -11.05200575
In  22.18103674  11.07256597 -11.07256597
P2 -25.62265295 -9.01192372  7.62926790
P2 -25.62265295 -7.62926790  9.01192372
P2 -20.22118302 -14.68411013  7.45819668
P1 -23.65112072 -12.59323509  12.59323509
P2 -20.22118302 -7.45819668  14.68411013
P2 -14.68411013 -20.22118302  7.45819668
P1 -18.13179897 -18.13179897  12.60302670
P1 -18.13179897 -12.60302670  18.13179897
P2 -14.68411013 -7.45819668  20.22118302
P2 -9.01192372 -25.62265295  7.62926790
P2 -7.62926790 -25.62265295  9.01192372
P1 -12.59323509 -23.65112072  12.59323509
P2 -7.45819668 -20.22118302  14.68411013
P1 -12.60302670 -18.13179897  18.13179897
P2 -7.45819668 -14.68411013  20.22118302
P1 -12.59323509 -12.59323509  23.65112072
P2 -9.01192372 -7.62926790  25.62265295
P2 -7.62926790 -9.01192372  25.62265295
P2 -25.65151851 -9.00877260 -3.45341755
P2 -25.64835322 -7.62160506 -2.06476252
P2 -25.62893629 -3.45665843  2.07696883
P2 -25.62893629 -2.07696883  3.45665843
P2 -25.64835322  2.06476252  7.62160506
P2 -25.65151851  3.45341755  9.00877260
P2 -20.22764588 -14.67663248 -3.60376226
P1 -23.69804262 -12.59841010  1.51674121
P1 -23.69804262 -1.51674121  12.59841010
P2 -20.22764588  3.60376226  14.67663248
P2 -14.67663248 -20.22764588 -3.60376226
P1 -18.15262470 -18.15262470  1.51248813
P1 -18.15262470 -1.51248813  18.15262470
P2 -14.67663248  3.60376226  20.22764588
P2 -9.00877260 -25.65151851 -3.45341755
P2 -7.62160506 -25.64835322 -2.06476252
P1 -12.59841010 -23.69804262  1.51674121
P1 -12.59841010 -1.51674121  23.69804262
P2 -9.00877260  3.45341755  25.65151851
P2 -7.62160506  2.06476252  25.64835322
P2 -3.45665843 -25.62893629  2.07696883
P2 -2.07696883 -25.62893629  3.45665843
P2 -3.45665843 -2.07696883  25.62893629
P2 -2.07696883 -3.45665843  25.62893629
P2  2.06476252 -25.64835322  7.62160506
P2  3.45341755 -25.65151851  9.00877260
P1 -1.51674121 -23.69804262  12.59841010
P2  3.60376226 -20.22764588  14.67663248
P1 -1.51248813 -18.15262470  18.15262470
P2  3.60376226 -14.67663248  20.22764588
P1 -1.51674121 -12.59841010  23.69804262
P2  2.06476252 -7.62160506  25.64835322
P2  3.45341755 -9.00877260  25.65151851
P2 -25.65151851 -3.45341755 -9.00877260
P2 -25.64835322 -2.06476252 -7.62160506
P2 -25.62893629  2.07696883 -3.45665843
P2 -25.62893629  3.45665843 -2.07696883
P2 -25.64835322  7.62160506  2.06476252
P2 -25.65151851  9.00877260  3.45341755
P2 -20.18981356 -14.65323767 -14.65323767
P1 -23.71085496 -12.60743543 -9.55937733
P1 -23.71085496 -9.55937733 -12.60743543
P1 -23.71085496  9.55937733  12.60743543
P1 -23.71085496  12.60743543  9.55937733
P2 -20.18981356  14.65323767  14.65323767
P2 -14.65323767 -20.18981356 -14.65323767
P1 -18.13900733 -18.13900733 -9.54076070
P1 -18.13900733  9.54076070  18.13900733
P2 -14.65323767  14.65323767  20.18981356
P1 -12.60743543 -23.71085496 -9.55937733
P1 -9.55937733 -23.71085496 -12.60743543
P1 -12.60743543  9.55937733  23.71085496
P1 -9.55937733  12.60743543  23.71085496
P2 -3.45341755 -25.65151851 -9.00877260
P2 -2.06476252 -25.64835322 -7.62160506
P2 -3.45341755  9.00877260  25.65151851
P2 -2.06476252  7.62160506  25.64835322
P2  2.07696883 -25.62893629 -3.45665843
P2  3.45665843 -25.62893629 -2.07696883
P2  2.07696883  3.45665843  25.62893629
P2  3.45665843  2.07696883  25.62893629
P2  7.62160506 -25.64835322  2.06476252
P2  9.00877260 -25.65151851  3.45341755
P2  7.62160506 -2.06476252  25.64835322
P2  9.00877260 -3.45341755  25.65151851
P1  9.55937733 -23.71085496  12.60743543
P1  12.60743543 -23.71085496  9.55937733
P2  14.65323767 -20.18981356  14.65323767
P1  9.54076070 -18.13900733  18.13900733
P2  14.65323767 -14.65323767  20.18981356
P1  9.55937733 -12.60743543  23.71085496
P1  12.60743543 -9.55937733  23.71085496
P2 -25.62265295  7.62926790 -9.01192372
P2 -25.62265295  9.01192372 -7.62926790
P2 -20.22764588 -3.60376226 -14.67663248
P1 -23.69804262  1.51674121 -12.59841010
P1 -23.69804262  12.59841010 -1.51674121
P2 -20.22764588  14.67663248  3.60376226
P2 -14.65323767 -14.65323767 -20.18981356
P1 -18.13900733 -9.54076070 -18.13900733
P1 -18.13900733  18.13900733  9.54076070
P2 -14.65323767  20.18981356  14.65323767
P1 -9.54076070 -18.13900733 -18.13900733
P1 -9.54076070  18.13900733  18.13900733
P2 -3.60376226 -20.22764588 -14.67663248
P2 -3.60376226  14.67663248  20.22764588
P1  1.51674121 -23.69804262 -12.59841010
P1  1.51674121  12.59841010  23.69804262
P2  7.62926790 -25.62265295 -9.01192372
P2  9.01192372 -25.62265295 -7.62926790
P2  7.62926790  9.01192372  25.62265295
P2  9.01192372  7.62926790  25.62265295
P1  12.59841010 -23.69804262 -1.51674121
P2  14.67663248 -20.22764588  3.60376226
P2  14.67663248 -3.60376226  20.22764588
P1  12.59841010  1.51674121  23.69804262
P1  18.13900733 -18.13900733  9.54076070
P2  20.18981356 -14.65323767  14.65323767
P1  18.13900733 -9.54076070  18.13900733
P2 -20.22118302  7.45819668 -14.68411013
P1 -23.65112072  12.59323509 -12.59323509
P2 -20.22118302  14.68411013 -7.45819668
P2 -14.67663248 -3.60376226 -20.22764588
P1 -18.15262470  1.51248813 -18.15262470
P1 -18.15262470  18.15262470 -1.51248813
P2 -14.67663248  20.22764588  3.60376226
P1 -12.60743543 -9.55937733 -23.71085496
P1 -9.55937733 -12.60743543 -23.71085496
P1 -12.60743543  23.71085496  9.55937733
P1 -9.55937733  23.71085496  12.60743543
P2 -3.60376226 -14.67663248 -20.22764588
P2 -3.60376226  20.22764588  14.67663248
P1  1.51248813 -18.15262470 -18.15262470
P1  1.51248813  18.15262470  18.15262470
P2  7.45819668 -20.22118302 -14.68411013
P2  7.45819668  14.68411013  20.22118302
P1  12.59323509 -23.65112072 -12.59323509
P2  14.68411013 -20.22118302 -7.45819668
P2  14.68411013  7.45819668  20.22118302
P1  12.59323509  12.59323509  23.65112072
P1  18.15262470 -18.15262470 -1.51248813
P2  20.22764588 -14.67663248  3.60376226
P2  20.22764588 -3.60376226  14.67663248
P1  18.15262470  1.51248813  18.15262470
P1  23.71085496 -12.60743543  9.55937733
P1  23.71085496 -9.55937733  12.60743543
P2 -14.68411013  7.45819668 -20.22118302
P1 -18.13179897  12.60302670 -18.13179897
P1 -18.13179897  18.13179897 -12.60302670
P2 -14.68411013  20.22118302 -7.45819668
P2 -9.00877260 -3.45341755 -25.65151851
P2 -7.62160506 -2.06476252 -25.64835322
P1 -12.59841010  1.51674121 -23.69804262
P1 -12.59841010  23.69804262 -1.51674121
P2 -9.00877260  25.65151851  3.45341755
P2 -7.62160506  25.64835322  2.06476252
P2 -3.45341755 -9.00877260 -25.65151851
P2 -2.06476252 -7.62160506 -25.64835322
P2 -3.45341755  25.65151851  9.00877260
P2 -2.06476252  25.64835322  7.62160506
P1  1.51674121 -12.59841010 -23.69804262
P1  1.51674121  23.69804262  12.59841010
P2  7.45819668 -14.68411013 -20.22118302
P2  7.45819668  20.22118302  14.68411013
P1  12.60302670 -18.13179897 -18.13179897
P1  12.60302670  18.13179897  18.13179897
P1  18.13179897 -18.13179897 -12.60302670
P2  20.22118302 -14.68411013 -7.45819668
P2  20.22118302  7.45819668  14.68411013
P1  18.13179897  12.60302670  18.13179897
P1  23.69804262 -12.59841010 -1.51674121
P2  25.65151851 -9.00877260  3.45341755
P2  25.64835322 -7.62160506  2.06476252
P2  25.65151851 -3.45341755  9.00877260
P2  25.64835322 -2.06476252  7.62160506
P1  23.69804262  1.51674121  12.59841010
P2 -9.01192372  7.62926790 -25.62265295
P2 -7.62926790  9.01192372 -25.62265295
P1 -12.59323509  12.59323509 -23.65112072
P2 -7.45819668  14.68411013 -20.22118302
P1 -12.60302670  18.13179897 -18.13179897
P2 -7.45819668  20.22118302 -14.68411013
P1 -12.59323509  23.65112072 -12.59323509
P2 -9.01192372  25.62265295 -7.62926790
P2 -7.62926790  25.62265295 -9.01192372
P2 -3.45665843  2.07696883 -25.62893629
P2 -2.07696883  3.45665843 -25.62893629
P2 -3.45665843  25.62893629 -2.07696883
P2 -2.07696883  25.62893629 -3.45665843
P2  2.07696883 -3.45665843 -25.62893629
P2  3.45665843 -2.07696883 -25.62893629
P2  2.07696883  25.62893629  3.45665843
P2  3.45665843  25.62893629  2.07696883
P2  7.62926790 -9.01192372 -25.62265295
P2  9.01192372 -7.62926790 -25.62265295
P2  7.62926790  25.62265295  9.01192372
P2  9.01192372  25.62265295  7.62926790
P1  12.59323509 -12.59323509 -23.65112072
P2  14.68411013 -7.45819668 -20.22118302
P2  14.68411013  20.22118302  7.45819668
P1  12.59323509  23.65112072  12.59323509
P1  18.13179897 -12.60302670 -18.13179897
P2  20.22118302 -7.45819668 -14.68411013
P2  20.22118302  14.68411013  7.45819668
P1  18.13179897  18.13179897  12.60302670
P1  23.65112072 -12.59323509 -12.59323509
P2  25.62265295 -9.01192372 -7.62926790
P2  25.62265295 -7.62926790 -9.01192372
P2  25.62893629 -3.45665843 -2.07696883
P2  25.62893629 -2.07696883 -3.45665843
P2  25.62893629  2.07696883  3.45665843
P2  25.62893629  3.45665843  2.07696883
P2  25.62265295  7.62926790  9.01192372
P2  25.62265295  9.01192372  7.62926790
P1  23.65112072  12.59323509  12.59323509
P2  2.06476252  7.62160506 -25.64835322
P2  3.45341755  9.00877260 -25.65151851
P1 -1.51674121  12.59841010 -23.69804262
P2  3.60376226  14.67663248 -20.22764588
P1 -1.51248813  18.15262470 -18.15262470
P2  3.60376226  20.22764588 -14.67663248
P1 -1.51674121  23.69804262 -12.59841010
P2  2.06476252  25.64835322 -7.62160506
P2  3.45341755  25.65151851 -9.00877260
P2  7.62160506  2.06476252 -25.64835322
P2  9.00877260  3.45341755 -25.65151851
P2  7.62160506  25.64835322 -2.06476252
P2  9.00877260  25.65151851 -3.45341755
P1  12.59841010 -1.51674121 -23.69804262
P2  14.67663248  3.60376226 -20.22764588
P2  14.67663248  20.22764588 -3.60376226
P1  12.59841010  23.69804262  1.51674121
P1  18.15262470 -1.51248813 -18.15262470
P2  20.22764588  3.60376226 -14.67663248
P2  20.22764588  14.67663248 -3.60376226
P1  18.15262470  18.15262470  1.51248813
P1  23.69804262 -1.51674121 -12.59841010
P2  25.64835322  2.06476252 -7.62160506
P2  25.65151851  3.45341755 -9.00877260
P2  25.64835322  7.62160506 -2.06476252
P2  25.65151851  9.00877260 -3.45341755
P1  23.69804262  12.59841010  1.51674121
P1  9.55937733  12.60743543 -23.71085496
P1  12.60743543  9.55937733 -23.71085496
P2  14.65323767  14.65323767 -20.18981356
P1  9.54076070  18.13900733 -18.13900733
P2  14.65323767  20.18981356 -14.65323767
P1  9.55937733  23.71085496 -12.60743543
P1  12.60743543  23.71085496 -9.55937733
P1  18.13900733  9.54076070 -18.13900733
P2  20.18981356  14.65323767 -14.65323767
P1  18.13900733  18.13900733 -9.54076070
P1  23.71085496  9.55937733 -12.60743543
P1  23.71085496  12.60743543 -9.55937733
