0 -0.206366040781672 7.02095e-05
1 -0.206366039420012 5.32691e-05
2 -0.206139437232895 4.79605e-05
3 -0.206139434764282 3.83408e-05
4 -0.206036604571582 1.90489e-05
5 -0.206036603613327 2.62878e-05
6 -0.206036603315009 3.1725e-05
7 -0.205998733364138 3.94421e-05
8 -0.205998732597635 3.23824e-05
9 -0.205998732319506 1.39094e-05
10 -0.205891213751205 3.66553e-05
11 -0.205891213397105 5.14569e-05
12 -0.205891212813803 4.5299e-05
13 -0.205515310005993 3.07004e-05
14 -0.205515309297231 2.03729e-05
15 -0.205515308482158 4.89365e-05
16 -0.205511503245373 3.4171e-05
17 -0.205267223546625 1.85966e-05
18 -0.205267223259415 1.72399e-05
19 -0.205267222890829 3.49995e-05
20 -0.205079688745375 1.82266e-05
21 -0.205079688630263 1.3276e-05
22 -0.205079688446177 1.57957e-05
23 -0.205038466282553 3.36598e-05
24 -0.204968620941758 2.52797e-05
25 -0.204968620796823 7.31395e-06
26 -0.204968620605893 2.72211e-05
27 -0.204806598186375 1.82574e-05
28 -0.204806598077207 1.01419e-05
29 -0.204632387599116 5.34226e-06
30 -0.204632387482089 1.04363e-05
31 -0.20463238745252 5.22317e-06
32 -0.204370018732436 7.79052e-06
33 -0.204370018687062 5.02276e-06
34 -0.204370018353382 7.28898e-06
35 -0.204160621761081 1.84568e-05
36 -0.204160621726472 6.60802e-06
37 -0.204002119774031 7.58748e-06
38 -0.20400211976122 2.65632e-06
39 -0.204002119752425 5.64138e-06
40 -0.203859995975081 6.97229e-06
41 -0.203859995937313 7.63635e-06
42 -0.203859995931023 3.9845e-06
43 -0.203666863776118 1.34134e-05
44 -0.20366686375407 2.93005e-06
45 -0.203666863745732 5.07417e-06
46 -0.203572036201122 9.93235e-06
47 -0.203283956596974 5.18951e-06
48 -0.203283956590026 2.59526e-06
49 -0.203283956361157 5.03091e-06
50 -0.203052894732213 2.27857e-06
51 -0.203052894700029 7.37936e-06
52 -0.203052894696167 1.58044e-06
53 -0.203024015325075 8.15962e-06
54 -0.203024015320119 1.1917e-06
55 -0.202591834599507 7.50109e-06
56 -0.202468050322234 1.15548e-05
57 -0.202468050318113 1.37277e-06
58 -0.202468050260351 2.22706e-06
59 -0.202179699277823 0.000144597
60 -0.202179699025649 0.000283529
61 -0.202179698992551 6.5483e-07
62 -0.202101366154666 7.9139e-07
63 -0.202101366137094 4.78824e-05
64 -0.201697708822722 4.34871e-07
65 -0.201697708822447 2.27156e-06
66 -0.201697708799286 4.82069e-06
67 -0.201653985284537 5.90373e-07
68 -0.201653985283042 5.64685e-06
69 -0.201653985260513 2.28387e-06
70 -0.201206295974778 6.58966e-07
71 -0.201206295974663 6.04353e-07
72 -0.201206295969885 9.35919e-07
73 -0.201143410595391 1.12225e-06
74 -0.201143410595277 8.70443e-07
75 -0.200915501163311 4.00716e-07
76 -0.200915501163299 8.40088e-07
77 -0.200915501148942 9.41906e-07
78 -0.200764599558159 2.76488e-07
79 -0.200764599558129 2.02815e-07
80 -0.20048313303326 2.0845e-07
81 -0.200483133033222 3.59862e-07
82 -0.200483133029786 2.24106e-07
83 -0.200448920763913 5.78435e-07
84 -0.20023818050606 1.97053e-07
85 -0.200238180440193 1.53846e-07
86 -0.200238180440169 2.11851e-07
87 -0.199679912095713 8.17869e-08
88 -0.199679912095701 1.84261e-07
89 -0.199679912033183 1.57214e-07
90 -0.137088081261169 2.75646e-08
91 -0.135315017730766 7.05596e-08
92 -0.135312575962578 5.24195e-08
93 -0.135312575962556 4.76706e-08
94 -0.13531257572967 5.38237e-08
95 -0.133962392516032 1.11991e-07
96 -0.133888899452046 1.12625e-07
97 -0.133888899452032 1.08402e-07
98 -0.133888897766403 8.90376e-08
99 -0.13232910994518 1.5804e-07
100 -0.132236433782864 1.72644e-07
101 -0.132236433782861 1.64504e-07
102 -0.132236431647941 1.64409e-07
103 -0.130767728845403 2.24137e-07
104 -0.130754852752846 2.08383e-07
105 -0.130754852752766 2.70173e-07
106 -0.130438682651628 2.89843e-07
107 -0.130438682643286 2.27494e-07
108 -0.13043868264319 2.83765e-07
109 -0.130334978090339 2.15858e-07
110 -0.130302794383786 2.25895e-07
111 -0.130302794383673 3.27481e-07
112 -0.130302789537666 2.61428e-07
113 -0.129983345051978 2.71461e-07
114 -0.129983345051683 4.15307e-07
115 -0.129983345044132 3.32006e-07
116 -0.129556273593021 5.19458e-07
117 -0.129527643229469 4.01498e-07
118 -0.129527643229333 3.94314e-07
119 -0.128790895145021 5.74329e-07
120 -0.128790895142248 1.09381e-06
121 -0.128790895034796 6.63413e-07
122 -0.128734583698398 7.43821e-07
123 -0.12873458327366 5.80984e-07
124 -0.128734583272644 7.59977e-07
125 -0.128726897952933 5.06108e-07
126 -0.128726897952261 5.55649e-07
127 -0.128355871331371 8.71646e-07
128 -0.128355871326051 1.53644e-06
129 -0.128355871242012 1.13596e-06
130 -0.128131990417745 7.22884e-07
131 -0.128111266551295 5.85102e-07
132 -0.128111266549372 8.77169e-07
133 -0.128111265063642 1.19426e-06
134 -0.127062963657638 1.96854e-06
135 -0.127062963611595 4.06316e-06
136 -0.127062963268332 2.45439e-06
137 -0.12702311599569 2.00793e-06
138 -0.127023115717934 2.53753e-06
139 -0.127023115707664 3.14315e-06
140 -0.126915173041001 2.635e-06
141 -0.126915173030537 3.16074e-06
142 -0.126905081410633 2.95325e-06
143 -0.126905081404643 2.6556e-06
144 -0.126905080979477 2.75231e-06
145 -0.126818476651903 2.40832e-06
146 -0.126818475302689 4.32173e-06
147 -0.126818475222387 6.31072e-06
148 -0.126755302056535 3.29629e-06
149 -0.126606807020771 2.15051e-06
