0 -0.224575863443318 1.83395e-05
1 -0.224575862523892 8.83891e-06
2 -0.224410594843622 1.78052e-05
3 -0.224410594473536 1.87868e-05
4 -0.224410594065904 1.30653e-05
5 -0.224278534860797 1.21134e-05
6 -0.224269835071261 1.45846e-05
7 -0.224269069771622 1.25522e-05
8 -0.22426906935399 1.04383e-05
9 -0.224185739160225 1.29109e-05
10 -0.224185738862133 1.01255e-05
11 -0.224185738644949 7.29595e-06
12 -0.224073327106443 8.67531e-06
13 -0.224073326995375 8.0836e-06
14 -0.223486113505043 1.42515e-05
15 -0.223486112994618 4.66734e-06
16 -0.223486112961398 4.00236e-06
17 -0.223460225930975 9.07471e-06
18 -0.22346022570398 4.56296e-06
19 -0.223460225688622 3.14767e-06
20 -0.223324081927268 5.72104e-06
21 -0.223324081790458 3.62419e-06
22 -0.223324081789591 3.46254e-06
23 -0.223235318925467 5.07342e-06
24 -0.22323531890432 5.12954e-06
25 -0.223235318862945 3.35043e-06
26 -0.223170421098149 4.26769e-06
27 -0.223170421056325 3.04741e-06
28 -0.223057673755324 3.90668e-06
29 -0.222880393131135 3.56285e-06
30 -0.222880393114985 2.44449e-06
31 -0.222880393104041 2.05686e-06
32 -0.222523955031219 3.8603e-06
33 -0.222523955009107 2.6014e-06
34 -0.222523954993648 1.41651e-06
35 -0.222371232361272 3.16017e-06
36 -0.222371232340532 1.41572e-06
37 -0.222371232337876 1.1728e-06
38 -0.222151269810498 2.4083e-06
39 -0.222151269786579 9.25662e-07
40 -0.221955575436373 1.77116e-06
41 -0.221819185662961 1.92009e-06
42 -0.221819185654161 1.6115e-06
43 -0.221819185648257 7.24667e-07
44 -0.221446259126921 9.966e-07
45 -0.22144625912519 8.43747e-07
46 -0.22144625912424 8.10111e-07
47 -0.221195436464931 7.89678e-07
48 -0.221195436463057 4.87458e-07
49 -0.221173584856257 8.82591e-07
50 -0.221173584854845 4.23718e-07
51 -0.221173584854523 3.41042e-07
52 -0.22105670645886 1.23232e-06
53 -0.221056706454823 6.92493e-07
54 -0.221056706453706 5.16003e-07
55 -0.220678412069692 5.19508e-07
56 -0.220678412068863 4.1078e-07
57 -0.220678412068789 4.0963e-07
58 -0.220548647692364 4.74233e-07
59 -0.22019762729538 5.24175e-07
60 -0.220197627294687 3.78314e-07
61 -0.220197627294439 2.73676e-07
62 -0.219846521516161 2.57463e-07
63 -0.219846521516074 2.00232e-07
64 -0.219591319274521 3.25073e-07
65 -0.219591319274405 2.13515e-07
66 -0.219591319274296 2.04246e-07
67 -0.219503212292125 2.67625e-07
68 -0.219503212292031 2.18303e-07
69 -0.219503212291936 1.99416e-07
70 -0.219037156583071 2.04857e-07
71 -0.219037156583024 1.9271e-07
72 -0.218907307513892 2.08849e-07
73 -0.218907307513867 1.45739e-07
74 -0.21890730751381 1.59623e-07
75 -0.218452801810377 2.13807e-07
76 -0.218452801810353 1.0726e-07
77 -0.218452801810297 8.48271e-08
78 -0.218194053234609 6.06433e-08
79 -0.217991413188684 1.11883e-07
80 -0.217991413188665 7.08295e-08
81 -0.217889504567288 9.77134e-08
82 -0.21788950456728 8.40051e-08
83 -0.217889504567208 1.14276e-07
84 -0.217280616479393 1.36597e-07
85 -0.217280616479336 1.68175e-07
86 -0.217280616479329 1.46594e-07
87 -0.217088577727823 1.41242e-07
88 -0.217088577727785 1.07195e-07
89 -0.217088577727769 1.44328e-07
90 -0.137457154584629 3.59254e-08
91 -0.137457154584606 3.91599e-08
92 -0.137440151330117 6.09856e-08
93 -0.136991735697705 5.09426e-08
94 -0.136991735697649 1.39388e-08
95 -0.136991735697641 6.26414e-08
96 -0.135888123550658 3.36825e-08
97 -0.135882071292261 2.25834e-08
98 -0.13588207129226 3.90712e-08
99 -0.134446504010086 4.84288e-08
100 -0.134446504010085 2.51974e-08
101 -0.134446504010074 7.45058e-09
102 -0.133354940954819 3.35276e-08
103 -0.133354940954809 4.87857e-08
104 -0.133354940954753 4.68262e-08
105 -0.133298843017251 2.41426e-08
106 -0.133298843017185 2.00613e-08
107 -0.133298843017184 2.25834e-08
108 -0.132571146768356 5.16863e-08
109 -0.132549528416747 6.07862e-08
110 -0.132549528416742 4.2188e-08
111 -0.132409846200457 7.88495e-08
112 -0.132409846200262 4.97016e-08
113 -0.132409846200256 1.26331e-08
114 -0.132390789818785 6.64314e-08
115 -0.132390789818773 6.80057e-08
116 -0.132390789818604 4.13155e-08
117 -0.130837563387998 7.63003e-08
118 -0.130837563387991 1.20094e-07
119 -0.13083756338798 1.23413e-07
120 -0.130821135769984 1.25656e-07
121 -0.130821135769963 1.08929e-07
122 -0.130821135769945 1.76657e-07
123 -0.130386492009449 1.22949e-07
124 -0.130386492008873 1.41045e-07
125 -0.130386492008855 1.69899e-07
126 -0.130227552070006 1.41622e-07
127 -0.130227552069436 1.51368e-07
128 -0.130227552069423 1.56617e-07
129 -0.129309254322025 2.11252e-07
130 -0.129309254321947 2.42859e-07
131 -0.129196452277791 2.49024e-07
132 -0.128879461224126 1.97827e-07
133 -0.128879461224039 2.00024e-07
134 -0.128879461223948 2.57099e-07
135 -0.12886754503868 2.23913e-07
136 -0.128867545038671 2.28689e-07
137 -0.128867545038588 2.26532e-07
138 -0.128616882702755 2.72882e-07
139 -0.128570167385843 2.18772e-07
140 -0.128570167385553 3.29256e-07
141 -0.127603368256534 7.88053e-07
142 -0.127555740687533 3.11524e-07
143 -0.127555740686206 7.55291e-07
144 -0.127520571312194 9.35864e-07
145 -0.127515274612046 3.54079e-07
146 -0.127515274611225 5.35127e-07
147 -0.127515274610583 7.88874e-07
148 -0.127478134356976 4.51172e-07
149 -0.127478134356457 5.23267e-07
