0 0.0368969
0.0251327 0.0365787
0.0502655 0.0356249
0.0753982 0.0340385
0.100531 0.0318244
0.125664 0.0289892
0.150796 0.0255415
0.175929 0.0214918
0.201062 0.0168524
0.226195 0.0116372
0.251327 0.00586193
0.27646 -0.000456019
0.301593 -0.00729774
0.326726 -0.0146428
0.351858 -0.0224694
0.376991 -0.0307542
0.402124 -0.0394729
0.427257 -0.0485997
0.452389 -0.0581081
0.477522 -0.0679703
0.502655 -0.0781578
0.527788 -0.0886413
0.55292 -0.0993909
0.578053 -0.110376
0.603186 -0.121566
0.628319 -0.132929
0.653451 -0.144433
0.678584 -0.156048
0.703717 -0.167742
0.728849 -0.179482
0.753982 -0.191238
0.779115 -0.202978
0.804248 -0.214673
0.82938 -0.226291
0.854513 -0.237804
0.879646 -0.249182
0.904779 -0.260397
0.929911 -0.271423
0.955044 -0.282233
0.980177 -0.292801
1.00531 -0.303104
1.03044 -0.313118
1.05558 -0.322821
1.08071 -0.332194
1.10584 -0.341216
1.13097 -0.349869
1.15611 -0.358137
1.18124 -0.366005
1.20637 -0.373458
1.2315 -0.380484
1.25664 -0.387073
1.28177 -0.393214
1.3069 -0.398899
1.33204 -0.404122
1.35717 -0.408877
1.3823 -0.413161
1.40743 -0.416971
1.43257 -0.420305
1.4577 -0.423164
1.48283 -0.425549
1.50796 -0.427463
1.5331 -0.42891
1.55823 -0.429895
1.58336 -0.430424
1.6085 -0.430504
1.63363 -0.430143
1.65876 -0.429352
1.68389 -0.428138
1.70903 -0.426515
1.73416 -0.424492
1.75929 -0.422084
1.78442 -0.419302
1.80956 -0.41616
1.83469 -0.412673
1.85982 -0.408855
1.88496 -0.404721
1.91009 -0.400286
1.93522 -0.395567
1.96035 -0.390579
1.98549 -0.385338
2.01062 -0.37986
2.03575 -0.374162
2.06088 -0.368259
2.08602 -0.362168
2.11115 -0.355905
2.13628 -0.349486
2.16142 -0.342927
2.18655 -0.336242
2.21168 -0.329448
2.23681 -0.32256
2.26195 -0.315591
2.28708 -0.308556
2.31221 -0.30147
2.33734 -0.294345
2.36248 -0.287194
2.38761 -0.280031
2.41274 -0.272866
2.43788 -0.265712
2.46301 -0.25858
2.48814 -0.25148
2.51327 -0.244422
2.53841 -0.237417
2.56354 -0.230471
2.58867 -0.223595
2.61381 -0.216796
2.63894 -0.210081
2.66407 -0.203458
2.6892 -0.196931
2.71434 -0.190508
2.73947 -0.184194
2.7646 -0.177992
2.78973 -0.171908
2.81487 -0.165946
2.84 -0.160108
2.86513 -0.154398
2.89027 -0.148818
2.9154 -0.14337
2.94053 -0.138056
2.96566 -0.132877
2.9908 -0.127834
3.01593 -0.122927
3.04106 -0.118158
3.06619 -0.113525
3.09133 -0.109028
3.11646 -0.104668
3.14159 -0.100442
3.16673 -0.09635
3.19186 -0.0923904
3.21699 -0.0885617
3.24212 -0.084862
3.26726 -0.0812895
3.29239 -0.0778422
3.31752 -0.0745177
3.34265 -0.0713137
3.36779 -0.0682278
3.39292 -0.0652574
3.41805 -0.0623999
3.44319 -0.0596526
3.46832 -0.0570127
3.49345 -0.0544773
3.51858 -0.0520437
3.54372 -0.0497089
3.56885 -0.0474701
3.59398 -0.0453243
3.61911 -0.0432686
3.64425 -0.0413002
3.66938 -0.0394161
3.69451 -0.0376135
3.71965 -0.0358895
3.74478 -0.0342414
3.76991 -0.0326664
3.79504 -0.0311617
3.82018 -0.0297248
3.84531 -0.028353
3.87044 -0.0270437
3.89557 -0.0257945
3.92071 -0.0246029
3.94584 -0.0234665
3.97097 -0.0223831
3.99611 -0.0213503
4.02124 -0.020366
4.04637 -0.0194281
4.0715 -0.0185346
4.09664 -0.0176834
4.12177 -0.0168727
4.1469 -0.0161006
4.17204 -0.0153653
4.19717 -0.0146652
4.2223 -0.0139985
4.24743 -0.0133638
4.27257 -0.0127595
4.2977 -0.0121841
4.32283 -0.0116363
4.34796 -0.0111146
4.3731 -0.010618
4.39823 -0.010145
4.42336 -0.00969462
4.4485 -0.00926567
4.47363 -0.0088571
4.49876 -0.0084679
4.52389 -0.0080971
4.54903 -0.00774379
4.57416 -0.00740709
4.59929 -0.00708617
4.62442 -0.00678024
4.64956 -0.00648855
4.67469 -0.00621037
4.69982 -0.00594504
4.72496 -0.00569191
4.75009 -0.00545037
4.77522 -0.00521984
4.80035 -0.00499976
4.82549 -0.00478962
4.85062 -0.00458893
4.87575 -0.00439722
4.90088 -0.00421403
4.92602 -0.00403896
4.95115 -0.00387161
4.97628 -0.00371159
5.00142 -0.00355855
5.02655 -0.00341217
5.05168 -0.0032721
5.07681 -0.00313806
5.10195 -0.00300976
5.12708 -0.00288692
5.15221 -0.00276929
5.17734 -0.00265663
5.20248 -0.00254871
5.22761 -0.00244531
5.25274 -0.00234622
5.27788 -0.00225125
5.30301 -0.00216021
5.32814 -0.00207293
5.35327 -0.00198924
5.37841 -0.00190898
5.40354 -0.00183201
5.42867 -0.00175817
5.4538 -0.00168735
5.47894 -0.0016194
5.50407 -0.00155421
5.5292 -0.00149166
5.55434 -0.00143164
5.57947 -0.00137405
5.6046 -0.00131878
5.62973 -0.00126573
5.65487 -0.00121483
5.68 -0.00116597
5.70513 -0.00111908
5.73027 -0.00107408
5.7554 -0.00103089
5.78053 -0.000989436
5.80566 -0.00094965
5.8308 -0.000911464
5.85593 -0.000874815
5.88106 -0.00083964
5.90619 -0.000805881
5.93133 -0.00077348
5.95646 -0.000742382
5.98159 -0.000712536
6.00673 -0.000683891
6.03186 -0.000656397
6.05699 -0.000630009
6.08212 -0.000604682
6.10726 -0.000580373
6.13239 -0.00055704
6.15752 -0.000534644
6.18265 -0.000513146
6.20779 -0.000492509
6.23292 -0.0004727
6.25805 -0.000453684
6.28319 -0.000435428
6.30832 -0.000417901
6.33345 -0.000401075
6.35858 -0.00038492
6.38372 -0.00036941
6.40885 -0.000354517
6.43398 -0.000340218
6.45911 -0.000326488
6.48425 -0.000313305
6.50938 -0.000300647
6.53451 -0.000288493
6.55965 -0.000276823
6.58478 -0.000265618
6.60991 -0.000254861
6.63504 -0.000244533
6.66018 -0.000234619
6.68531 -0.000225102
6.71044 -0.000215967
6.73557 -0.000207199
6.76071 -0.000198786
6.78584 -0.000190712
6.81097 -0.000182966
6.83611 -0.000175536
6.86124 -0.000168408
6.88637 -0.000161572
6.9115 -0.000155017
6.93664 -0.000148732
6.96177 -0.000142707
6.9869 -0.000136931
7.01203 -0.000131396
7.03717 -0.000126091
7.0623 -0.000121007
7.08743 -0.000116136
7.11257 -0.000111469
7.1377 -0.000106998
7.16283 -0.000102714
7.18796 -9.86101e-05
7.2131 -9.46778e-05
7.23823 -9.09099e-05
7.26336 -8.72992e-05
7.28849 -8.38387e-05
7.31363 -8.05216e-05
7.33876 -7.73414e-05
7.36389 -7.42918e-05
7.38903 -7.13665e-05
7.41416 -6.856e-05
7.43929 -6.58664e-05
7.46442 -6.32804e-05
7.48956 -6.0797e-05
7.51469 -5.84112e-05
7.53982 -5.61185e-05
7.56496 -5.39144e-05
7.59009 -5.17948e-05
7.61522 -4.97558e-05
7.64035 -4.77938e-05
7.66549 -4.59054e-05
7.69062 -4.40873e-05
7.71575 -4.23367e-05
7.74088 -4.06507e-05
7.76602 -3.90268e-05
7.79115 -3.74627e-05
7.81628 -3.59562e-05
7.84142 -3.45053e-05
7.86655 -3.31082e-05
7.89168 -3.17631e-05
7.91681 -3.04684e-05
7.94195 -2.92228e-05
7.96708 -2.80248e-05
7.99221 -2.68731e-05
8.01734 -2.57666e-05
8.04248 -2.47041e-05
8.06761 -2.36846e-05
8.09274 -2.27068e-05
8.11788 -2.17698e-05
8.14301 -2.08725e-05
8.16814 -2.00139e-05
8.19327 -1.91928e-05
8.21841 -1.84083e-05
8.24354 -1.76593e-05
8.26867 -1.69445e-05
8.2938 -1.62629e-05
8.31894 -1.56133e-05
8.34407 -1.49945e-05
8.3692 -1.44051e-05
8.39434 -1.3844e-05
8.41947 -1.33098e-05
8.4446 -1.28013e-05
8.46973 -1.2317e-05
8.49487 -1.18557e-05
8.52 -1.1416e-05
8.54513 -1.09965e-05
8.57026 -1.05959e-05
8.5954 -1.0213e-05
8.62053 -9.84645e-06
8.64566 -9.49499e-06
8.6708 -9.15745e-06
8.69593 -8.83269e-06
8.72106 -8.51963e-06
8.74619 -8.21727e-06
8.77133 -7.92466e-06
8.79646 -7.64094e-06
8.82159 -7.36534e-06
8.84672 -7.09716e-06
8.87186 -6.83579e-06
8.89699 -6.58072e-06
8.92212 -6.33152e-06
8.94726 -6.08783e-06
8.97239 -5.8494e-06
8.99752 -5.61604e-06
9.02265 -5.38766e-06
9.04779 -5.16421e-06
9.07292 -4.94573e-06
9.09805 -4.73231e-06
9.12319 -4.52409e-06
9.14832 -4.32125e-06
9.17345 -4.12401e-06
9.19858 -3.9326e-06
9.22372 -3.7473e-06
9.24885 -3.56836e-06
9.27398 -3.39606e-06
9.29911 -3.23065e-06
9.32425 -3.07237e-06
9.34938 -2.92145e-06
9.37451 -2.77806e-06
9.39965 -2.64236e-06
9.42478 -2.51446e-06
9.44991 -2.3944e-06
9.47504 -2.2822e-06
9.50018 -2.17782e-06
9.52531 -2.08116e-06
9.55044 -1.99205e-06
9.57557 -1.91029e-06
9.60071 -1.83562e-06
9.62584 -1.76772e-06
9.65097 -1.70622e-06
9.67611 -1.65071e-06
9.70124 -1.60075e-06
9.72637 -1.55586e-06
9.7515 -1.51552e-06
9.77664 -1.4792e-06
9.80177 -1.44636e-06
9.8269 -1.41644e-06
9.85203 -1.38889e-06
9.87717 -1.36316e-06
9.9023 -1.33871e-06
9.92743 -1.31504e-06
9.95257 -1.29165e-06
9.9777 -1.2681e-06
10.0028 -1.24396e-06
10.028 -1.21888e-06
10.0531 -1.19253e-06
10.0782 -1.16463e-06
10.1034 -1.13499e-06
10.1285 -1.10343e-06
10.1536 -1.06986e-06
10.1788 -1.03422e-06
10.2039 -9.96544e-07
10.229 -9.56887e-07
10.2542 -9.1537e-07
10.2793 -8.72163e-07
10.3044 -8.27481e-07
10.3296 -7.81578e-07
10.3547 -7.34746e-07
10.3798 -6.87306e-07
10.405 -6.396e-07
10.4301 -5.91993e-07
10.4552 -5.44856e-07
10.4804 -4.98566e-07
10.5055 -4.53499e-07
10.5306 -4.10021e-07
10.5558 -3.68481e-07
10.5809 -3.29211e-07
10.606 -2.92513e-07
10.6311 -2.58658e-07
10.6563 -2.27882e-07
10.6814 -2.0038e-07
10.7065 -1.76302e-07
10.7317 -1.55757e-07
10.7568 -1.38801e-07
10.7819 -1.25445e-07
10.8071 -1.15652e-07
10.8322 -1.09335e-07
10.8573 -1.06362e-07
10.8825 -1.06557e-07
10.9076 -1.09702e-07
10.9327 -1.15541e-07
10.9579 -1.23786e-07
10.983 -1.34119e-07
11.0081 -1.46197e-07
11.0333 -1.5966e-07
11.0584 -1.74133e-07
11.0835 -1.89237e-07
11.1087 -2.04588e-07
11.1338 -2.19808e-07
11.1589 -2.34532e-07
11.1841 -2.48406e-07
11.2092 -2.611e-07
11.2343 -2.72311e-07
11.2595 -2.81764e-07
11.2846 -2.8922e-07
11.3097 -2.94477e-07
11.3349 -2.97373e-07
11.36 -2.97791e-07
11.3851 -2.95654e-07
11.4103 -2.90933e-07
11.4354 -2.83642e-07
11.4605 -2.7384e-07
11.4857 -2.61628e-07
11.5108 -2.47146e-07
11.5359 -2.30573e-07
11.5611 -2.12124e-07
11.5862 -1.92041e-07
11.6113 -1.70596e-07
11.6365 -1.48082e-07
11.6616 -1.24806e-07
11.6867 -1.01092e-07
11.7119 -7.72662e-08
11.737 -5.36579e-08
11.7621 -3.05921e-08
11.7873 -8.38426e-09
11.8124 1.26642e-08
11.8375 3.22712e-08
11.8627 5.01779e-08
11.8878 6.61529e-08
11.9129 7.99958e-08
11.9381 9.15402e-08
11.9632 1.00656e-07
11.9883 1.07251e-07
12.0135 1.11273e-07
12.0386 1.1271e-07
12.0637 1.11589e-07
12.0888 1.07977e-07
12.114 1.01977e-07
12.1391 9.37319e-08
12.1642 8.34144e-08
12.1894 7.12295e-08
12.2145 5.74089e-08
12.2396 4.22078e-08
12.2648 2.59001e-08
12.2899 8.77463e-09
12.315 -8.87002e-09
12.3402 -2.673e-08
12.3653 -4.45011e-08
12.3904 -6.18837e-08
12.4156 -7.8587e-08
12.4407 -9.43343e-08
12.4658 -1.08867e-07
12.491 -1.21946e-07
12.5161 -1.33362e-07
12.5412 -1.42931e-07
12.5664 -1.50501e-07
12.5915 -1.55953e-07
12.6166 -1.59203e-07
12.6418 -1.60206e-07
12.6669 -1.58948e-07
12.692 -1.55456e-07
12.7172 -1.49791e-07
12.7423 -1.42048e-07
12.7674 -1.32356e-07
12.7926 -1.20872e-07
12.8177 -1.07784e-07
12.8428 -9.3301e-08
12.868 -7.76555e-08
12.8931 -6.10957e-08
12.9182 -4.38832e-08
12.9434 -2.62884e-08
12.9685 -8.58592e-09
12.9936 8.94955e-09
13.0188 2.60477e-08
13.0439 4.24468e-08
13.069 5.7898e-08
13.0942 7.21689e-08
13.1193 8.50473e-08
13.1444 9.63445e-08
13.1696 1.05898e-07
13.1947 1.13573e-07
13.2198 1.19267e-07
13.245 1.22909e-07
13.2701 1.24458e-07
13.2952 1.23912e-07
13.3204 1.21296e-07
13.3455 1.16671e-07
13.3706 1.1013e-07
13.3958 1.01791e-07
13.4209 9.18056e-08
13.446 8.03454e-08
13.4711 6.76064e-08
13.4963 5.38028e-08
13.5214 3.91639e-08
13.5465 2.39309e-08
13.5717 8.35227e-09
13.5968 -7.31977e-09
13.6219 -2.28334e-08
13.6471 -3.79411e-08
13.6722 -5.24037e-08
13.6973 -6.59941e-08
13.7225 -7.85003e-08
13.7476 -8.97296e-08
13.7727 -9.95104e-08
13.7979 -1.07696e-07
13.823 -1.14165e-07
13.8481 -1.18825e-07
13.8733 -1.21613e-07
13.8984 -1.22495e-07
13.9235 -1.21469e-07
13.9487 -1.18563e-07
13.9738 -1.13834e-07
13.9989 -1.07368e-07
14.0241 -9.92776e-08
14.0492 -8.97005e-08
14.0743 -7.87976e-08
14.0995 -6.67493e-08
14.1246 -5.37531e-08
14.1497 -4.00201e-08
14.1749 -2.57719e-08
14.2 -1.12368e-08
14.2251 3.3542e-09
14.2503 1.77703e-08
14.2754 3.17851e-08
14.3005 4.51802e-08
14.3257 5.77483e-08
14.3508 6.92965e-08
14.3759 7.96494e-08
14.4011 8.86517e-08
14.4262 9.61703e-08
14.4513 1.02097e-07
14.4765 1.06348e-07
14.5016 1.08868e-07
14.5267 1.0963e-07
14.5519 1.08634e-07
14.577 1.05906e-07
14.6021 1.01503e-07
14.6273 9.55062e-08
14.6524 8.80204e-08
14.6775 7.9175e-08
14.7027 6.91194e-08
14.7278 5.80211e-08
14.7529 4.60632e-08
14.7781 3.34411e-08
14.8032 2.03595e-08
14.8283 7.02891e-09
14.8535 -6.33752e-09
14.8786 -1.95275e-08
14.9037 -3.23328e-08
14.9288 -4.45527e-08
14.954 -5.59972e-08
14.9791 -6.64896e-08
15.0042 -7.58695e-08
15.0294 -8.39951e-08
15.0545 -9.07454e-08
15.0796 -9.60219e-08
15.1048 -9.97502e-08
15.1299 -1.01881e-07
15.155 -1.0239e-07
15.1802 -1.01279e-07
15.2053 -9.85762e-08
15.2304 -9.43338e-08
15.2556 -8.86286e-08
15.2807 -8.15597e-08
15.3058 -7.32475e-08
15.331 -6.38312e-08
15.3561 -5.34665e-08
15.3812 -4.23235e-08
15.4064 -3.0583e-08
15.4315 -1.84346e-08
15.4566 -6.07301e-09
15.4818 6.30492e-09
15.5069 1.85033e-08
15.532 3.03301e-08
15.5572 4.16007e-08
15.5823 5.21402e-08
15.6074 6.17863e-08
15.6326 7.03919e-08
15.6577 7.78273e-08
15.6828 8.39821e-08
15.708 8.87667e-08
15.7331 9.2114e-08
15.7582 9.39797e-08
15.7834 9.43434e-08
15.8085 9.32087e-08
15.8336 9.06026e-08
15.8588 8.65753e-08
15.8839 8.11994e-08
15.909 7.45681e-08
15.9342 6.6794e-08
15.9593 5.80071e-08
15.9844 4.83527e-08
16.0096 3.79887e-08
16.0347 2.70835e-08
16.0598 1.58131e-08
16.085 4.35791e-09
16.1101 -7.09952e-09
16.1352 -1.83779e-08
16.1604 -2.92996e-08
16.1855 -3.96941e-08
16.2106 -4.93998e-08
16.2358 -5.82673e-08
16.2609 -6.61612e-08
16.286 -7.29623e-08
16.3111 -7.85693e-08
16.3363 -8.29006e-08
16.3614 -8.58951e-08
16.3865 -8.75133e-08
16.4117 -8.77375e-08
16.4368 -8.65725e-08
16.4619 -8.40447e-08
16.4871 -8.02021e-08
16.5122 -7.51131e-08
16.5373 -6.88654e-08
16.5625 -6.15646e-08
16.5876 -5.33323e-08
16.6127 -4.43042e-08
16.6379 -3.46276e-08
16.663 -2.44593e-08
16.6881 -1.3963e-08
16.7133 -3.30669e-09
16.7384 7.34028e-09
16.7635 1.78095e-08
16.7887 2.79365e-08
16.8138 3.75629e-08
16.8389 4.65396e-08
16.8641 5.47281e-08
16.8892 6.20035e-08
16.9143 6.82559e-08
16.9395 7.33924e-08
16.9646 7.7338e-08
16.9897 8.00372e-08
17.0149 8.14542e-08
17.04 8.15741e-08
17.0651 8.04023e-08
17.0903 7.79646e-08
17.1154 7.43067e-08
17.1405 6.94934e-08
17.1657 6.36073e-08
17.1908 5.67476e-08
17.2159 4.90282e-08
17.2411 4.0576e-08
17.2662 3.15288e-08
17.2913 2.2033e-08
17.3165 1.22412e-08
17.3416 2.31006e-09
17.3667 -7.60274e-09
17.3919 -1.73405e-08
17.417 -2.67502e-08
17.4421 -3.56849e-08
17.4673 -4.40059e-08
17.4924 -5.15851e-08
17.5175 -5.83067e-08
17.5427 -6.40692e-08
17.5678 -6.87867e-08
17.5929 -7.23904e-08
17.6181 -7.48295e-08
17.6432 -7.60717e-08
17.6683 -7.61041e-08
17.6934 -7.49326e-08
17.7186 -7.25824e-08
17.7437 -6.90972e-08
17.7688 -6.45381e-08
17.794 -5.89832e-08
17.8191 -5.25255e-08
17.8442 -4.52723e-08
17.8694 -3.73423e-08
17.8945 -2.88646e-08
17.9196 -1.99763e-08
17.9448 -1.082e-08
17.9699 -1.54188e-09
17.995 7.71068e-09
18.0202 1.67916e-08
18.0453 2.55582e-08
18.0704 3.38737e-08
18.0956 4.16091e-08
18.1207 4.8645e-08
18.1458 5.48742e-08
18.171 6.02025e-08
18.1961 6.45504e-08
18.2212 6.78545e-08
18.2464 7.0068e-08
18.2715 7.11619e-08
18.2966 7.11247e-08
18.3218 6.9963e-08
18.3469 6.77013e-08
18.372 6.43809e-08
18.3972 6.00601e-08
18.4223 5.48123e-08
18.4474 4.87254e-08
18.4726 4.19e-08
18.4977 3.44479e-08
18.5228 2.649e-08
18.548 1.81549e-08
18.5731 9.57627e-09
18.5982 8.90858e-10
18.6234 -7.76347e-09
18.6485 -1.62501e-08
18.6736 -2.44358e-08
18.6988 -3.21929e-08
18.7239 -3.94008e-08
18.749 -4.59487e-08
18.7742 -5.17363e-08
18.7993 -5.66763e-08
18.8244 -6.0695e-08
18.8496 -6.37335e-08
18.8747 -6.5749e-08
18.8998 -6.67148e-08
18.925 -6.66211e-08
18.9501 -6.54749e-08
18.9752 -6.32995e-08
19.0004 -6.01348e-08
19.0255 -5.60357e-08
19.0506 -5.10718e-08
19.0758 -4.53259e-08
19.1009 -3.88928e-08
19.126 -3.18776e-08
19.1511 -2.43942e-08
19.1763 -1.65631e-08
19.2014 -8.50984e-09
19.2265 -3.62773e-10
19.2517 7.74891e-09
19.2768 1.56972e-08
19.3019 2.33575e-08
19.3271 3.06101e-08
19.3522 3.73424e-08
19.3773 4.34509e-08
19.4025 4.88421e-08
19.4276 5.34344e-08
19.4527 5.71593e-08
19.4779 5.99623e-08
19.503 6.18037e-08
19.5281 6.26593e-08
19.5533 6.25204e-08
19.5784 6.13943e-08
19.6035 5.93035e-08
19.6287 5.62859e-08
19.6538 5.23938e-08
19.6789 4.7693e-08
19.7041 4.22618e-08
19.7292 3.61895e-08
19.7543 2.95753e-08
19.7795 2.25263e-08
19.8046 1.5156e-08
19.8297 7.58232e-09
19.8549 -7.403e-11
19.88 -7.69174e-09
19.9051 -1.51507e-08
19.9303 -2.23338e-08
19.9554 -2.9129e-08
19.9805 -3.54308e-08
20.0057 -4.11422e-08
20.0308 -4.61758e-08
20.0559 -5.04554e-08
20.0811 -5.39171e-08
20.1062 -5.65102e-08
20.1313 -5.81978e-08
20.1565 -5.89579e-08
20.1816 -5.87829e-08
20.2067 -5.76799e-08
20.2319 -5.56711e-08
20.257 -5.27923e-08
20.2821 -4.90934e-08
20.3073 -4.46367e-08
20.3324 -3.94961e-08
20.3575 -3.37562e-08
20.3827 -2.75104e-08
20.4078 -2.08599e-08
20.4329 -1.39116e-08
20.4581 -6.77665e-09
20.4832 4.31414e-10
20.5083 7.59839e-09
20.5334 1.46113e-08
20.5586 2.13601e-08
20.5837 2.77396e-08
20.6088 3.36507e-08
20.634 3.90022e-08
20.6591 4.37124e-08
20.6842 4.771e-08
20.7094 5.0935e-08
20.7345 5.33404e-08
20.7596 5.48918e-08
20.7848 5.5569e-08
20.8099 5.53652e-08
20.835 5.42879e-08
20.8602 5.23582e-08
20.8853 4.96104e-08
20.9104 4.60919e-08
20.9356 4.18618e-08
20.9607 3.69902e-08
20.9858 3.1557e-08
21.011 2.56507e-08
21.0361 1.93666e-08
21.0612 1.28058e-08
21.0864 6.07311e-09
21.1115 -7.2435e-10
21.1366 -7.47897e-09
21.1618 -1.40843e-08
21.1869 -2.04367e-08
21.212 -2.64372e-08
21.2372 -3.19925e-08
21.2623 -3.7017e-08
21.2874 -4.14338e-08
21.3126 -4.51761e-08
21.3377 -4.81877e-08
21.3628 -5.04246e-08
21.388 -5.1855e-08
21.4131 -5.24599e-08
21.4382 -5.22335e-08
21.4634 -5.11834e-08
21.4885 -4.93297e-08
21.5136 -4.67055e-08
21.5388 -4.33556e-08
21.5639 -3.93363e-08
21.589 -3.47139e-08
21.6142 -2.95644e-08
21.6393 -2.39712e-08
21.6644 -1.80247e-08
21.6896 -1.18204e-08
21.7147 -5.45745e-09
21.7398 9.63086e-10
21.765 7.33956e-09
21.7901 1.35715e-08
21.8152 1.95612e-08
21.8404 2.52152e-08
21.8655 3.04458e-08
21.8906 3.51722e-08
21.9158 3.93222e-08
21.9409 4.28328e-08
21.966 4.56514e-08
21.9911 4.77367e-08
22.0163 4.9059e-08
22.0414 4.96007e-08
22.0665 4.9357e-08
22.0917 4.8335e-08
22.1168 4.65543e-08
22.1419 4.40465e-08
22.1671 4.08544e-08
22.1922 3.70312e-08
22.2173 3.26403e-08
22.2425 2.77534e-08
22.2676 2.24497e-08
22.2927 1.68149e-08
22.3179 1.09394e-08
22.343 4.91692e-09
22.3681 -1.15683e-09
22.3933 -7.18574e-09
22.4184 -1.30749e-08
22.4435 -1.87319e-08
22.4687 -2.40685e-08
22.4938 -2.90019e-08
22.5189 -3.34559e-08
22.5441 -3.73625e-08
22.5692 -4.06622e-08
22.5943 -4.33057e-08
22.6195 -4.52541e-08
22.6446 -4.64796e-08
22.6697 -4.69661e-08
22.6949 -4.6709e-08
22.72 -4.57157e-08
22.7451 -4.4005e-08
22.7703 -4.1607e-08
22.7954 -3.85625e-08
22.8205 -3.49223e-08
22.8457 -3.07465e-08
22.8708 -2.61032e-08
22.8959 -2.10677e-08
22.9211 -1.57212e-08
22.9462 -1.01494e-08
22.9713 -4.44113e-09
22.9965 1.31287e-09
23.0216 7.02164e-09
23.0467 1.25953e-08
23.0719 1.79464e-08
23.097 2.29915e-08
23.1221 2.76523e-08
23.1473 3.18569e-08
23.1724 3.55408e-08
23.1975 3.86481e-08
23.2227 4.11323e-08
23.2478 4.29567e-08
23.2729 4.40954e-08
23.2981 4.45333e-08
23.3232 4.42665e-08
23.3483 4.3302e-08
23.3734 4.16582e-08
23.3986 3.93637e-08
23.4237 3.64575e-08
23.4488 3.29881e-08
23.474 2.90125e-08
23.4991 2.45956e-08
23.5242 1.98089e-08
23.5494 1.47296e-08
23.5745 9.43886e-09
23.5996 4.02121e-09
23.6248 -1.43739e-09
23.6499 -6.85065e-09
23.675 -1.21333e-08
23.7002 -1.72026e-08
23.7253 -2.19794e-08
23.7504 -2.63896e-08
23.7756 -3.03651e-08
23.8007 -3.38449e-08
23.8258 -3.67762e-08
23.851 -3.91151e-08
23.8761 -4.0827e-08
23.9012 -4.18875e-08
23.9264 -4.22826e-08
23.9515 -4.20089e-08
23.9766 -4.10732e-08
24.0018 -3.94932e-08
24.0269 -3.72964e-08
24.052 -3.452e-08
24.0772 -3.12101e-08
24.1023 -2.74212e-08
24.1274 -2.3215e-08
24.1526 -1.86595e-08
24.1777 -1.38281e-08
24.2028 -8.79813e-09
24.228 -3.6497e-09
24.2531 1.53547e-09
24.2782 6.67541e-09
24.3034 1.16892e-08
24.3285 1.64983e-08
24.3536 2.10276e-08
24.3788 2.52069e-08
24.4039 2.89715e-08
24.429 3.22638e-08
24.4542 3.50337e-08
24.4793 3.72397e-08
24.5044 3.88492e-08
24.5296 3.98392e-08
24.5547 4.01965e-08
24.5798 3.99182e-08
24.605 3.90111e-08
24.6301 3.7492e-08
24.6552 3.53874e-08
24.6804 3.27327e-08
24.7055 2.95722e-08
24.7306 2.59576e-08
24.7558 2.19477e-08
24.7809 1.76075e-08
24.806 1.30067e-08
24.8311 8.21881e-09
24.8563 3.32024e-09
24.8814 -1.61136e-09
24.9065 -6.49805e-09
24.9317 -1.12629e-08
24.9568 -1.58313e-08
24.9819 -2.01319e-08
25.0071 -2.40979e-08
25.0322 -2.76681e-08
25.0573 -3.07877e-08
25.0825 -3.34093e-08
25.1076 -3.54934e-08
25.1327 -3.70095e-08
25.1579 -3.79356e-08
25.183 -3.82596e-08
25.2081 -3.79786e-08
25.2333 -3.70996e-08
25.2584 -3.56386e-08
25.2835 -3.3621e-08
25.3087 -3.10808e-08
25.3338 -2.80602e-08
25.3589 -2.46085e-08
25.3841 -2.07819e-08
25.4092 -1.66424e-08
25.4343 -1.22562e-08
25.4595 -7.6937e-09
25.4846 -3.02742e-09
25.5097 1.66861e-09
25.5349 6.3202e-09
25.56 1.08542e-08
25.5851 1.51994e-08
25.6103 1.92882e-08
25.6354 2.30569e-08
25.6605 2.64474e-08
25.6857 2.94076e-08
25.7108 3.18926e-08
