0 0.729797
0.0251327 0.728934
0.0502655 0.726347
0.0753982 0.722045
0.100531 0.716041
0.125664 0.708353
0.150796 0.699006
0.175929 0.688028
0.201062 0.675455
0.226195 0.661323
0.251327 0.645677
0.27646 0.628565
0.301593 0.61004
0.326726 0.590156
0.351858 0.568976
0.376991 0.546561
0.402124 0.522981
0.427257 0.498304
0.452389 0.472603
0.477522 0.445954
0.502655 0.418435
0.527788 0.390124
0.55292 0.361103
0.578053 0.331454
0.603186 0.301259
0.628319 0.270604
0.653451 0.23957
0.678584 0.208243
0.703717 0.176706
0.728849 0.145042
0.753982 0.113333
0.779115 0.0816595
0.804248 0.0501009
0.82938 0.0187348
0.854513 -0.0123632
0.879646 -0.04312
0.904779 -0.0734646
0.929911 -0.103329
0.955044 -0.132648
0.980177 -0.161359
1.00531 -0.189403
1.03044 -0.216725
1.05558 -0.243272
1.08071 -0.268995
1.10584 -0.293851
1.13097 -0.317797
1.15611 -0.340796
1.18124 -0.362815
1.20637 -0.383824
1.2315 -0.403797
1.25664 -0.422712
1.28177 -0.440551
1.3069 -0.457299
1.33204 -0.472946
1.35717 -0.487485
1.3823 -0.500912
1.40743 -0.513227
1.43257 -0.524434
1.4577 -0.534538
1.48283 -0.54355
1.50796 -0.551482
1.5331 -0.55835
1.55823 -0.564171
1.58336 -0.568966
1.6085 -0.572757
1.63363 -0.57557
1.65876 -0.577432
1.68389 -0.578372
1.70903 -0.578419
1.73416 -0.577606
1.75929 -0.575966
1.78442 -0.573534
1.80956 -0.570344
1.83469 -0.566432
1.85982 -0.561837
1.88496 -0.556593
1.91009 -0.55074
1.93522 -0.544314
1.96035 -0.537354
1.98549 -0.529897
2.01062 -0.52198
2.03575 -0.513641
2.06088 -0.504915
2.08602 -0.495839
2.11115 -0.486448
2.13628 -0.476777
2.16142 -0.466859
2.18655 -0.456726
2.21168 -0.446411
2.23681 -0.435944
2.26195 -0.425355
2.28708 -0.414672
2.31221 -0.403923
2.33734 -0.393132
2.36248 -0.382326
2.38761 -0.371526
2.41274 -0.360757
2.43788 -0.350037
2.46301 -0.339388
2.48814 -0.328827
2.51327 -0.318371
2.53841 -0.308036
2.56354 -0.297837
2.58867 -0.287787
2.61381 -0.277897
2.63894 -0.26818
2.66407 -0.258644
2.6892 -0.249299
2.71434 -0.240152
2.73947 -0.23121
2.7646 -0.222479
2.78973 -0.213963
2.81487 -0.205666
2.84 -0.197592
2.86513 -0.189742
2.89027 -0.182118
2.9154 -0.174722
2.94053 -0.167552
2.96566 -0.160608
2.9908 -0.15389
3.01593 -0.147396
3.04106 -0.141123
3.06619 -0.13507
3.09133 -0.129232
3.11646 -0.123608
3.14159 -0.118192
3.16673 -0.112982
3.19186 -0.107973
3.21699 -0.10316
3.24212 -0.098539
3.26726 -0.094105
3.29239 -0.0898531
3.31752 -0.0857781
3.34265 -0.0818749
3.36779 -0.0781384
3.39292 -0.0745631
3.41805 -0.071144
3.44319 -0.0678755
3.46832 -0.0647526
3.49345 -0.0617699
3.51858 -0.0589224
3.54372 -0.0562048
3.56885 -0.0536121
3.59398 -0.0511394
3.61911 -0.0487818
3.64425 -0.0465345
3.66938 -0.0443929
3.69451 -0.0423525
3.71965 -0.0404088
3.74478 -0.0385576
3.76991 -0.0367947
3.79504 -0.035116
3.82018 -0.0335178
3.84531 -0.0319963
3.87044 -0.0305478
3.89557 -0.0291689
3.92071 -0.0278562
3.94584 -0.0266065
3.97097 -0.0254169
3.99611 -0.0242842
4.02124 -0.0232057
4.04637 -0.0221788
4.0715 -0.0212008
4.09664 -0.0202693
4.12177 -0.019382
4.1469 -0.0185367
4.17204 -0.0177312
4.19717 -0.0169636
4.2223 -0.0162319
4.24743 -0.0155343
4.27257 -0.0148692
4.2977 -0.0142348
4.32283 -0.0136297
4.34796 -0.0130524
4.3731 -0.0125014
4.39823 -0.0119755
4.42336 -0.0114735
4.4485 -0.0109941
4.47363 -0.0105362
4.49876 -0.0100987
4.52389 -0.00968077
4.54903 -0.00928131
4.57416 -0.00889945
4.59929 -0.00853435
4.62442 -0.00818517
4.64956 -0.00785117
4.67469 -0.0075316
4.69982 -0.00722578
4.72496 -0.00693305
4.75009 -0.00665278
4.77522 -0.00638439
4.80035 -0.00612731
4.82549 -0.00588102
4.85062 -0.005645
4.87575 -0.00541878
4.90088 -0.0052019
4.92602 -0.00499393
4.95115 -0.00479446
4.97628 -0.00460311
5.00142 -0.00441951
5.02655 -0.0042433
5.05168 -0.00407416
5.07681 -0.00391178
5.10195 -0.00375586
5.12708 -0.00360611
5.15221 -0.00346228
5.17734 -0.00332411
5.20248 -0.00319137
5.22761 -0.00306383
5.25274 -0.00294127
5.27788 -0.00282351
5.30301 -0.00271034
5.32814 -0.00260158
5.35327 -0.00249708
5.37841 -0.00239666
5.40354 -0.00230016
5.42867 -0.00220746
5.4538 -0.0021184
5.47894 -0.00203285
5.50407 -0.00195069
5.5292 -0.00187179
5.55434 -0.00179604
5.57947 -0.00172333
5.6046 -0.00165354
5.62973 -0.00158659
5.65487 -0.00152235
5.68 -0.00146075
5.70513 -0.00140167
5.73027 -0.00134504
5.7554 -0.00129075
5.78053 -0.00123873
5.80566 -0.00118888
5.8308 -0.00114112
5.85593 -0.00109537
5.88106 -0.00105155
5.90619 -0.00100958
5.93133 -0.000969374
5.95646 -0.000930868
5.98159 -0.000893983
6.00673 -0.000858647
6.03186 -0.000824789
6.05699 -0.000792341
6.08212 -0.000761237
6.10726 -0.000731412
6.13239 -0.000702804
6.15752 -0.000675354
6.18265 -0.000649003
6.20779 -0.000623698
6.23292 -0.000599385
6.25805 -0.000576016
6.28319 -0.000553543
6.30832 -0.000531921
6.33345 -0.00051111
6.35858 -0.00049107
6.38372 -0.000471765
6.40885 -0.000453162
6.43398 -0.000435231
6.45911 -0.000417941
6.48425 -0.000401269
6.50938 -0.000385189
6.53451 -0.000369681
6.55965 -0.000354726
6.58478 -0.000340305
6.60991 -0.000326403
6.63504 -0.000313005
6.66018 -0.000300099
6.68531 -0.000287674
6.71044 -0.000275717
6.73557 -0.00026422
6.76071 -0.000253173
6.78584 -0.000242567
6.81097 -0.000232394
6.83611 -0.000222644
6.86124 -0.00021331
6.88637 -0.000204383
6.9115 -0.000195854
6.93664 -0.000187713
6.96177 -0.000179951
6.9869 -0.000172558
7.01203 -0.000165521
7.03717 -0.000158831
7.0623 -0.000152474
7.08743 -0.000146439
7.11257 -0.000140711
7.1377 -0.000135277
7.16283 -0.000130123
7.18796 -0.000125233
7.2131 -0.000120594
7.23823 -0.000116188
7.26336 -0.000112002
7.28849 -0.000108019
7.31363 -0.000104225
7.33876 -0.000100604
7.36389 -9.71411e-05
7.38903 -9.38223e-05
7.41416 -9.06338e-05
7.43929 -8.75625e-05
7.46442 -8.4596e-05
7.48956 -8.17227e-05
7.51469 -7.89322e-05
7.53982 -7.62149e-05
7.56496 -7.35621e-05
7.59009 -7.09665e-05
7.61522 -6.84218e-05
7.64035 -6.59227e-05
7.66549 -6.34652e-05
7.69062 -6.10463e-05
7.71575 -5.86641e-05
7.74088 -5.63177e-05
7.76602 -5.40071e-05
7.79115 -5.17334e-05
7.81628 -4.94982e-05
7.84142 -4.73041e-05
7.86655 -4.51541e-05
7.89168 -4.30518e-05
7.91681 -4.10011e-05
7.94195 -3.90063e-05
7.96708 -3.70719e-05
7.99221 -3.52021e-05
8.01734 -3.34014e-05
8.04248 -3.1674e-05
8.06761 -3.00238e-05
8.09274 -2.84543e-05
8.11788 -2.69686e-05
8.14301 -2.55692e-05
8.16814 -2.4258e-05
8.19327 -2.30361e-05
8.21841 -2.19043e-05
8.24354 -2.08622e-05
8.26867 -1.99089e-05
8.2938 -1.90427e-05
8.31894 -1.8261e-05
8.34407 -1.75608e-05
8.3692 -1.69382e-05
8.39434 -1.63885e-05
8.41947 -1.59068e-05
8.4446 -1.54874e-05
8.46973 -1.51242e-05
8.49487 -1.48108e-05
8.52 -1.45405e-05
8.54513 -1.43064e-05
8.57026 -1.41017e-05
8.5954 -1.39192e-05
8.62053 -1.37522e-05
8.64566 -1.3594e-05
8.6708 -1.34383e-05
8.69593 -1.3279e-05
8.72106 -1.31106e-05
8.74619 -1.29281e-05
8.77133 -1.2727e-05
8.79646 -1.25036e-05
8.82159 -1.22546e-05
8.84672 -1.19777e-05
8.87186 -1.16712e-05
8.89699 -1.13341e-05
8.92212 -1.09662e-05
8.94726 -1.0568e-05
8.97239 -1.01407e-05
8.99752 -9.68615e-06
9.02265 -9.20688e-06
9.04779 -8.70593e-06
9.07292 -8.18684e-06
9.09805 -7.65361e-06
9.12319 -7.11057e-06
9.14832 -6.56236e-06
9.17345 -6.0138e-06
9.19858 -5.46982e-06
9.22372 -4.93537e-06
9.24885 -4.41536e-06
9.27398 -3.91455e-06
9.29911 -3.43747e-06
9.32425 -2.98836e-06
9.34938 -2.57109e-06
9.37451 -2.18911e-06
9.39965 -1.84537e-06
9.42478 -1.54231e-06
9.44991 -1.28178e-06
9.47504 -1.06506e-06
9.50018 -8.92791e-07
9.52531 -7.65005e-07
9.55044 -6.81112e-07
9.57557 -6.39912e-07
9.60071 -6.39621e-07
9.62584 -6.77897e-07
9.65097 -7.51884e-07
9.67611 -8.58258e-07
9.70124 -9.93281e-07
9.72637 -1.15286e-06
9.7515 -1.33262e-06
9.77664 -1.52796e-06
9.80177 -1.73415e-06
9.8269 -1.94636e-06
9.85203 -2.15981e-06
9.87717 -2.36975e-06
9.9023 -2.57162e-06
9.92743 -2.76105e-06
9.95257 -2.93398e-06
9.9777 -3.08669e-06
10.0028 -3.21585e-06
10.028 -3.31858e-06
10.0531 -3.3925e-06
10.0782 -3.43573e-06
10.1034 -3.44695e-06
10.1285 -3.42539e-06
10.1536 -3.37083e-06
10.1788 -3.28362e-06
10.2039 -3.16468e-06
10.229 -3.01541e-06
10.2542 -2.83774e-06
10.2793 -2.63406e-06
10.3044 -2.40717e-06
10.3296 -2.16024e-06
10.3547 -1.89676e-06
10.3798 -1.62047e-06
10.405 -1.33531e-06
10.4301 -1.04534e-06
10.4552 -7.54675e-07
10.4804 -4.67445e-07
10.5055 -1.87689e-07
10.5306 8.06801e-08
10.5558 3.33952e-07
10.5809 5.68671e-07
10.606 7.81687e-07
10.6311 9.70211e-07
10.6563 1.13185e-06
10.6814 1.26464e-06
10.7065 1.36709e-06
10.7317 1.43818e-06
10.7568 1.47739e-06
10.7819 1.48469e-06
10.8071 1.46054e-06
10.8322 1.40592e-06
10.8573 1.32222e-06
10.8825 1.21131e-06
10.9076 1.07545e-06
10.9327 9.17259e-07
10.9579 7.39696e-07
10.983 5.4598e-07
11.0081 3.39553e-07
11.0333 1.24021e-07
11.0584 -9.69058e-08
11.0835 -3.19471e-07
11.1087 -5.39932e-07
11.1338 -7.54618e-07
11.1589 -9.59989e-07
11.1841 -1.15269e-06
11.2092 -1.3296e-06
11.2343 -1.48789e-06
11.2595 -1.62504e-06
11.2846 -1.73891e-06
11.3097 -1.82774e-06
11.3349 -1.8902e-06
11.36 -1.92538e-06
11.3851 -1.93282e-06
11.4103 -1.91252e-06
11.4354 -1.86492e-06
11.4605 -1.79088e-06
11.4857 -1.69168e-06
11.5108 -1.56902e-06
11.5359 -1.42493e-06
11.5611 -1.26178e-06
11.5862 -1.08222e-06
11.6113 -8.89148e-07
11.6365 -6.85659e-07
11.6616 -4.74985e-07
11.6867 -2.60449e-07
11.7119 -4.54134e-08
11.737 1.66778e-07
11.7621 3.72849e-07
11.7873 5.69647e-07
11.8124 7.54186e-07
11.8375 9.23698e-07
11.8627 1.07567e-06
11.8878 1.2079e-06
11.9129 1.31849e-06
11.9381 1.40592e-06
11.9632 1.46903e-06
11.9883 1.50706e-06
12.0135 1.51966e-06
12.0386 1.50687e-06
12.0637 1.46915e-06
12.0888 1.40732e-06
12.114 1.32261e-06
12.1391 1.21656e-06
12.1642 1.09108e-06
12.1894 9.48333e-07
12.2145 7.90758e-07
12.2396 6.21004e-07
12.2648 4.4189e-07
12.2899 2.5636e-07
12.315 6.7437e-08
12.3402 -1.21828e-07
12.3653 -3.08404e-07
12.3904 -4.89326e-07
12.4156 -6.61743e-07
12.4407 -8.2296e-07
12.4658 -9.70486e-07
12.491 -1.10206e-06
12.5161 -1.2157e-06
12.5412 -1.30972e-06
12.5664 -1.38275e-06
12.5915 -1.43378e-06
12.6166 -1.46215e-06
12.6418 -1.46756e-06
12.6669 -1.45009e-06
12.692 -1.41016e-06
12.7172 -1.34856e-06
12.7423 -1.26641e-06
12.7674 -1.16517e-06
12.7926 -1.04655e-06
12.8177 -9.1256e-07
12.8428 -7.65424e-07
12.868 -6.07558e-07
12.8931 -4.41532e-07
12.9182 -2.70026e-07
12.9434 -9.57878e-08
12.9685 7.84121e-08
12.9936 2.49824e-07
13.0188 4.15761e-07
13.0439 5.73644e-07
13.069 7.21041e-07
13.0942 8.557e-07
13.1193 9.7559e-07
13.1444 1.07893e-06
13.1696 1.1642e-06
13.1947 1.23021e-06
13.2198 1.27604e-06
13.245 1.30113e-06
13.2701 1.30523e-06
13.2952 1.28845e-06
13.3204 1.25119e-06
13.3455 1.19421e-06
13.3706 1.11856e-06
13.3958 1.02557e-06
13.4209 9.16854e-07
13.446 7.94242e-07
13.4711 6.59783e-07
13.4963 5.15697e-07
13.5214 3.64339e-07
13.5465 2.08163e-07
13.5717 4.9681e-08
13.5968 -1.08577e-07
13.6219 -2.64101e-07
13.6471 -4.14445e-07
13.6722 -5.5726e-07
13.6973 -6.90333e-07
13.7225 -8.11623e-07
13.7476 -9.19289e-07
13.7727 -1.01172e-06
13.7979 -1.08755e-06
13.823 -1.14569e-06
13.8481 -1.18535e-06
13.8733 -1.20602e-06
13.8984 -1.20751e-06
13.9235 -1.18992e-06
13.9487 -1.15366e-06
13.9738 -1.09942e-06
13.9989 -1.0282e-06
14.0241 -9.41232e-07
14.0492 -8.4e-07
14.0743 -7.26202e-07
14.0995 -6.01725e-07
14.1246 -4.6861e-07
14.1497 -3.29021e-07
14.1749 -1.85212e-07
14.2 -3.94844e-08
14.2251 1.05842e-07
14.2503 2.48473e-07
14.2754 3.86169e-07
14.3005 5.16785e-07
14.3257 6.38305e-07
14.3508 7.48866e-07
14.3759 8.46795e-07
14.4011 9.30627e-07
14.4262 9.99131e-07
14.4513 1.05133e-06
14.4765 1.0865e-06
14.5016 1.10421e-06
14.5267 1.10429e-06
14.5519 1.08685e-06
14.577 1.0523e-06
14.6021 1.00129e-06
14.6273 9.34743e-07
14.6524 8.5381e-07
14.6775 7.59871e-07
14.7027 6.54497e-07
14.7278 5.39433e-07
14.7529 4.16562e-07
14.7781 2.87882e-07
14.8032 1.55466e-07
14.8283 2.14356e-08
14.8535 -1.12079e-07
14.8786 -2.42967e-07
14.9037 -3.69176e-07
14.9288 -4.88737e-07
14.954 -5.99803e-07
14.9791 -7.0067e-07
15.0042 -7.89809e-07
15.0294 -8.65885e-07
15.0545 -9.27778e-07
15.0796 -9.746e-07
15.1048 -1.00571e-06
15.1299 -1.02071e-06
15.155 -1.01947e-06
15.1802 -1.00211e-06
15.2053 -9.69008e-07
15.2304 -9.20791e-07
15.2556 -8.58316e-07
15.2807 -7.82661e-07
15.3058 -6.95105e-07
15.331 -5.9711e-07
15.3561 -4.9029e-07
15.3812 -3.76391e-07
15.4064 -2.57258e-07
15.4315 -1.34807e-07
15.4566 -1.09973e-08
15.4818 1.12206e-07
15.5069 2.3286e-07
15.532 3.4907e-07
15.5572 4.59028e-07
15.5823 5.61035e-07
15.6074 6.53527e-07
15.6326 7.351e-07
15.6577 8.04534e-07
15.6828 8.60805e-07
15.708 9.03106e-07
15.7331 9.30855e-07
15.7582 9.43702e-07
15.7834 9.41537e-07
15.8085 9.24487e-07
15.8336 8.92912e-07
15.8588 8.47402e-07
15.8839 7.88762e-07
15.909 7.17999e-07
15.9342 6.36306e-07
15.9593 5.45041e-07
15.9844 4.45706e-07
16.0096 3.39921e-07
16.0347 2.29397e-07
16.0598 1.15911e-07
16.085 1.27347e-09
16.1101 -1.12695e-07
16.1352 -2.24198e-07
16.1604 -3.31486e-07
16.1855 -4.3289e-07
16.2106 -5.26842e-07
16.2358 -6.11901e-07
16.2609 -6.86776e-07
16.286 -7.50344e-07
16.3111 -8.01669e-07
16.3363 -8.40012e-07
16.3614 -8.64845e-07
16.3865 -8.75855e-07
16.4117 -8.7295e-07
16.4368 -8.5626e-07
16.4619 -8.26129e-07
16.4871 -7.83114e-07
16.5122 -7.2797e-07
16.5373 -6.6164e-07
16.5625 -5.85239e-07
16.5876 -5.00033e-07
16.6127 -4.0742e-07
16.6379 -3.08908e-07
16.663 -2.06089e-07
16.6881 -1.00611e-07
16.7133 5.84216e-09
16.7384 1.11583e-07
16.7635 2.14945e-07
16.7887 3.14308e-07
16.8138 4.08126e-07
16.8389 4.94948e-07
16.8641 5.73443e-07
16.8892 6.42418e-07
16.9143 7.0084e-07
16.9395 7.47845e-07
16.9646 7.82758e-07
16.9897 8.05095e-07
17.0149 8.14576e-07
17.04 8.11126e-07
17.0651 7.94872e-07
17.0903 7.66145e-07
17.1154 7.25471e-07
17.1405 6.7356e-07
17.1657 6.11296e-07
17.1908 5.39722e-07
17.2159 4.60021e-07
17.2411 3.735e-07
17.2662 2.81563e-07
17.2913 1.85694e-07
17.3165 8.743e-08
17.3416 -1.16638e-08
17.3667 -1.10017e-07
17.3919 -2.0608e-07
17.417 -2.98348e-07
17.4421 -3.85385e-07
17.4673 -4.65845e-07
17.4924 -5.38493e-07
17.5175 -6.02227e-07
17.5427 -6.56089e-07
17.5678 -6.99283e-07
17.5929 -7.31186e-07
17.6181 -7.51357e-07
17.6432 -7.59543e-07
17.6683 -7.55681e-07
17.6934 -7.39898e-07
17.7186 -7.1251e-07
17.7437 -6.74013e-07
17.7688 -6.25077e-07
17.794 -5.66532e-07
17.8191 -4.99356e-07
17.8442 -4.24658e-07
17.8694 -3.43657e-07
17.8945 -2.57669e-07
17.9196 -1.68078e-07
17.9448 -7.632e-08
17.9699 1.61452e-08
17.995 1.07853e-07
18.0202 1.97359e-07
18.0453 2.83261e-07
18.0704 3.64223e-07
18.0956 4.38993e-07
18.1207 5.06423e-07
18.1458 5.65489e-07
18.171 6.15302e-07
18.1961 6.55125e-07
18.2212 6.84385e-07
18.2464 7.02675e-07
18.2715 7.09765e-07
18.2966 7.05604e-07
18.3218 6.90318e-07
18.3469 6.64207e-07
18.372 6.27742e-07
18.3972 5.81554e-07
18.4223 5.26424e-07
18.4474 4.6327e-07
18.4726 3.93132e-07
18.4977 3.17155e-07
18.5228 2.36569e-07
18.548 1.52671e-07
18.5731 6.6804e-08
18.5982 -1.96665e-08
18.6234 -1.05372e-07
18.6485 -1.88963e-07
18.6736 -2.6913e-07
18.6988 -3.44627e-07
18.7239 -4.14285e-07
18.749 -4.77035e-07
18.7742 -5.31923e-07
18.7993 -5.78123e-07
18.8244 -6.14951e-07
18.8496 -6.41874e-07
18.8747 -6.58519e-07
18.8998 -6.64677e-07
18.925 -6.60305e-07
18.9501 -6.45526e-07
18.9752 -6.20628e-07
19.0004 -5.86056e-07
19.0255 -5.42406e-07
19.0506 -4.90414e-07
19.0758 -4.30943e-07
19.1009 -3.64972e-07
19.126 -2.93575e-07
19.1511 -2.17907e-07
19.1763 -1.39185e-07
19.2014 -5.8666e-08
19.2265 2.23684e-08
19.2517 1.02637e-07
19.2768 1.80876e-07
19.3019 2.55861e-07
19.3271 3.26424e-07
19.3522 3.91476e-07
19.3773 4.50015e-07
19.4025 5.01152e-07
19.4276 5.44117e-07
19.4527 5.78273e-07
19.4779 6.03124e-07
19.503 6.18327e-07
19.5281 6.23689e-07
19.5533 6.19176e-07
19.5784 6.04907e-07
19.6035 5.81159e-07
19.6287 5.48352e-07
19.6538 5.07051e-07
19.6789 4.57949e-07
19.7041 4.0186e-07
19.7292 3.39705e-07
19.7543 2.72496e-07
19.7795 2.01317e-07
19.8046 1.27312e-07
19.8297 5.16643e-08
19.8549 -2.44255e-08
19.88 -9.97537e-08
19.9051 -1.73135e-07
19.9303 -2.43421e-07
19.9554 -3.09518e-07
19.9805 -3.70403e-07
20.0057 -4.25141e-07
20.0308 -4.72899e-07
20.0559 -5.12955e-07
20.0811 -5.44718e-07
20.1062 -5.67725e-07
20.1313 -5.81656e-07
20.1565 -5.86337e-07
20.1816 -5.81738e-07
20.2067 -5.67977e-07
20.2319 -5.45316e-07
20.257 -5.14155e-07
20.2821 -4.75029e-07
20.3073 -4.28593e-07
20.3324 -3.75615e-07
20.3575 -3.16964e-07
20.3827 -2.53591e-07
20.4078 -1.8652e-07
20.4329 -1.16828e-07
20.4581 -4.56264e-08
20.4832 2.59537e-08
20.5083 9.67808e-08
20.5334 1.65741e-07
20.5586 2.31755e-07
20.5837 2.93795e-07
20.6088 3.50901e-07
20.634 4.02196e-07
20.6591 4.46897e-07
20.6842 4.84332e-07
20.7094 5.13943e-07
20.7345 5.35302e-07
20.7596 5.48109e-07
20.7848 5.52204e-07
20.8099 5.47564e-07
20.835 5.34302e-07
20.8602 5.12669e-07
20.8853 4.83045e-07
20.9104 4.45937e-07
20.9356 4.01964e-07
20.9607 3.51854e-07
20.9858 2.96424e-07
21.011 2.36576e-07
21.0361 1.73274e-07
21.0612 1.07532e-07
21.0864 4.04006e-08
21.1115 -2.70556e-08
21.1366 -9.37706e-08
21.1618 -1.58695e-07
21.1869 -2.20813e-07
21.212 -2.79158e-07
21.2372 -3.32826e-07
21.2623 -3.80993e-07
21.2874 -4.22924e-07
21.3126 -4.57986e-07
21.3377 -4.85658e-07
21.3628 -5.05538e-07
21.388 -5.17348e-07
21.4131 -5.20938e-07
21.4382 -5.16291e-07
21.4634 -5.03517e-07
21.4885 -4.82855e-07
21.5136 -4.54667e-07
21.5388 -4.19433e-07
21.5639 -3.77741e-07
21.589 -3.30277e-07
21.6142 -2.77818e-07
21.6393 -2.21214e-07
21.6644 -1.61376e-07
21.6896 -9.92627e-08
21.7147 -3.58653e-08
21.7398 2.78106e-08
21.765 9.07592e-08
21.7901 1.51991e-07
21.8152 2.10547e-07
21.8404 2.65517e-07
21.8655 3.16049e-07
21.8906 3.61366e-07
21.9158 4.00777e-07
21.9409 4.33686e-07
21.966 4.59604e-07
21.9911 4.78153e-07
22.0163 4.89074e-07
22.0414 4.92229e-07
22.0665 4.87603e-07
22.0917 4.75303e-07
22.1168 4.55558e-07
22.1419 4.28712e-07
22.1671 3.95221e-07
22.1922 3.55643e-07
22.2173 3.10629e-07
22.2425 2.60913e-07
22.2676 2.07301e-07
22.2927 1.50654e-07
22.3179 9.18812e-08
22.343 3.1918e-08
22.3681 -2.82844e-08
22.3933 -8.77752e-08
22.4184 -1.45619e-07
22.4435 -2.00911e-07
22.4687 -2.52791e-07
22.4938 -3.00454e-07
22.5189 -3.43168e-07
22.5441 -3.8028e-07
22.5692 -4.1123e-07
22.5943 -4.35556e-07
22.6195 -4.52905e-07
22.6446 -4.63032e-07
22.6697 -4.65809e-07
22.6949 -4.61226e-07
22.72 -4.49385e-07
22.7451 -4.30505e-07
22.7703 -4.04916e-07
22.7954 -3.73048e-07
22.8205 -3.35433e-07
22.8457 -2.92689e-07
22.8708 -2.45511e-07
22.8959 -1.94664e-07
22.9211 -1.40964e-07
22.9462 -8.52718e-08
22.9713 -2.84735e-08
22.9965 2.85301e-08
23.0216 8.4839e-08
23.0467 1.39568e-07
23.0719 1.91861e-07
23.097 2.40904e-07
23.1221 2.85937e-07
23.1473 3.26266e-07
23.1724 3.61277e-07
23.1975 3.90439e-07
23.2227 4.13318e-07
23.2478 4.29579e-07
23.2729 4.38994e-07
23.2981 4.41444e-07
23.3232 4.3692e-07
23.3483 4.25522e-07
23.3734 4.0746e-07
23.3986 3.83046e-07
23.4237 3.52693e-07
23.4488 3.16904e-07
23.474 2.76267e-07
23.4991 2.31442e-07
23.5242 1.83155e-07
23.5494 1.32181e-07
23.5745 7.93359e-08
23.5996 2.54606e-08
23.6248 -2.85911e-08
23.6499 -8.19658e-08
23.675 -1.33825e-07
23.7002 -1.83356e-07
23.7253 -2.29789e-07
23.7504 -2.72404e-07
23.7756 -3.10545e-07
23.8007 -3.43629e-07
23.8258 -3.71156e-07
23.851 -3.92713e-07
23.8761 -4.07987e-07
23.9012 -4.16763e-07
23.9264 -4.18928e-07
23.9515 -4.14476e-07
23.9766 -4.03505e-07
24.0018 -3.86215e-07
24.0269 -3.62904e-07
24.052 -3.33964e-07
24.0772 -2.99876e-07
24.1023 -2.61198e-07
24.1274 -2.18558e-07
24.1526 -1.72646e-07
24.1777 -1.24198e-07
24.2028 -7.39896e-08
24.228 -2.2819e-08
24.2531 2.85029e-08
24.2782 7.91661e-08
24.3034 1.28374e-07
24.3285 1.75358e-07
24.3536 2.19385e-07
24.3788 2.59773e-07
24.4039 2.959e-07
24.429 3.27213e-07
24.4542 3.5324e-07
24.4793 3.73589e-07
24.5044 3.87965e-07
24.5296 3.96163e-07
24.5547 3.9808e-07
24.5798 3.93711e-07
24.605 3.8315e-07
24.6301 3.66589e-07
24.6552 3.44312e-07
24.6804 3.16694e-07
24.7055 2.84193e-07
24.7306 2.47339e-07
24.7558 2.06732e-07
24.7809 1.63026e-07
24.806 1.16924e-07
24.8311 6.91612e-08
24.8563 2.04981e-08
24.8814 -2.82946e-08
24.9065 -7.64472e-08
24.9317 -1.23203e-07
24.9568 -1.6783e-07
24.9819 -2.09634e-07
25.0071 -2.47966e-07
25.0322 -2.82236e-07
25.0573 -3.11919e-07
25.0825 -3.36566e-07
25.1076 -3.55809e-07
25.1327 -3.69364e-07
25.1579 -3.7704e-07
25.183 -3.78741e-07
25.2081 -3.74462e-07
25.2333 -3.64295e-07
25.2584 -3.48422e-07
25.2835 -3.27117e-07
25.3087 -3.00737e-07
25.3338 -2.69717e-07
25.3589 -2.34565e-07
25.3841 -1.95851e-07
25.4092 -1.54199e-07
25.4343 -1.10278e-07
25.4595 -6.4789e-08
25.4846 -1.84549e-08
25.5097 2.79903e-08
25.5349 7.3814e-08
25.56 1.18296e-07
25.5851 1.6074e-07
25.6103 2.00486e-07
25.6354 2.36916e-07
25.6605 2.6947e-07
25.6857 2.97649e-07
25.7108 3.21026e-07
