0 0.149869
0.0251327 0.148888
0.0502655 0.14595
0.0753982 0.141066
0.100531 0.134253
0.125664 0.125536
0.150796 0.114946
0.175929 0.102522
0.201062 0.0883082
0.226195 0.0723562
0.251327 0.0547231
0.27646 0.0354719
0.301593 0.0146712
0.326726 -0.00760532
0.351858 -0.0312789
0.376991 -0.0562665
0.402124 -0.0824807
0.427257 -0.109831
0.452389 -0.138222
0.477522 -0.167557
0.502655 -0.197736
0.527788 -0.228658
0.55292 -0.260219
0.578053 -0.292314
0.603186 -0.324838
0.628319 -0.357686
0.653451 -0.390751
0.678584 -0.423931
0.703717 -0.457119
0.728849 -0.490214
0.753982 -0.523116
0.779115 -0.555725
0.804248 -0.587947
0.82938 -0.619687
0.854513 -0.650857
0.879646 -0.681369
0.904779 -0.711142
0.929911 -0.740097
0.955044 -0.76816
0.980177 -0.795261
1.00531 -0.821336
1.03044 -0.846323
1.05558 -0.870169
1.08071 -0.892824
1.10584 -0.914241
1.13097 -0.934382
1.15611 -0.953212
1.18124 -0.970702
1.20637 -0.986828
1.2315 -1.00157
1.25664 -1.01492
1.28177 -1.02686
1.3069 -1.03739
1.33204 -1.04651
1.35717 -1.05423
1.3823 -1.06055
1.40743 -1.0655
1.43257 -1.06909
1.4577 -1.07133
1.48283 -1.07227
1.50796 -1.07192
1.5331 -1.07032
1.55823 -1.0675
1.58336 -1.0635
1.6085 -1.05837
1.63363 -1.05214
1.65876 -1.04486
1.68389 -1.03658
1.70903 -1.02733
1.73416 -1.01718
1.75929 -1.00618
1.78442 -0.994361
1.80956 -0.981789
1.83469 -0.968512
1.85982 -0.954581
1.88496 -0.940048
1.91009 -0.924964
1.93522 -0.909378
1.96035 -0.893342
1.98549 -0.876904
2.01062 -0.860112
2.03575 -0.843014
2.06088 -0.825654
2.08602 -0.808078
2.11115 -0.790327
2.13628 -0.772445
2.16142 -0.754469
2.18655 -0.73644
2.21168 -0.718392
2.23681 -0.700361
2.26195 -0.68238
2.28708 -0.664479
2.31221 -0.646688
2.33734 -0.629034
2.36248 -0.611543
2.38761 -0.594238
2.41274 -0.577141
2.43788 -0.560273
2.46301 -0.543651
2.48814 -0.527293
2.51327 -0.511214
2.53841 -0.495426
2.56354 -0.479942
2.58867 -0.464771
2.61381 -0.449924
2.63894 -0.435407
2.66407 -0.421227
2.6892 -0.407388
2.71434 -0.393894
2.73947 -0.380748
2.7646 -0.367951
2.78973 -0.355504
2.81487 -0.343407
2.84 -0.331657
2.86513 -0.320253
2.89027 -0.309193
2.9154 -0.298472
2.94053 -0.288087
2.96566 -0.278033
2.9908 -0.268305
3.01593 -0.258896
3.04106 -0.249802
3.06619 -0.241016
3.09133 -0.23253
3.11646 -0.224339
3.14159 -0.216434
3.16673 -0.208809
3.19186 -0.201457
3.21699 -0.194369
3.24212 -0.187538
3.26726 -0.180956
3.29239 -0.174616
3.31752 -0.168509
3.34265 -0.162629
3.36779 -0.156968
3.39292 -0.151518
3.41805 -0.146272
3.44319 -0.141222
3.46832 -0.136362
3.49345 -0.131684
3.51858 -0.127182
3.54372 -0.122848
3.56885 -0.118677
3.59398 -0.114662
3.61911 -0.110797
3.64425 -0.107075
3.66938 -0.103492
3.69451 -0.100042
3.71965 -0.0967182
3.74478 -0.0935167
3.76991 -0.0904322
3.79504 -0.0874599
3.82018 -0.0845951
3.84531 -0.0818334
3.87044 -0.0791707
3.89557 -0.0766027
3.92071 -0.0741258
3.94584 -0.071736
3.97097 -0.06943
3.99611 -0.0672043
4.02124 -0.0650557
4.04637 -0.0629812
4.0715 -0.0609777
4.09664 -0.0590425
4.12177 -0.057173
4.1469 -0.0553666
4.17204 -0.0536208
4.19717 -0.0519335
4.2223 -0.0503024
4.24743 -0.0487254
4.27257 -0.0472005
4.2977 -0.0457258
4.32283 -0.0442996
4.34796 -0.04292
4.3731 -0.0415854
4.39823 -0.0402942
4.42336 -0.039045
4.4485 -0.0378361
4.47363 -0.0366663
4.49876 -0.0355342
4.52389 -0.0344385
4.54903 -0.0333779
4.57416 -0.0323513
4.59929 -0.0313575
4.62442 -0.0303954
4.64956 -0.0294638
4.67469 -0.0285619
4.69982 -0.0276885
4.72496 -0.0268426
4.75009 -0.0260235
4.77522 -0.0252301
4.80035 -0.0244615
4.82549 -0.023717
4.85062 -0.0229957
4.87575 -0.0222969
4.90088 -0.0216197
4.92602 -0.0209634
4.95115 -0.0203274
4.97628 -0.0197109
5.00142 -0.0191134
5.02655 -0.0185341
5.05168 -0.0179724
5.07681 -0.0174279
5.10195 -0.0168998
5.12708 -0.0163878
5.15221 -0.0158912
5.17734 -0.0154097
5.20248 -0.0149426
5.22761 -0.0144897
5.25274 -0.0140503
5.27788 -0.0136242
5.30301 -0.013211
5.32814 -0.0128102
5.35327 -0.0124214
5.37841 -0.0120445
5.40354 -0.0116789
5.42867 -0.0113245
5.4538 -0.0109808
5.47894 -0.0106476
5.50407 -0.0103246
5.5292 -0.0100115
5.55434 -0.0097081
5.57947 -0.00941404
5.6046 -0.00912909
5.62973 -0.00885301
5.65487 -0.00858555
5.68 -0.00832646
5.70513 -0.00807551
5.73027 -0.00783246
5.7554 -0.00759707
5.78053 -0.00736913
5.80566 -0.0071484
5.8308 -0.00693466
5.85593 -0.0067277
5.88106 -0.00652728
5.90619 -0.00633321
5.93133 -0.00614526
5.95646 -0.00596324
5.98159 -0.00578692
6.00673 -0.00561613
6.03186 -0.00545064
6.05699 -0.00529029
6.08212 -0.00513487
6.10726 -0.0049842
6.13239 -0.00483811
6.15752 -0.00469643
6.18265 -0.00455899
6.20779 -0.00442562
6.23292 -0.00429619
6.25805 -0.00417054
6.28319 -0.00404853
6.30832 -0.00393003
6.33345 -0.00381491
6.35858 -0.00370307
6.38372 -0.00359438
6.40885 -0.00348874
6.43398 -0.00338606
6.45911 -0.00328624
6.48425 -0.00318921
6.50938 -0.00309488
6.53451 -0.00300318
6.55965 -0.00291404
6.58478 -0.0028274
6.60991 -0.0027432
6.63504 -0.00266139
6.66018 -0.00258192
6.68531 -0.00250474
6.71044 -0.0024298
6.73557 -0.00235706
6.76071 -0.00228649
6.78584 -0.00221803
6.81097 -0.00215166
6.83611 -0.00208732
6.86124 -0.00202498
6.88637 -0.00196461
6.9115 -0.00190615
6.93664 -0.00184957
6.96177 -0.00179483
6.9869 -0.00174187
7.01203 -0.00169065
7.03717 -0.00164114
7.0623 -0.00159327
7.08743 -0.00154699
7.11257 -0.00150226
7.1377 -0.00145902
7.16283 -0.00141722
7.18796 -0.0013768
7.2131 -0.0013377
7.23823 -0.00129988
7.26336 -0.00126327
7.28849 -0.00122782
7.31363 -0.00119348
7.33876 -0.00116018
7.36389 -0.00112789
7.38903 -0.00109654
7.41416 -0.00106608
7.43929 -0.00103648
7.46442 -0.00100767
7.48956 -0.000979635
7.51469 -0.000952317
7.53982 -0.000925684
7.56496 -0.000899704
7.59009 -0.000874345
7.61522 -0.000849581
7.64035 -0.000825388
7.66549 -0.000801745
7.69062 -0.000778636
7.71575 -0.000756044
7.74088 -0.00073396
7.76602 -0.000712375
7.79115 -0.000691281
7.81628 -0.000670677
7.84142 -0.000650559
7.86655 -0.000630927
7.89168 -0.000611783
7.91681 -0.000593129
7.94195 -0.000574969
7.96708 -0.000557306
7.99221 -0.000540145
8.01734 -0.000523488
8.04248 -0.00050734
8.06761 -0.000491703
8.09274 -0.000476579
8.11788 -0.000461968
8.14301 -0.00044787
8.16814 -0.000434283
8.19327 -0.000421201
8.21841 -0.000408621
8.24354 -0.000396533
8.26867 -0.000384929
8.2938 -0.000373796
8.31894 -0.000363122
8.34407 -0.000352891
8.3692 -0.000343086
8.39434 -0.00033369
8.41947 -0.000324682
8.4446 -0.000316041
8.46973 -0.000307746
8.49487 -0.000299774
8.52 -0.000292101
8.54513 -0.000284704
8.57026 -0.00027756
8.5954 -0.000270644
8.62053 -0.000263935
8.64566 -0.00025741
8.6708 -0.000251048
8.69593 -0.000244828
8.72106 -0.000238733
8.74619 -0.000232745
8.77133 -0.000226849
8.79646 -0.000221031
8.82159 -0.000215281
8.84672 -0.000209587
8.87186 -0.000203944
8.89699 -0.000198345
8.92212 -0.000192788
8.94726 -0.00018727
8.97239 -0.000181794
8.99752 -0.000176361
9.02265 -0.000170975
9.04779 -0.000165642
9.07292 -0.00016037
9.09805 -0.000155166
9.12319 -0.000150041
9.14832 -0.000145003
9.17345 -0.000140064
9.19858 -0.000135234
9.22372 -0.000130525
9.24885 -0.000125946
9.27398 -0.000121509
9.29911 -0.000117223
9.32425 -0.000113097
9.34938 -0.000109138
9.37451 -0.000105355
9.39965 -0.000101752
9.42478 -9.8333e-05
9.44991 -9.51011e-05
9.47504 -9.20572e-05
9.50018 -8.92005e-05
9.52531 -8.6529e-05
9.55044 -8.40387e-05
9.57557 -8.17243e-05
9.60071 -7.95788e-05
9.62584 -7.75938e-05
9.65097 -7.57598e-05
9.67611 -7.40657e-05
9.70124 -7.24999e-05
9.72637 -7.10496e-05
9.7515 -6.97013e-05
9.77664 -6.84412e-05
9.80177 -6.72551e-05
9.8269 -6.61287e-05
9.85203 -6.50479e-05
9.87717 -6.39988e-05
9.9023 -6.29681e-05
9.92743 -6.19431e-05
9.95257 -6.09119e-05
9.9777 -5.98638e-05
10.0028 -5.8789e-05
10.028 -5.76791e-05
10.0531 -5.65271e-05
10.0782 -5.53275e-05
10.1034 -5.4076e-05
10.1285 -5.27701e-05
10.1536 -5.14087e-05
10.1788 -4.99925e-05
10.2039 -4.85233e-05
10.229 -4.70044e-05
10.2542 -4.54407e-05
10.2793 -4.38381e-05
10.3044 -4.22035e-05
10.3296 -4.05452e-05
10.3547 -3.88718e-05
10.3798 -3.71929e-05
10.405 -3.55185e-05
10.4301 -3.38589e-05
10.4552 -3.22246e-05
10.4804 -3.06258e-05
10.5055 -2.90728e-05
10.5306 -2.75752e-05
10.5558 -2.61424e-05
10.5809 -2.47828e-05
10.606 -2.35039e-05
10.6311 -2.23125e-05
10.6563 -2.12142e-05
10.6814 -2.02133e-05
10.7065 -1.9313e-05
10.7317 -1.85151e-05
10.7568 -1.78202e-05
10.7819 -1.72276e-05
10.8071 -1.67351e-05
10.8322 -1.63394e-05
10.8573 -1.60359e-05
10.8825 -1.58189e-05
10.9076 -1.56817e-05
10.9327 -1.56164e-05
10.9579 -1.56148e-05
10.983 -1.56674e-05
11.0081 -1.57646e-05
11.0333 -1.58963e-05
11.0584 -1.60521e-05
11.0835 -1.62215e-05
11.1087 -1.63943e-05
11.1338 -1.65604e-05
11.1589 -1.67101e-05
11.1841 -1.68342e-05
11.2092 -1.69242e-05
11.2343 -1.69726e-05
11.2595 -1.69725e-05
11.2846 -1.69183e-05
11.3097 -1.68051e-05
11.3349 -1.66295e-05
11.36 -1.63892e-05
11.3851 -1.6083e-05
11.4103 -1.5711e-05
11.4354 -1.52743e-05
11.4605 -1.47755e-05
11.4857 -1.42181e-05
11.5108 -1.36065e-05
11.5359 -1.29464e-05
11.5611 -1.22441e-05
11.5862 -1.15067e-05
11.6113 -1.07418e-05
11.6365 -9.95783e-06
11.6616 -9.16322e-06
11.6867 -8.36679e-06
11.7119 -7.57736e-06
11.737 -6.80371e-06
11.7621 -6.05437e-06
11.7873 -5.33755e-06
11.8124 -4.66093e-06
11.8375 -4.03162e-06
11.8627 -3.45601e-06
11.8878 -2.93967e-06
11.9129 -2.48727e-06
11.9381 -2.10252e-06
11.9632 -1.78811e-06
11.9883 -1.54566e-06
12.0135 -1.37575e-06
12.0386 -1.27785e-06
12.0637 -1.25037e-06
12.0888 -1.2907e-06
12.114 -1.39525e-06
12.1391 -1.55949e-06
12.1642 -1.77807e-06
12.1894 -2.04485e-06
12.2145 -2.35309e-06
12.2396 -2.69545e-06
12.2648 -3.06421e-06
12.2899 -3.45133e-06
12.315 -3.8486e-06
12.3402 -4.24777e-06
12.3653 -4.64067e-06
12.3904 -5.01936e-06
12.4156 -5.37621e-06
12.4407 -5.70407e-06
12.4658 -5.99634e-06
12.491 -6.24707e-06
12.5161 -6.45108e-06
12.5412 -6.604e-06
12.5664 -6.70233e-06
12.5915 -6.74352e-06
12.6166 -6.72599e-06
12.6418 -6.64912e-06
12.6669 -6.51328e-06
12.692 -6.3198e-06
12.7172 -6.07096e-06
12.7423 -5.76992e-06
12.7674 -5.42069e-06
12.7926 -5.02803e-06
12.8177 -4.59739e-06
12.8428 -4.13481e-06
12.868 -3.6468e-06
12.8931 -3.14029e-06
12.9182 -2.62246e-06
12.9434 -2.10062e-06
12.9685 -1.58214e-06
12.9936 -1.07432e-06
13.0188 -5.84226e-07
13.0439 -1.18641e-07
13.069 3.16076e-07
13.0942 7.14078e-07
13.1193 1.07012e-06
13.1444 1.37963e-06
13.1696 1.6388e-06
13.1947 1.84462e-06
13.2198 1.99491e-06
13.245 2.08839e-06
13.2701 2.12466e-06
13.2952 2.10421e-06
13.3204 2.02839e-06
13.3455 1.89943e-06
13.3706 1.72033e-06
13.3958 1.49488e-06
13.4209 1.22754e-06
13.446 9.23384e-07
13.4711 5.88029e-07
13.4963 2.27518e-07
13.5214 -1.5176e-07
13.5465 -5.4318e-07
13.5717 -9.39988e-07
13.5968 -1.3354e-06
13.6219 -1.72273e-06
13.6471 -2.09546e-06
13.6722 -2.44738e-06
13.6973 -2.77266e-06
13.7225 -3.06592e-06
13.7476 -3.32238e-06
13.7727 -3.53785e-06
13.7979 -3.70884e-06
13.823 -3.83261e-06
13.8481 -3.90718e-06
13.8733 -3.93137e-06
13.8984 -3.90482e-06
13.9235 -3.828e-06
13.9487 -3.70215e-06
13.9738 -3.52931e-06
13.9989 -3.31223e-06
14.0241 -3.05439e-06
14.0492 -2.75985e-06
14.0743 -2.43326e-06
14.0995 -2.07975e-06
14.1246 -1.70484e-06
14.1497 -1.31436e-06
14.1749 -9.1434e-07
14.2 -5.1095e-07
14.2251 -1.10361e-07
14.2503 2.81332e-07
14.2754 6.58212e-07
14.3005 1.01463e-06
14.3257 1.34529e-06
14.3508 1.64534e-06
14.3759 1.91043e-06
14.4011 2.1368e-06
14.4262 2.32131e-06
14.4513 2.4615e-06
14.4765 2.55563e-06
14.5016 2.60269e-06
14.5267 2.60242e-06
14.5519 2.55528e-06
14.577 2.46251e-06
14.6021 2.32602e-06
14.6273 2.14841e-06
14.6524 1.93291e-06
14.6775 1.68331e-06
14.7027 1.40391e-06
14.7278 1.09948e-06
14.7529 7.75109e-07
14.7781 4.36188e-07
14.8032 8.82926e-08
14.8283 -2.62901e-07
14.8535 -6.11704e-07
14.8786 -9.52507e-07
14.9037 -1.27986e-06
14.9288 -1.58858e-06
14.954 -1.87381e-06
14.9791 -2.13108e-06
15.0042 -2.35641e-06
15.0294 -2.54636e-06
15.0545 -2.69806e-06
15.0796 -2.80927e-06
15.1048 -2.87841e-06
15.1299 -2.90457e-06
15.155 -2.88755e-06
15.1802 -2.82779e-06
15.2053 -2.72645e-06
15.2304 -2.58533e-06
15.2556 -2.40682e-06
15.2807 -2.19393e-06
15.3058 -1.95016e-06
15.331 -1.6795e-06
15.3561 -1.38634e-06
15.3812 -1.07539e-06
15.4064 -7.51608e-07
15.4315 -4.20138e-07
15.4566 -8.6209e-08
15.4818 2.44944e-07
15.5069 5.68159e-07
15.532 8.78433e-07
15.5572 1.171e-06
15.5823 1.44139e-06
15.6074 1.68552e-06
15.6326 1.89975e-06
15.6577 2.08093e-06
15.6828 2.22644e-06
15.708 2.33426e-06
15.7331 2.40295e-06
15.7582 2.43173e-06
15.7834 2.42041e-06
15.8085 2.36947e-06
15.8336 2.28e-06
15.8588 2.15368e-06
15.8839 1.99278e-06
15.909 1.80009e-06
15.9342 1.57888e-06
15.9593 1.33286e-06
15.9844 1.0661e-06
16.0096 7.82968e-07
16.0347 4.88075e-07
16.0598 1.8618e-07
16.085 -1.17874e-07
16.1101 -4.19243e-07
16.1352 -7.13153e-07
16.1604 -9.94979e-07
16.1855 -1.26032e-06
16.2106 -1.50505e-06
16.2358 -1.7254e-06
16.2609 -1.91803e-06
16.286 -2.08002e-06
16.3111 -2.20899e-06
16.3363 -2.30306e-06
16.3614 -2.36095e-06
16.3865 -2.38193e-06
16.4117 -2.36587e-06
16.4368 -2.31323e-06
16.4619 -2.22504e-06
16.4871 -2.10287e-06
16.5122 -1.94886e-06
16.5373 -1.76559e-06
16.5625 -1.55613e-06
16.5876 -1.32392e-06
16.6127 -1.07274e-06
16.6379 -8.06653e-07
16.663 -5.29942e-07
16.6881 -2.47023e-07
16.7133 3.7615e-08
16.7384 3.1948e-07
16.7635 5.94152e-07
16.7887 8.57346e-07
16.8138 1.10499e-06
16.8389 1.33327e-06
16.8641 1.53871e-06
16.8892 1.7182e-06
16.9143 1.86909e-06
16.9395 1.98916e-06
16.9646 2.0767e-06
16.9897 2.13054e-06
17.0149 2.15002e-06
17.04 2.13505e-06
17.0651 2.08607e-06
17.0903 2.00407e-06
17.1154 1.89053e-06
17.1405 1.74744e-06
17.1657 1.57724e-06
17.1908 1.38277e-06
17.2159 1.16727e-06
17.2411 9.34247e-07
17.2662 6.87503e-07
17.2913 4.31017e-07
17.3165 1.68901e-07
17.3416 -9.46664e-08
17.3667 -3.55508e-07
17.3919 -6.09514e-07
17.417 -8.52704e-07
17.4421 -1.08129e-06
17.4673 -1.29175e-06
17.4924 -1.48085e-06
17.5175 -1.64571e-06
17.5427 -1.78387e-06
17.5678 -1.89328e-06
17.5929 -1.97238e-06
17.6181 -2.02008e-06
17.6432 -2.03579e-06
17.6683 -2.01945e-06
17.6934 -1.97148e-06
17.7186 -1.89281e-06
17.7437 -1.78485e-06
17.7688 -1.64947e-06
17.794 -1.48893e-06
17.8191 -1.30593e-06
17.8442 -1.10345e-06
17.8694 -8.84814e-07
17.8945 -6.53545e-07
17.9196 -4.13363e-07
17.9448 -1.68104e-07
17.9699 7.83353e-08
17.995 3.22062e-07
18.0202 5.59247e-07
18.0453 7.86185e-07
18.0704 9.99353e-07
18.0956 1.19546e-06
18.1207 1.37152e-06
18.1458 1.52485e-06
18.171 1.65316e-06
18.1961 1.75457e-06
18.2212 1.82762e-06
18.2464 1.87132e-06
18.2715 1.88514e-06
18.2966 1.86901e-06
18.3218 1.82337e-06
18.3469 1.74909e-06
18.372 1.6475e-06
18.3972 1.52036e-06
18.4223 1.3698e-06
18.4474 1.19834e-06
18.4726 1.00879e-06
18.4977 8.04244e-07
18.5228 5.88012e-07
18.548 3.6357e-07
18.5731 1.34506e-07
18.5982 -9.55368e-08
18.6234 -3.22922e-07
18.6485 -5.44072e-07
18.6736 -7.55529e-07
18.6988 -9.54004e-07
18.7239 -1.13643e-06
18.749 -1.30002e-06
18.7742 -1.44227e-06
18.7993 -1.56107e-06
18.8244 -1.65465e-06
18.8496 -1.72167e-06
18.8747 -1.7612e-06
18.8998 -1.77278e-06
18.925 -1.75635e-06
18.9501 -1.71232e-06
18.9752 -1.64154e-06
19.0004 -1.54524e-06
19.0255 -1.4251e-06
19.0506 -1.28311e-06
19.0758 -1.12165e-06
19.1009 -9.43345e-07
19.126 -7.51106e-07
19.1511 -5.48035e-07
19.1763 -3.37391e-07
19.2014 -1.22537e-07
19.2265 9.31176e-08
19.2517 3.06165e-07
19.2768 5.13259e-07
19.3019 7.11161e-07
19.3271 8.96798e-07
19.3522 1.0673e-06
19.3773 1.22007e-06
19.4025 1.35276e-06
19.4276 1.46341e-06
19.4527 1.55037e-06
19.4779 1.61238e-06
19.503 1.64861e-06
19.5281 1.65861e-06
19.5533 1.64235e-06
19.5784 1.60023e-06
19.6035 1.53304e-06
19.6287 1.44196e-06
19.6538 1.32856e-06
19.6789 1.19474e-06
19.7041 1.04271e-06
19.7292 8.74963e-07
19.7543 6.94222e-07
19.7795 5.03406e-07
19.8046 3.05577e-07
19.8297 1.0389e-07
19.8549 -9.84513e-08
19.88 -2.98252e-07
19.9051 -4.92372e-07
19.9303 -6.77776e-07
19.9554 -8.51581e-07
19.9805 -1.0111e-06
20.0057 -1.1539e-06
20.0308 -1.27779e-06
20.0559 -1.38092e-06
20.0811 -1.46176e-06
20.1062 -1.51915e-06
20.1313 -1.5523e-06
20.1565 -1.5608e-06
20.1816 -1.54463e-06
20.2067 -1.50418e-06
20.2319 -1.4402e-06
20.257 -1.35382e-06
20.2821 -1.2465e-06
20.3073 -1.12004e-06
20.3324 -9.76532e-07
20.3575 -8.18318e-07
20.3827 -6.47966e-07
20.4078 -4.68222e-07
20.4329 -2.81966e-07
20.4581 -9.21688e-08
20.4832 9.81595e-08
20.5083 2.86014e-07
20.5334 4.68444e-07
20.5586 6.42597e-07
20.5837 8.05767e-07
20.6088 9.55433e-07
20.634 1.0893e-06
20.6591 1.20533e-06
20.6842 1.30178e-06
20.7094 1.37722e-06
20.7345 1.43056e-06
20.7596 1.46107e-06
20.7848 1.46837e-06
20.8099 1.45247e-06
20.835 1.41371e-06
20.8602 1.35283e-06
20.8853 1.27088e-06
20.9104 1.16926e-06
20.9356 1.04966e-06
20.9607 9.14065e-07
20.9858 7.64678e-07
21.011 6.03922e-07
21.0361 4.34389e-07
21.0612 2.58792e-07
21.0864 7.99299e-08
21.1115 -9.93602e-08
21.1366 -2.76249e-07
21.1618 -4.47957e-07
21.1869 -6.118e-07
21.212 -7.65231e-07
21.2372 -9.05879e-07
21.2623 -1.03158e-06
21.2874 -1.14043e-06
21.3126 -1.23079e-06
21.3377 -1.30131e-06
21.3628 -1.35098e-06
21.388 -1.37911e-06
21.4131 -1.38535e-06
21.4382 -1.36971e-06
21.4634 -1.33254e-06
21.4885 -1.27452e-06
21.5136 -1.19666e-06
21.5388 -1.10028e-06
21.5639 -9.86985e-07
21.589 -8.58643e-07
21.6142 -7.17346e-07
21.6393 -5.65379e-07
21.6644 -4.0519e-07
21.6896 -2.39341e-07
21.7147 -7.04737e-08
21.7398 9.87346e-08
21.765 2.65614e-07
21.7901 4.27544e-07
21.8152 5.81993e-07
21.8404 7.26559e-07
21.8655 8.59007e-07
21.8906 9.77304e-07
21.9158 1.07965e-06
21.9409 1.1645e-06
21.966 1.23059e-06
21.9911 1.27698e-06
22.0163 1.30301e-06
22.0414 1.30837e-06
22.0665 1.29306e-06
22.0917 1.25742e-06
22.1168 1.20211e-06
22.1419 1.12808e-06
22.1671 1.03658e-06
22.1922 9.29138e-07
22.2173 8.07518e-07
22.2425 6.737e-07
22.2676 5.29848e-07
22.2927 3.78277e-07
22.3179 2.2141e-07
22.343 6.17436e-08
22.3681 -9.81909e-08
22.3933 -2.55871e-07
22.4184 -4.08819e-07
22.4435 -5.54646e-07
22.4687 -6.91082e-07
22.4938 -8.16018e-07
22.5189 -9.27535e-07
22.5441 -1.02393e-06
22.5692 -1.10376e-06
22.5943 -1.16583e-06
22.6195 -1.20923e-06
22.6446 -1.23338e-06
22.6697 -1.23797e-06
22.6949 -1.22301e-06
22.72 -1.18883e-06
22.7451 -1.13605e-06
22.7703 -1.06558e-06
22.7954 -9.78606e-07
22.8205 -8.7658e-07
22.8457 -7.61171e-07
22.8708 -6.34257e-07
22.8959 -4.97889e-07
22.9211 -3.54259e-07
22.9462 -2.05662e-07
22.9713 -5.44623e-08
22.9965 9.69441e-08
23.0216 2.46169e-07
23.0467 3.9087e-07
23.0719 5.28785e-07
23.097 6.57767e-07
23.1221 7.75823e-07
23.1473 8.81137e-07
23.1724 9.72104e-07
23.1975 1.04735e-06
23.2227 1.10576e-06
23.2478 1.14648e-06
23.2729 1.16894e-06
23.2981 1.17287e-06
23.3232 1.15829e-06
23.3483 1.12551e-06
23.3734 1.07511e-06
23.3986 1.00797e-06
23.4237 9.25214e-07
23.4488 8.2822e-07
23.474 7.18574e-07
23.4991 5.98057e-07
23.5242 4.68617e-07
23.5494 3.32331e-07
23.5745 1.91377e-07
23.5996 4.79963e-08
23.6248 -9.55397e-08
23.6499 -2.36968e-07
23.675 -3.74067e-07
23.7002 -5.04694e-07
23.7253 -6.26816e-07
23.7504 -7.38545e-07
23.7756 -8.38161e-07
23.8007 -9.24145e-07
23.8258 -9.95198e-07
23.851 -1.05026e-06
23.8761 -1.08854e-06
23.9012 -1.10949e-06
23.9264 -1.11285e-06
23.9515 -1.09866e-06
23.9766 -1.0672e-06
24.0018 -1.01904e-06
24.0269 -9.55009e-07
24.052 -8.76184e-07
24.0772 -7.83868e-07
24.1023 -6.79571e-07
24.1274 -5.64987e-07
24.1526 -4.41965e-07
24.1777 -3.12478e-07
24.2028 -1.78595e-07
24.228 -4.24441e-08
24.2531 9.38192e-08
24.2782 2.28046e-07
24.3034 3.58129e-07
24.3285 4.82035e-07
24.3536 5.97835e-07
24.3788 7.03737e-07
24.4039 7.98111e-07
24.429 8.79518e-07
24.4542 9.46726e-07
24.4793 9.98733e-07
24.5044 1.03478e-06
24.5296 1.05437e-06
24.5547 1.05725e-06
24.5798 1.04345e-06
24.605 1.01326e-06
24.6301 9.67204e-07
24.6552 9.06088e-07
24.6804 8.3093e-07
24.7055 7.42972e-07
24.7306 6.43653e-07
24.7558 5.34583e-07
24.7809 4.17521e-07
24.806 2.94344e-07
24.8311 1.67018e-07
24.8563 3.75677e-08
24.8814 -9.19591e-08
24.9065 -2.1952e-07
24.9317 -3.43112e-07
24.9568 -4.60802e-07
24.9819 -5.7076e-07
25.0071 -6.71282e-07
25.0322 -7.60822e-07
25.0573 -8.38012e-07
25.0825 -9.01684e-07
25.1076 -9.50887e-07
25.1327 -9.84904e-07
25.1579 -1.00326e-06
25.183 -1.00572e-06
25.2081 -9.92322e-07
25.2333 -9.63328e-07
25.2584 -9.1926e-07
25.2835 -8.60872e-07
25.3087 -7.89141e-07
25.3338 -7.05249e-07
25.3589 -6.10566e-07
25.3841 -5.06628e-07
25.4092 -3.95109e-07
25.4343 -2.77796e-07
25.4595 -1.56561e-07
25.4846 -3.33297e-08
25.5097 8.9947e-08
25.5349 2.11326e-07
25.56 3.28902e-07
25.5851 4.40836e-07
25.6103 5.45386e-07
25.6354 6.40933e-07
25.6605 7.26005e-07
25.6857 7.99303e-07
25.7108 8.59716e-07
