0 -0.215974
0.0251327 -0.216625
0.0502655 -0.218573
0.0753982 -0.221813
0.100531 -0.226333
0.125664 -0.232116
0.150796 -0.239143
0.175929 -0.247387
0.201062 -0.25682
0.226195 -0.267409
0.251327 -0.279115
0.27646 -0.291898
0.301593 -0.305713
0.326726 -0.320511
0.351858 -0.33624
0.376991 -0.352847
0.402124 -0.370273
0.427257 -0.388458
0.452389 -0.407341
0.477522 -0.426856
0.502655 -0.446938
0.527788 -0.467519
0.55292 -0.488531
0.578053 -0.509903
0.603186 -0.531566
0.628319 -0.553448
0.653451 -0.57548
0.678584 -0.597589
0.703717 -0.619707
0.728849 -0.641764
0.753982 -0.663691
0.779115 -0.685421
0.804248 -0.70689
0.82938 -0.728032
0.854513 -0.748785
0.879646 -0.769091
0.904779 -0.788891
0.929911 -0.80813
0.955044 -0.826756
0.980177 -0.84472
1.00531 -0.861975
1.03044 -0.878477
1.05558 -0.894186
1.08071 -0.909065
1.10584 -0.923081
1.13097 -0.936202
1.15611 -0.948403
1.18124 -0.95966
1.20637 -0.969953
1.2315 -0.979265
1.25664 -0.987583
1.28177 -0.994898
1.3069 -1.0012
1.33204 -1.0065
1.35717 -1.01078
1.3823 -1.01405
1.40743 -1.01631
1.43257 -1.01759
1.4577 -1.01788
1.48283 -1.0172
1.50796 -1.01557
1.5331 -1.01301
1.55823 -1.00955
1.58336 -1.00519
1.6085 -0.999981
1.63363 -0.993936
1.65876 -0.987087
1.68389 -0.979466
1.70903 -0.971104
1.73416 -0.962034
1.75929 -0.95229
1.78442 -0.941907
1.80956 -0.93092
1.83469 -0.919365
1.85982 -0.907278
1.88496 -0.894697
1.91009 -0.881656
1.93522 -0.868194
1.96035 -0.854346
1.98549 -0.840148
2.01062 -0.825636
2.03575 -0.810845
2.06088 -0.79581
2.08602 -0.780563
2.11115 -0.765139
2.13628 -0.749569
2.16142 -0.733885
2.18655 -0.718116
2.21168 -0.702292
2.23681 -0.686441
2.26195 -0.670589
2.28708 -0.654762
2.31221 -0.638985
2.33734 -0.62328
2.36248 -0.607669
2.38761 -0.592174
2.41274 -0.576814
2.43788 -0.561606
2.46301 -0.546567
2.48814 -0.531714
2.51327 -0.51706
2.53841 -0.502618
2.56354 -0.488402
2.58867 -0.47442
2.61381 -0.460684
2.63894 -0.447201
2.66407 -0.433979
2.6892 -0.421025
2.71434 -0.408344
2.73947 -0.39594
2.7646 -0.383818
2.78973 -0.37198
2.81487 -0.360428
2.84 -0.349162
2.86513 -0.338185
2.89027 -0.327495
2.9154 -0.317092
2.94053 -0.306973
2.96566 -0.297138
2.9908 -0.287583
3.01593 -0.278306
3.04106 -0.269303
3.06619 -0.26057
3.09133 -0.252103
3.11646 -0.243898
3.14159 -0.23595
3.16673 -0.228254
3.19186 -0.220804
3.21699 -0.213595
3.24212 -0.206622
3.26726 -0.199879
3.29239 -0.19336
3.31752 -0.18706
3.34265 -0.180971
3.36779 -0.175089
3.39292 -0.169408
3.41805 -0.163921
3.44319 -0.158623
3.46832 -0.153507
3.49345 -0.148568
3.51858 -0.143801
3.54372 -0.139199
3.56885 -0.134757
3.59398 -0.130469
3.61911 -0.126331
3.64425 -0.122336
3.66938 -0.11848
3.69451 -0.114758
3.71965 -0.111164
3.74478 -0.107695
3.76991 -0.104345
3.79504 -0.101111
3.82018 -0.097987
3.84531 -0.0949699
3.87044 -0.0920555
3.89557 -0.0892398
3.92071 -0.0865192
3.94584 -0.08389
3.97097 -0.0813487
3.99611 -0.0788921
4.02124 -0.0765168
4.04637 -0.0742199
4.0715 -0.0719985
4.09664 -0.0698495
4.12177 -0.0677704
4.1469 -0.0657585
4.17204 -0.0638114
4.19717 -0.0619267
4.2223 -0.060102
4.24743 -0.0583352
4.27257 -0.0566241
4.2977 -0.0549669
4.32283 -0.0533614
4.34796 -0.051806
4.3731 -0.0502989
4.39823 -0.0488383
4.42336 -0.0474226
4.4485 -0.0460503
4.47363 -0.0447199
4.49876 -0.04343
4.52389 -0.0421792
4.54903 -0.0409661
4.57416 -0.0397896
4.59929 -0.0386483
4.62442 -0.0375413
4.64956 -0.0364672
4.67469 -0.0354251
4.69982 -0.0344138
4.72496 -0.0334325
4.75009 -0.0324801
4.77522 -0.0315557
4.80035 -0.0306585
4.82549 -0.0297875
4.85062 -0.0289419
4.87575 -0.028121
4.90088 -0.0273239
4.92602 -0.0265499
4.95115 -0.0257984
4.97628 -0.0250685
5.00142 -0.0243597
5.02655 -0.0236713
5.05168 -0.0230027
5.07681 -0.0223532
5.10195 -0.0217224
5.12708 -0.0211096
5.15221 -0.0205143
5.17734 -0.019936
5.20248 -0.0193742
5.22761 -0.0188284
5.25274 -0.0182981
5.27788 -0.017783
5.30301 -0.0172825
5.32814 -0.0167962
5.35327 -0.0163238
5.37841 -0.0158648
5.40354 -0.0154189
5.42867 -0.0149857
5.4538 -0.0145648
5.47894 -0.0141559
5.50407 -0.0137587
5.5292 -0.0133728
5.55434 -0.0129979
5.57947 -0.0126338
5.6046 -0.0122801
5.62973 -0.0119365
5.65487 -0.0116027
5.68 -0.0112785
5.70513 -0.0109637
5.73027 -0.0106578
5.7554 -0.0103608
5.78053 -0.0100722
5.80566 -0.00979201
5.8308 -0.00951983
5.85593 -0.00925546
5.88106 -0.00899869
5.90619 -0.00874928
5.93133 -0.00850702
5.95646 -0.0082717
5.98159 -0.0080431
6.00673 -0.00782104
6.03186 -0.0076053
6.05699 -0.00739569
6.08212 -0.00719204
6.10726 -0.00699415
6.13239 -0.00680185
6.15752 -0.00661497
6.18265 -0.00643334
6.20779 -0.0062568
6.23292 -0.00608519
6.25805 -0.00591837
6.28319 -0.00575618
6.30832 -0.00559849
6.33345 -0.00544515
6.35858 -0.00529605
6.38372 -0.00515105
6.40885 -0.00501003
6.43398 -0.00487288
6.45911 -0.00473949
6.48425 -0.00460974
6.50938 -0.00448355
6.53451 -0.0043608
6.55965 -0.00424141
6.58478 -0.00412529
6.60991 -0.00401234
6.63504 -0.00390248
6.66018 -0.00379565
6.68531 -0.00369174
6.71044 -0.0035907
6.73557 -0.00349245
6.76071 -0.00339692
6.78584 -0.00330404
6.81097 -0.00321375
6.83611 -0.00312598
6.86124 -0.00304066
6.88637 -0.00295774
6.9115 -0.00287715
6.93664 -0.00279884
6.96177 -0.00272274
6.9869 -0.00264879
7.01203 -0.00257695
7.03717 -0.00250715
7.0623 -0.00243933
7.08743 -0.00237345
7.11257 -0.00230943
7.1377 -0.00224724
7.16283 -0.00218681
7.18796 -0.0021281
7.2131 -0.00207104
7.23823 -0.00201559
7.26336 -0.0019617
7.28849 -0.00190931
7.31363 -0.00185838
7.33876 -0.00180886
7.36389 -0.00176069
7.38903 -0.00171385
7.41416 -0.00166827
7.43929 -0.00162392
7.46442 -0.00158076
7.48956 -0.00153875
7.51469 -0.00149785
7.53982 -0.00145802
7.56496 -0.00141923
7.59009 -0.00138144
7.61522 -0.00134463
7.64035 -0.00130876
7.66549 -0.00127381
7.69062 -0.00123976
7.71575 -0.00120657
7.74088 -0.00117422
7.76602 -0.0011427
7.79115 -0.00111198
7.81628 -0.00108205
7.84142 -0.00105288
7.86655 -0.00102447
7.89168 -0.000996793
7.91681 -0.00096984
7.94195 -0.000943596
7.96708 -0.000918048
7.99221 -0.000893185
8.01734 -0.000868993
8.04248 -0.000845461
8.06761 -0.000822578
8.09274 -0.000800331
8.11788 -0.00077871
8.14301 -0.000757702
8.16814 -0.000737296
8.19327 -0.000717478
8.21841 -0.000698237
8.24354 -0.000679559
8.26867 -0.000661431
8.2938 -0.000643839
8.31894 -0.000626768
8.34407 -0.000610205
8.3692 -0.000594133
8.39434 -0.000578538
8.41947 -0.000563404
8.4446 -0.000548715
8.46973 -0.000534455
8.49487 -0.000520608
8.52 -0.000507157
8.54513 -0.000494087
8.57026 -0.000481382
8.5954 -0.000469026
8.62053 -0.000457003
8.64566 -0.0004453
8.6708 -0.000433901
8.69593 -0.000422793
8.72106 -0.000411962
8.74619 -0.000401396
8.77133 -0.000391084
8.79646 -0.000381014
8.82159 -0.000371177
8.84672 -0.000361563
8.87186 -0.000352165
8.89699 -0.000342974
8.92212 -0.000333985
8.94726 -0.000325191
8.97239 -0.000316589
8.99752 -0.000308173
9.02265 -0.000299942
9.04779 -0.000291893
9.07292 -0.000284023
9.09805 -0.000276331
9.12319 -0.000268817
9.14832 -0.000261481
9.17345 -0.000254322
9.19858 -0.00024734
9.22372 -0.000240536
9.24885 -0.00023391
9.27398 -0.000227462
9.29911 -0.000221194
9.32425 -0.000215104
9.34938 -0.000209193
9.37451 -0.00020346
9.39965 -0.000197904
9.42478 -0.000192524
9.44991 -0.000187318
9.47504 -0.000182285
9.50018 -0.00017742
9.52531 -0.000172722
9.55044 -0.000168186
9.57557 -0.000163807
9.60071 -0.000159582
9.62584 -0.000155504
9.65097 -0.000151569
9.67611 -0.000147769
9.70124 -0.000144099
9.72637 -0.000140552
9.7515 -0.000137122
9.77664 -0.0001338
9.80177 -0.00013058
9.8269 -0.000127455
9.85203 -0.000124418
9.87717 -0.000121461
9.9023 -0.000118579
9.92743 -0.000115765
9.95257 -0.000113012
9.9777 -0.000110315
10.0028 -0.00010767
10.028 -0.00010507
10.0531 -0.000102512
10.0782 -9.99926e-05
10.1034 -9.75081e-05
10.1285 -9.50562e-05
10.1536 -9.26352e-05
10.1788 -9.02436e-05
10.2039 -8.78807e-05
10.229 -8.55465e-05
10.2542 -8.32412e-05
10.2793 -8.09658e-05
10.3044 -7.87215e-05
10.3296 -7.65101e-05
10.3547 -7.43336e-05
10.3798 -7.21943e-05
10.405 -7.00949e-05
10.4301 -6.8038e-05
10.4552 -6.60264e-05
10.4804 -6.4063e-05
10.5055 -6.21506e-05
10.5306 -6.02918e-05
10.5558 -5.84892e-05
10.5809 -5.67452e-05
10.606 -5.50616e-05
10.6311 -5.34403e-05
10.6563 -5.18826e-05
10.6814 -5.03893e-05
10.7065 -4.89611e-05
10.7317 -4.75981e-05
10.7568 -4.62997e-05
10.7819 -4.50651e-05
10.8071 -4.38932e-05
10.8322 -4.27819e-05
10.8573 -4.17293e-05
10.8825 -4.07326e-05
10.9076 -3.97889e-05
10.9327 -3.88949e-05
10.9579 -3.80468e-05
10.983 -3.7241e-05
11.0081 -3.64733e-05
11.0333 -3.57395e-05
11.0584 -3.50353e-05
11.0835 -3.43564e-05
11.1087 -3.36985e-05
11.1338 -3.30575e-05
11.1589 -3.24292e-05
11.1841 -3.18099e-05
11.2092 -3.11959e-05
11.2343 -3.05839e-05
11.2595 -2.99709e-05
11.2846 -2.93544e-05
11.3097 -2.87321e-05
11.3349 -2.81021e-05
11.36 -2.74633e-05
11.3851 -2.68146e-05
11.4103 -2.61557e-05
11.4354 -2.54864e-05
11.4605 -2.48073e-05
11.4857 -2.41193e-05
11.5108 -2.34234e-05
11.5359 -2.27214e-05
11.5611 -2.20153e-05
11.5862 -2.13071e-05
11.6113 -2.05995e-05
11.6365 -1.9895e-05
11.6616 -1.91966e-05
11.6867 -1.85071e-05
11.7119 -1.78295e-05
11.737 -1.71667e-05
11.7621 -1.65217e-05
11.7873 -1.58972e-05
11.8124 -1.52959e-05
11.8375 -1.47201e-05
11.8627 -1.41721e-05
11.8878 -1.36537e-05
11.9129 -1.31666e-05
11.9381 -1.27119e-05
11.9632 -1.22905e-05
11.9883 -1.1903e-05
12.0135 -1.15493e-05
12.0386 -1.12293e-05
12.0637 -1.09423e-05
12.0888 -1.06871e-05
12.114 -1.04625e-05
12.1391 -1.02667e-05
12.1642 -1.00975e-05
12.1894 -9.9527e-06
12.2145 -9.82969e-06
12.2396 -9.72569e-06
12.2648 -9.63774e-06
12.2899 -9.56278e-06
12.315 -9.49767e-06
12.3402 -9.43927e-06
12.3653 -9.38442e-06
12.3904 -9.33008e-06
12.4156 -9.27329e-06
12.4407 -9.21127e-06
12.4658 -9.14143e-06
12.491 -9.06141e-06
12.5161 -8.96914e-06
12.5412 -8.86283e-06
12.5664 -8.74103e-06
12.5915 -8.6026e-06
12.6166 -8.44678e-06
12.6418 -8.27316e-06
12.6669 -8.0817e-06
12.692 -7.87271e-06
12.7172 -7.64684e-06
12.7423 -7.4051e-06
12.7674 -7.1488e-06
12.7926 -6.87952e-06
12.8177 -6.59913e-06
12.8428 -6.3097e-06
12.868 -6.01352e-06
12.8931 -5.713e-06
12.9182 -5.41067e-06
12.9434 -5.10914e-06
12.9685 -4.81103e-06
12.9936 -4.51896e-06
13.0188 -4.23545e-06
13.0439 -3.96297e-06
13.069 -3.7038e-06
13.0942 -3.46007e-06
13.1193 -3.2337e-06
13.1444 -3.02634e-06
13.1696 -2.83941e-06
13.1947 -2.67402e-06
13.2198 -2.53097e-06
13.245 -2.41075e-06
13.2701 -2.31352e-06
13.2952 -2.23914e-06
13.3204 -2.18711e-06
13.3455 -2.15665e-06
13.3706 -2.14666e-06
13.3958 -2.15578e-06
13.4209 -2.18237e-06
13.446 -2.22458e-06
13.4711 -2.28034e-06
13.4963 -2.34744e-06
13.5214 -2.42351e-06
13.5465 -2.50609e-06
13.5717 -2.5927e-06
13.5968 -2.68079e-06
13.6219 -2.76787e-06
13.6471 -2.8515e-06
13.6722 -2.92933e-06
13.6973 -2.99918e-06
13.7225 -3.05899e-06
13.7476 -3.10692e-06
13.7727 -3.14137e-06
13.7979 -3.16097e-06
13.823 -3.16462e-06
13.8481 -3.15151e-06
13.8733 -3.12111e-06
13.8984 -3.07321e-06
13.9235 -3.00787e-06
13.9487 -2.92547e-06
13.9738 -2.82668e-06
13.9989 -2.71242e-06
14.0241 -2.58388e-06
14.0492 -2.44249e-06
14.0743 -2.2899e-06
14.0995 -2.12792e-06
14.1246 -1.95852e-06
14.1497 -1.7838e-06
14.1749 -1.60595e-06
14.2 -1.42719e-06
14.2251 -1.24977e-06
14.2503 -1.07591e-06
14.2754 -9.07791e-07
14.3005 -7.47475e-07
14.3257 -5.96921e-07
14.3508 -4.57925e-07
14.3759 -3.32105e-07
14.4011 -2.20872e-07
14.4262 -1.25407e-07
14.4513 -4.66472e-08
14.4765 1.47277e-08
14.5016 5.83074e-08
14.5267 8.39539e-08
14.5519 9.18029e-08
14.577 8.22599e-08
14.6021 5.59923e-08
14.6273 1.39172e-08
14.6524 -4.28141e-08
14.6775 -1.12836e-07
14.7027 -1.94591e-07
14.7278 -2.86357e-07
14.7529 -3.8627e-07
14.7781 -4.92364e-07
14.8032 -6.02591e-07
14.8283 -7.14863e-07
14.8535 -8.2708e-07
14.8786 -9.37165e-07
14.9037 -1.0431e-06
14.9288 -1.14294e-06
14.954 -1.23487e-06
14.9791 -1.31721e-06
15.0042 -1.38847e-06
15.0294 -1.44731e-06
15.0545 -1.49265e-06
15.0796 -1.5236e-06
15.1048 -1.53952e-06
15.1299 -1.54004e-06
15.155 -1.525e-06
15.1802 -1.49453e-06
15.2053 -1.44899e-06
15.2304 -1.38899e-06
15.2556 -1.31535e-06
15.2807 -1.22914e-06
15.3058 -1.13159e-06
15.331 -1.02414e-06
15.3561 -9.08353e-07
15.3812 -7.85941e-07
15.4064 -6.58703e-07
15.4315 -5.28509e-07
15.4566 -3.97268e-07
15.4818 -2.669e-07
15.5069 -1.39301e-07
15.532 -1.63163e-08
15.5572 1.0029e-07
15.5823 2.08861e-07
15.6074 3.07874e-07
15.6326 3.95963e-07
15.6577 4.7194e-07
15.6828 5.34812e-07
15.708 5.83796e-07
15.7331 6.18329e-07
15.7582 6.3808e-07
15.7834 6.42946e-07
15.8085 6.3306e-07
15.8336 6.08784e-07
15.8588 5.70701e-07
15.8839 5.19605e-07
15.909 4.56492e-07
15.9342 3.82534e-07
15.9593 2.99069e-07
15.9844 2.07571e-07
16.0096 1.09632e-07
16.0347 6.93166e-09
16.0598 -9.87862e-08
16.085 -2.05744e-07
16.1101 -3.12156e-07
16.1352 -4.16261e-07
16.1604 -5.16345e-07
16.1855 -6.10769e-07
16.2106 -6.97998e-07
16.2358 -7.7662e-07
16.2609 -8.4537e-07
16.286 -9.03149e-07
16.3111 -9.49037e-07
16.3363 -9.82313e-07
16.3614 -1.00246e-06
16.3865 -1.00917e-06
16.4117 -1.00236e-06
16.4368 -9.82142e-07
16.4619 -9.48868e-07
16.4871 -9.03078e-07
16.5122 -8.45513e-07
16.5373 -7.77095e-07
16.5625 -6.98916e-07
16.5876 -6.12214e-07
16.6127 -5.1836e-07
16.6379 -4.18827e-07
16.663 -3.15172e-07
16.6881 -2.0901e-07
16.7133 -1.01985e-07
16.7384 4.25039e-09
16.7635 1.08068e-07
16.7887 2.07885e-07
16.8138 3.02188e-07
16.8389 3.89562e-07
16.8641 4.68705e-07
16.8892 5.38455e-07
16.9143 5.97802e-07
16.9395 6.45905e-07
16.9646 6.82105e-07
16.9897 7.05935e-07
17.0149 7.17123e-07
17.04 7.15598e-07
17.0651 7.01492e-07
17.0903 6.7513e-07
17.1154 6.37031e-07
17.1405 5.87893e-07
17.1657 5.28586e-07
17.1908 4.60133e-07
17.2159 3.83696e-07
17.2411 3.00555e-07
17.2662 2.12089e-07
17.2913 1.19752e-07
17.3165 2.50485e-08
17.3416 -7.04859e-08
17.3667 -1.65314e-07
17.3919 -2.57917e-07
17.417 -3.46822e-07
17.4421 -4.30624e-07
17.4673 -5.08005e-07
17.4924 -5.77758e-07
17.5175 -6.38802e-07
17.5427 -6.90202e-07
17.5678 -7.3118e-07
17.5929 -7.61127e-07
17.6181 -7.79613e-07
17.6432 -7.86392e-07
17.6683 -7.81403e-07
17.6934 -7.64773e-07
17.7186 -7.36812e-07
17.7437 -6.98009e-07
17.7688 -6.49018e-07
17.794 -5.90656e-07
17.8191 -5.23879e-07
17.8442 -4.49774e-07
17.8694 -3.69537e-07
17.8945 -2.84455e-07
17.9196 -1.95883e-07
17.9448 -1.05227e-07
17.9699 -1.39159e-08
17.995 7.66168e-08
18.0202 1.64958e-07
18.0453 2.49737e-07
18.0704 3.29646e-07
18.0956 4.03461e-07
18.1207 4.70061e-07
18.1458 5.28444e-07
18.171 5.77743e-07
18.1961 6.17239e-07
18.2212 6.46372e-07
18.2464 6.64746e-07
18.2715 6.7214e-07
18.2966 6.68505e-07
18.3218 6.53967e-07
18.3469 6.28822e-07
18.372 5.93534e-07
18.3972 5.48722e-07
18.4223 4.95153e-07
18.4474 4.33727e-07
18.4726 3.65465e-07
18.4977 2.91487e-07
18.5228 2.13001e-07
18.548 1.31276e-07
18.5731 4.76281e-08
18.5982 -3.66061e-08
18.6234 -1.20086e-07
18.6485 -2.01492e-07
18.6736 -2.79541e-07
18.6988 -3.53014e-07
18.7239 -4.20768e-07
18.749 -4.81757e-07
18.7742 -5.35048e-07
18.7993 -5.79834e-07
18.8244 -6.15448e-07
18.8496 -6.41368e-07
18.8747 -6.57231e-07
18.8998 -6.62834e-07
18.925 -6.58136e-07
18.9501 -6.43261e-07
18.9752 -6.18491e-07
19.0004 -5.84263e-07
19.0255 -5.41163e-07
19.0506 -4.89912e-07
19.0758 -4.31357e-07
19.1009 -3.66455e-07
19.126 -2.96261e-07
19.1511 -2.21904e-07
19.1763 -1.44577e-07
19.2014 -6.55119e-08
19.2265 1.40387e-08
19.2517 9.28199e-08
19.2768 1.69595e-07
19.3019 2.43167e-07
19.3271 3.12393e-07
19.3522 3.76206e-07
19.3773 4.3363e-07
19.4025 4.83793e-07
19.4276 5.25943e-07
19.4527 5.59459e-07
19.4779 5.83859e-07
19.503 5.98805e-07
19.5281 6.04112e-07
19.5533 5.99748e-07
19.5784 5.85834e-07
19.6035 5.62638e-07
19.6287 5.30576e-07
19.6538 4.90202e-07
19.6789 4.42196e-07
19.7041 3.87357e-07
19.7292 3.26586e-07
19.7543 2.60874e-07
19.7795 1.91286e-07
19.8046 1.18941e-07
19.8297 4.49959e-08
19.8549 -2.93713e-08
19.88 -1.02983e-07
19.9051 -1.7468e-07
19.9303 -2.43337e-07
19.9554 -3.07885e-07
19.9805 -3.67323e-07
20.0057 -4.20737e-07
20.0308 -4.67312e-07
20.0559 -5.06344e-07
20.0811 -5.37253e-07
20.1062 -5.5959e-07
20.1313 -5.73042e-07
20.1565 -5.77439e-07
20.1816 -5.72755e-07
20.2067 -5.59106e-07
20.2319 -5.36751e-07
20.257 -5.06082e-07
20.2821 -4.67624e-07
20.3073 -4.22019e-07
20.3324 -3.7002e-07
20.3575 -3.12479e-07
20.3827 -2.50329e-07
20.4078 -1.84571e-07
20.4329 -1.1626e-07
20.4581 -4.64843e-08
20.4832 2.36483e-08
20.5083 9.30305e-08
20.5334 1.60572e-07
20.5586 2.25217e-07
20.5837 2.85961e-07
20.6088 3.41864e-07
20.634 3.92068e-07
20.6591 4.35809e-07
20.6842 4.72429e-07
20.7094 5.01385e-07
20.7345 5.22256e-07
20.7596 5.34753e-07
20.7848 5.3872e-07
20.8099 5.34135e-07
20.835 5.2111e-07
20.8602 4.99894e-07
20.8853 4.70859e-07
20.9104 4.34502e-07
20.9356 3.91432e-07
20.9607 3.42359e-07
20.9858 2.88088e-07
21.011 2.295e-07
21.0361 1.6754e-07
21.0612 1.03201e-07
21.0864 3.75117e-08
21.1115 -2.84856e-08
21.1366 -9.37475e-08
21.1618 -1.57247e-07
21.1869 -2.17991e-07
21.212 -2.75031e-07
21.2372 -3.27487e-07
21.2623 -3.7455e-07
21.2874 -4.15502e-07
21.3126 -4.49726e-07
21.3377 -4.76712e-07
21.3628 -4.96067e-07
21.388 -5.07521e-07
21.4131 -5.1093e-07
21.4382 -5.06275e-07
21.4634 -4.93668e-07
21.4885 -4.73343e-07
21.5136 -4.45656e-07
21.5388 -4.11077e-07
21.5639 -3.70183e-07
21.589 -3.23647e-07
21.6142 -2.7223e-07
21.6393 -2.16765e-07
21.6644 -1.58143e-07
21.6896 -9.73054e-08
21.7147 -3.52204e-08
21.7398 2.7127e-08
21.765 8.87523e-08
21.7901 1.48687e-07
21.8152 2.05993e-07
21.8404 2.5978e-07
21.8655 3.09213e-07
21.8906 3.53535e-07
21.9158 3.92068e-07
21.9409 4.24232e-07
21.966 4.49548e-07
21.9911 4.67647e-07
22.0163 4.78277e-07
22.0414 4.81304e-07
22.0665 4.76713e-07
22.0917 4.64613e-07
22.1168 4.45228e-07
22.1419 4.18895e-07
22.1671 3.86063e-07
22.1922 3.47277e-07
22.2173 3.03176e-07
22.2425 2.5448e-07
22.2676 2.01978e-07
22.2927 1.46514e-07
22.3179 8.89769e-08
22.343 3.02836e-08
22.3681 -2.8635e-08
22.3933 -8.68484e-08
22.4184 -1.43441e-07
22.4435 -1.97528e-07
22.4687 -2.48266e-07
22.4938 -2.9487e-07
22.5189 -3.36623e-07
22.5441 -3.72888e-07
22.5692 -4.03116e-07
22.5943 -4.26856e-07
22.6195 -4.43764e-07
22.6446 -4.53601e-07
22.6697 -4.56243e-07
22.6949 -4.51681e-07
22.72 -4.40017e-07
22.7451 -4.21465e-07
22.7703 -3.96349e-07
22.7954 -3.65093e-07
22.8205 -3.28216e-07
22.8457 -2.86325e-07
22.8708 -2.40101e-07
22.8959 -1.90292e-07
22.9211 -1.377e-07
22.9462 -8.31646e-08
22.9713 -2.75557e-08
22.9965 2.82457e-08
23.0216 8.33588e-08
23.0467 1.36917e-07
23.0719 1.88083e-07
23.097 2.3606e-07
23.1221 2.80105e-07
23.1473 3.1954e-07
23.1724 3.53764e-07
23.1975 3.82258e-07
23.2227 4.04597e-07
23.2478 4.20457e-07
23.2729 4.29614e-07
23.2981 4.31952e-07
23.3232 4.27464e-07
23.3483 4.16249e-07
23.3734 3.98513e-07
23.3986 3.74563e-07
23.4237 3.44803e-07
23.4488 3.09728e-07
23.474 2.69912e-07
23.4991 2.26004e-07
23.5242 1.78713e-07
23.5494 1.288e-07
23.5745 7.7062e-08
23.5996 2.43236e-08
23.6248 -2.85796e-08
23.6499 -8.08126e-08
23.675 -1.31555e-07
23.7002 -1.80011e-07
23.7253 -2.25428e-07
23.7504 -2.67102e-07
23.7756 -3.04391e-07
23.8007 -3.36725e-07
23.8258 -3.63615e-07
23.851 -3.8466e-07
23.8761 -3.99551e-07
23.9012 -4.0808e-07
23.9264 -4.10138e-07
23.9515 -4.0572e-07
23.9766 -3.94922e-07
24.0018 -3.77941e-07
24.0269 -3.5507e-07
24.052 -3.26693e-07
24.0772 -2.93281e-07
24.1023 -2.55382e-07
24.1274 -2.13611e-07
24.1526 -1.68642e-07
24.1777 -1.212e-07
24.2028 -7.204e-08
24.228 -2.1946e-08
24.2531 2.82889e-08
24.2782 7.78719e-08
24.3034 1.26024e-07
24.3285 1.71992e-07
24.3536 2.15059e-07
24.3788 2.54559e-07
24.4039 2.89882e-07
24.429 3.2049e-07
24.4542 3.45919e-07
24.4793 3.65788e-07
24.5044 3.79807e-07
24.5296 3.87779e-07
24.5547 3.89601e-07
24.5798 3.85272e-07
24.605 3.74882e-07
24.6301 3.58622e-07
24.6552 3.3677e-07
24.6804 3.09693e-07
24.7055 2.77841e-07
24.7306 2.41733e-07
24.7558 2.01957e-07
24.7809 1.59154e-07
24.806 1.14011e-07
24.8311 6.72498e-08
24.8563 1.96136e-08
24.8814 -2.8143e-08
24.9065 -7.52663e-08
24.9317 -1.21016e-07
24.9568 -1.64676e-07
24.9819 -2.05567e-07
25.0071 -2.43054e-07
25.0322 -2.76561e-07
25.0573 -3.05574e-07
25.0825 -3.29654e-07
25.1076 -3.4844e-07
25.1327 -3.61658e-07
25.1579 -3.69121e-07
25.183 -3.70734e-07
25.2081 -3.66495e-07
25.2333 -3.56493e-07
25.2584 -3.40909e-07
25.2835 -3.2001e-07
25.3087 -2.94147e-07
25.3338 -2.63747e-07
25.3589 -2.29306e-07
25.3841 -1.91384e-07
25.4092 -1.50593e-07
25.4343 -1.07586e-07
25.4595 -6.30494e-08
25.4846 -1.76925e-08
25.5097 2.7767e-08
25.5349 7.2612e-08
25.56 1.16138e-07
25.5851 1.57664e-07
25.6103 1.96542e-07
25.6354 2.32171e-07
25.6605 2.64001e-07
25.6857 2.91545e-07
25.7108 3.14385e-07
