0 -0.243465095383363 1.59716e-05
1 -0.243452331268421 2.89897e-05
2 -0.243110406817581 2.44694e-05
3 -0.243050346768479 2.50168e-05
4 -0.243035405808047 3.61219e-05
5 -0.242937983040028 5.27913e-05
6 -0.242932177018565 2.45175e-05
7 -0.242874309862291 2.6841e-05
8 -0.242785854307494 2.17494e-05
9 -0.242775242350339 1.66624e-05
10 -0.24265640032789 3.90643e-05
11 -0.242618981060056 9.83333e-06
12 -0.242614745547348 2.14045e-05
13 -0.242370633604496 2.52765e-05
14 -0.242270604161251 1.30286e-05
15 -0.242092244998589 9.51238e-06
16 -0.241893429205276 1.45215e-05
17 -0.241673786147723 2.39183e-05
18 -0.241649346452049 1.02002e-05
19 -0.24131249626896 3.07652e-05
20 -0.241306872617012 7.30814e-06
21 -0.241288089164541 1.03121e-05
22 -0.241272848050439 1.06253e-05
23 -0.241251916473494 1.77394e-05
24 -0.241122205266073 5.5055e-06
25 -0.240920952011354 1.20496e-05
26 -0.240826406736835 1.39847e-05
27 -0.240533121071126 2.46612e-05
28 -0.24053088241189 1.6494e-05
29 -0.240525718806145 1.63247e-05
30 -0.240339151868216 6.58431e-06
31 -0.240322387233456 1.57464e-05
32 -0.239858371126065 6.62142e-06
33 -0.239847129882831 3.63129e-05
34 -0.239637535423272 2.81099e-05
35 -0.239611982530621 4.62666e-06
36 -0.239456284831968 1.0443e-05
37 -0.239444167574452 2.16483e-05
38 -0.239328261091319 7.99618e-06
39 -0.2392327248046 1.10742e-05
40 -0.239207572090625 1.21049e-05
41 -0.239193759201931 4.02849e-05
42 -0.238385995239758 1.90482e-05
43 -0.238373678238386 1.15558e-05
44 -0.238052276765719 5.8571e-05
45 -0.237824199435922 9.82019e-05
46 -0.237803145675676 9.55701e-06
47 -0.237634000929825 5.54562e-05
48 -0.23722302731847 2.15293e-05
49 -0.237216852886411 0.000243211
50 -0.237156015436891 8.81686e-05
51 -0.237152235558978 0.000184816
52 -0.236605461881893 2.41729e-05
53 -0.23638662336402 3.59578e-05
54 -0.235801577934249 2.01446e-06
55 -0.235563597299407 6.88281e-06
56 -0.235533442115779 7.69258e-06
57 -0.235001486845309 1.15552e-05
58 -0.23450024288483 1.50814e-06
59 -0.234496562582097 1.74143e-06
60 -0.150589948730452 9.28711e-08
61 -0.138397879599378 7.93102e-08
62 -0.138330875305822 6.85393e-08
63 -0.137732966191052 7.65726e-08
64 -0.126552936453657 6.56962e-08
65 -0.126184509694819 7.30955e-08
66 -0.125999138508127 7.38275e-08
67 -0.124447742388208 7.17421e-08
68 -0.124307829293996 6.29315e-08
69 -0.120655967856857 5.74408e-08
70 -0.116179373279707 6.08717e-08
71 -0.114245161774252 3.91599e-08
72 -0.114200424797848 6.88549e-08
73 -0.112756282640334 3.53657e-08
74 -0.112091323600208 4.81774e-08
75 -0.111400220047494 4.61169e-08
76 -0.111275844310256 3.04074e-08
77 -0.106944180310584 2.83404e-08
78 -0.106882886572445 3.56102e-08
79 -0.10684708085869 6.82603e-08
80 -0.103027143503181 3.6166e-08
81 -0.102861320749339 4.67149e-08
82 -0.101442300514729 1.92674e-08
83 -0.101343421880559 3.08323e-08
84 -0.101146987494136 3.1747e-08
85 -0.100929171653193 6.45239e-09
86 -0.100486349490592 3.73459e-08
87 -0.100425332881072 3.32157e-08
88 -0.0983273055744831 2.19997e-08
89 -0.0970085252878747 2.82791e-08
90 -0.0954337897986008 6.74679e-08
91 -0.0954221103619996 1.39866e-07
92 -0.093710046153779 5.00667e-08
93 -0.0936609826514544 1.14761e-07
94 -0.0915103929427454 1.08969e-07
95 -0.0913823607217403 9.00161e-08
96 -0.0909020756895123 1.38539e-07
97 -0.0905088254428606 9.72151e-08
98 -0.0904435311203675 2.40018e-07
99 -0.0901013656532255 9.58584e-08
100 -0.0900107171691866 1.00747e-07
101 -0.0887305958075001 2.18553e-07
102 -0.0881699988869337 2.55602e-07
103 -0.0881261146742357 2.12825e-07
104 -0.087668946772457 1.82216e-07
105 -0.0875834283066606 2.3565e-07
106 -0.0866246724316933 4.01239e-07
107 -0.0863780835172106 3.61972e-07
108 -0.0850239660185121 8.05783e-07
109 -0.0843958299666278 7.85388e-07
110 -0.0843753809580989 3.35502e-07
111 -0.0835569558512716 7.83866e-07
112 -0.0825183783512904 6.4062e-07
113 -0.0824806313333497 3.74705e-06
114 -0.0823328129191164 4.51645e-07
115 -0.0809693579193204 6.61844e-06
116 -0.080941649021112 2.86004e-06
117 -0.0807997630266383 2.70503e-05
118 -0.080784461186922 1.45738e-05
119 -0.0801065709784814 3.8025e-06
