1248
Cd  0.04175539 -4.64260322  4.16616550
Cd  8.12389423 -4.64158277  4.16625999
Se  8.12389423 -4.64301896 -0.78395661
Cd  16.20602552 -4.64260322  4.16616550
Cd -3.99973734  2.35747097  4.16616550
Cd  4.08381124  2.35779222  4.16707257
Se  4.08284748  2.35722530 -0.78227853
Cd  12.16395832  2.35779222  4.16707257
Cd  8.12389423  0.02393508 -2.43404266
Se  12.16494098  2.35722530 -0.78227853
Cd  20.24746910  2.35747097  4.16616550
Cd  0.04221251  9.35627903  4.16625999
Se  0.04098419  9.35699713 -0.78395472
Cd  8.12389423  9.35540976  4.16707257
Cd  4.08267741  7.02352568 -2.43404266
Se  8.12389423  9.35652470 -0.78227853
Cd  16.20557198  9.35627903  4.16625999
Cd  12.16511105  7.02352568 -2.43404266
Se  16.20680030  9.35699713 -0.78395472
Cd  4.08239395  16.35612645  4.16616550
Cd  12.16537561  16.35612645  4.16616550
Se  0.04175879 -4.64260322  12.41665248
Cd  8.12389423 -4.64301896  17.36677081
Cd  4.08294197 -6.97751086  10.76635477
Se  8.12389423 -4.64158277  12.41657689
Se  4.08294197 -6.97751086  5.81648211
Cd  12.16484649 -6.97751086  10.76635477
Se  16.20602552 -4.64260322  12.41665248
Se  12.16484649 -6.97751086  5.81648211
Se -3.99973734  2.35747097  12.41665248
Cd  4.08284748  2.35722530  17.36510785
Cd  0.04245515  0.02451145  10.76607131
Se  4.08381124  2.35779222  12.41574541
Se  0.04245912  0.02451277  5.81674667
Cd  12.16494098  2.35722530  17.36510785
Cd  8.12389423  0.02493172  10.76561778
Se  12.16395832  2.35779222  12.41574541
Se  8.12389423  0.02493304  5.81720020
Cd  16.20532632  0.02451126  10.76607131
Se  20.24746910  2.35747097  12.41665248
Se  16.20532632  0.02451201  5.81674667
Cd  0.04097946  9.35699713  17.36677081
Cd -4.00123022  7.02467842  10.76635477
Se  0.04221648  9.35629793  12.41657689
Se -4.00123022  7.02467842  5.81648211
Cd  8.12389423  9.35652470  17.36510785
Cd  4.08352779  7.02303436  10.76561778
Se  8.12389423  9.35540976  12.41574541
Se  4.08354668  7.02303436  5.81720020
Cd  16.20680030  9.35699713  17.36677081
Cd  12.16424178  7.02303436  10.76561778
Se  16.20557198  9.35629793  12.41657689
Se  12.16424178  7.02303436  5.81720020
Cd  20.24898089  7.02467842  10.76635477
Se  20.24898089  7.02467842  5.81648211
Cd  0.03972374  14.02382664  10.76635477
Se  4.08239395  16.35612645  12.41665248
Se  0.03972828  14.02382664  5.81648211
Cd  8.12389423  14.02197471  10.76607131
Se  12.16537561  16.35612645  12.41665248
Se  8.12389423  14.02197471  5.81674667
Cd  16.20804752  14.02382664  10.76635477
Se  16.20806642  14.02382664  5.81648211
Se  8.12389423  0.02393584  19.01687954
Se  4.08267741  7.02352568  19.01687954
Se  12.16511105  7.02352568  19.01687954
Se  0.04204357 -4.64286778 -0.78470494
Se -4.00019087 -6.97796439  5.81634983
Cd  12.16444965 -6.97717071 -2.43574342
Cd  4.08331992 -6.97717071 -2.43574342
Se  16.20574206 -4.64286778 -0.78470494
Se  20.24803602 -6.97796439  5.81634983
Se -3.99981292  2.35784891 -0.78470494
Se -8.04318403  0.02472347  5.81634983
Cd  0.04207267  0.02429110 -2.43491194
Se  8.12389423  0.02372438 -7.38455783
Cd  16.20570426  0.02429073 -2.43491194
Se  20.24765808  2.35784891 -0.78470494
Se  24.29091580  0.02472196  5.81634983
Cd -4.00073889  7.02484849 -2.43574342
Cd  0.03981747  14.02331641 -2.43574342
Se  4.08248844  7.02363907 -7.38455783
Cd  8.12389423  14.02240934 -2.43491194
Se  12.16530002  7.02363907 -7.38455783
Cd  20.24860294  7.02484849 -2.43574342
Cd  16.20795304  14.02331641 -2.43574342
Se  4.08203490  16.35601307 -0.78470494
Se  4.08088217  21.02414649  5.81634983
Se  12.16575356  16.35601307 -0.78470494
Se  12.16690629  21.02414649  5.81634983
Cd -4.00019087 -6.97796439  10.76646816
Cd  0.04203960 -4.64286778  17.36752670
Se  4.08333881 -6.97717071  19.01858029
Se  12.16444965 -6.97717071  19.01858029
Se  4.08273410 -11.64600332  12.41697373
Cd  4.08273410 -11.64600332  4.16584425
Se  12.16505436 -11.64600332  12.41697373
Cd  20.24803602 -6.97796439  10.76646816
Cd  16.20574206 -4.64286778  17.36752670
Cd  12.16505436 -11.64600332  4.16584425
Cd -8.04318403  0.02472177  10.76646816
Cd -3.99983182  2.35784891  17.36752670
Se  0.04207588  0.02429205  19.01782440
Se  16.20570426  0.02429129  19.01782440
Cd  24.29091580  0.02472140  10.76646816
Cd  20.24765808  2.35784891  17.36752670
Se -4.00073889  7.02484849  19.01858029
Se  0.03982087  14.02331641  19.01858029
Se -8.04437456  9.35875457  12.41697373
Cd -8.04437456  9.35875457  4.16584425
Se  8.12389423  14.02240934  19.01782440
Se  20.24860294  7.02484849  19.01858029
Se  16.20797193  14.02331641  19.01858029
Se  24.29223861  9.35875457  12.41697373
Cd  24.29223861  9.35875457  4.16584425
Se -4.00321443  16.35824294  12.41697373
Cd  4.08088217  21.02414649  10.76646816
Cd  4.08201601  16.35601307  17.36752670
Cd -4.00321443  16.35824294  4.16584425
Cd  12.16688739  21.02414649  10.76646816
Cd  12.16575356  16.35601307  17.36752670
Se  20.25105958  16.35824294  12.41697373
Cd  20.25105958  16.35824294  4.16584425
Cd  8.12389423  0.02372305  23.96739471
Cd  4.08248844  7.02363907  23.96739471
Cd  12.16528113  7.02363907  23.96739471
Cd -3.99918932 -6.97652820 -2.43631033
Cd -4.00054992 -11.64615450  4.16618440
Cd -8.04250373 -4.64334021  4.16601433
Se  12.16414729 -6.97700063 -7.38591844
Se  12.16458193 -11.64590884 -0.78513579
Se  4.08364117 -6.97700063 -7.38591844
Se  4.08318764 -11.64590884 -0.78513579
Cd  20.24690219 -6.97652820 -2.43631033
Cd  20.24841397 -11.64615450  4.16618440
Cd  24.29034888 -4.64334021  4.16601433
Cd -8.04144549  0.02485632 -2.43631033
Cd -12.08613940  2.35849142  4.16618440
Se  0.04229528  0.02441828 -7.38518144
Cd  8.12389423 -4.64245204 -9.03721770
Cd  4.08341440  2.35756545 -9.03670747
Cd  12.16437406  2.35756545 -9.03670747
Se  16.20549639  0.02441734 -7.38518144
Cd  24.28921505  0.02485575 -2.43631033
Cd  28.33398455  2.35849142  4.16618440
Se -4.00043653  7.02501857 -7.38591844
Se -8.04405331  9.35911362 -0.78513579
Se  0.03982163  14.02295736 -7.38591844
Se -4.00334671  16.35778941 -0.78513579
Cd  0.04145945  9.35673257 -9.03721770
Cd  8.12389423  9.35588219 -9.03670747
Se  8.12389423  14.02216368 -7.38518144
Cd  16.20632787  9.35671367 -9.03721770
Se  20.24822500  7.02501857 -7.38591844
Se  24.29186067  9.35911362 -0.78513579
Se  16.20797193  14.02295736 -7.38591844
Se  20.25105958  16.35778941 -0.78513579
Cd  4.08163806  21.02263471 -2.43631033
Cd  0.03829719  23.35871397  4.16618440
Cd  8.12389423  23.35758014  4.16601433
Cd  12.16613150  21.02263471 -2.43631033
Cd  16.20948371  23.35871397  4.16618440
Se -4.00054992 -11.64615450  12.41663358
Se -8.04250373 -4.64334021  12.41680366
Se -3.99918932 -6.97652820  19.01914721
Cd  4.08318764 -11.64590884  17.36796134
Cd  4.08362227 -6.97700063  23.96871752
Cd  12.16458193 -11.64590884  17.36796134
Cd  12.16414729 -6.97700063  23.96871752
Cd  8.12389423 -13.98225266  10.76654374
Cd  0.04102179 -13.98136449  10.76652485
Se  0.04102463 -13.98136449  5.81631203
Se  8.12389423 -13.98225266  5.81629313
Cd  16.20676251 -13.98136449  10.76652485
Se  20.24841397 -11.64615450  12.41663358
Se  24.29034888 -4.64334021  12.41680366
Se  20.24690219 -6.97652820  19.01914721
Se  16.20676251 -13.98136449  5.81631203
Se -12.08613940  2.35851031  12.41663358
Se -8.04144549  0.02485727  19.01914721
Cd  0.04229093  0.02441658  23.96796163
Cd  16.20549639  0.02441658  23.96796163
Se  28.33398455  2.35849142  12.41663358
Se  24.28921505  0.02485613  19.01914721
Cd -8.04405331  9.35909473  17.36796134
Cd -4.00043653  7.02501857  23.96871752
Cd -4.00336561  16.35778941  17.36796134
Cd  0.03981747  14.02295736  23.96871752
Cd -12.08770787  7.02620910  10.76652485
Cd -8.04703907  14.02662343  10.76654374
Se -12.08770787  7.02620910  5.81631203
Se -8.04703907  14.02662343  5.81629313
Cd  8.12389423  14.02216368  23.96796163
Cd  24.29186067  9.35909473  17.36796134
Cd  20.24822500  7.02501857  23.96871752
Cd  20.25105958  16.35778941  17.36796134
Cd  16.20797193  14.02295736  23.96871752
Cd  28.33549634  7.02620910  10.76652485
Cd  24.29488423  14.02662343  10.76654374
Se  28.33549634  7.02620910  5.81631203
Se  24.29488423  14.02662343  5.81629313
Cd -4.00483960  21.02622518  10.76652485
Se  8.12389423  23.35758014  12.41680366
Se  0.03830002  23.35871397  12.41663358
Se  4.08163806  21.02263471  19.01914721
Se -4.00483960  21.02622518  5.81631203
Se  16.20948371  23.35871397  12.41663358
Se  12.16613150  21.02263471  19.01914721
Cd  20.25257136  21.02622518  10.76652485
Se  20.25257136  21.02622518  5.81631203
Se  8.12389423 -4.64245204  25.61996009
Se  12.16437406  2.35756545  25.61958214
Se  4.08341440  2.35756545  25.61958214
Se  8.12389423  9.35588219  25.61958214
Se  0.04146210  9.35673257  25.61996009
Se  16.20632787  9.35671367  25.61996009
Se -3.99750746 -6.97492193 -7.38659874
Se -3.99892475 -11.64458603 -0.78445927
Se -8.04076518 -4.64233866 -0.78499973
Se -8.04273050 -13.98038184  5.81670887
Se -12.08536461 -6.97749196  5.81657659
Cd  12.16386383 -11.64301756 -9.03821925
Cd  16.20392792 -4.64182843 -9.03789800
Cd  16.20602552 -13.98045743 -2.43587570
Cd  8.12389423 -13.98187472 -2.43589459
Cd  4.08392463 -11.64301756 -9.03821925
Cd  0.04384202 -4.64182843 -9.03789800
Cd  0.04175916 -13.98045743 -2.43587570
Se  20.24520143 -6.97492193 -7.38659874
Se  20.24671321 -11.64458603 -0.78445927
Se  24.28864813 -4.64233866 -0.78499973
Se  24.29053786 -13.98038184  5.81670887
Se  28.33322866 -6.97749196  5.81657659
Se -8.03919671  0.02551791 -7.38659874
Se -12.08396622  2.35913392 -0.78445927
Se -16.12873572  0.02498426  5.81670887
Cd -3.99801768  2.35888826 -9.03789800
Se  8.12389423 -4.64220638 -13.98839427
Se  4.08369786  2.35771663 -13.98812971
Se  12.16409060  2.35771663 -13.98812971
Cd  20.24576835  2.35888826 -9.03789800
Se  24.28694738  0.02551640 -7.38659874
Se  28.33171688  2.35911503 -0.78445927
Se  32.37648639  0.02498274  5.81670887
Cd -8.04119982  9.35830104 -9.03821925
Cd -12.08655514  7.02639807 -2.43587570
Cd -8.04669892  14.02643446 -2.43589459
Cd -4.00123022  16.35572961 -9.03821925
Cd  4.08203490  16.35393437 -9.03789800
Cd -4.00442386  21.02509135 -2.43587570
Se  0.04167186  9.35660029 -13.98839427
Se  8.12389423  9.35556094 -13.98812971
Cd  12.16575356  16.35393437 -9.03789800
Se  16.20612000  9.35660029 -13.98839427
Cd  24.28902608  9.35830104 -9.03821925
Cd  28.33436250  7.02639807 -2.43587570
Cd  24.29450628  14.02643446 -2.43589459
Cd  20.24898089  16.35572961 -9.03821925
Cd  20.25219342  21.02509135 -2.43587570
Se  4.08218608  21.02036703 -7.38659874
Se  8.12389423  23.35569041 -0.78499973
Se  0.03884823  23.35644630 -0.78445927
Se  0.03788863  28.02633716  5.81670887
Se  8.12389423  28.02595922  5.81657659
Se  12.16560238  21.02036703 -7.38659874
Se  16.20893569  23.35644630 -0.78445927
Se  16.20989945  28.02633716  5.81670887
Cd -8.04273050 -13.98038184  10.76610911
Cd -3.99892475 -11.64458603  17.36728103
Cd -12.08536461 -6.97749196  10.76624139
Cd -8.04076518 -4.64233866  17.36782905
Cd -3.99750746 -6.97492193  23.96947341
Se  0.04176124 -13.98045743  19.01876927
Se  8.12389423 -13.98187472  19.01876927
Se  4.08392463 -11.64301756  25.62109393
Se  0.04384410 -4.64182843  25.62071598
Se  16.20602552 -13.98045743  19.01876927
Se  12.16386383 -11.64301756  25.62109393
Se  16.20394682 -4.64182843  25.62071598
Se  8.12389423 -18.65066954  12.41691704
Se  0.04012153 -18.64995145  12.41625564
Cd  0.04011964 -18.64995145  4.16656235
Cd  8.12389423 -18.65066954  4.16590094
Se  16.20766958 -18.64995145  12.41625564
Cd  24.29053786 -13.98038184  10.76610911
Cd  20.24671321 -11.64458603  17.36728103
Cd  28.33322866 -6.97749196  10.76624139
Cd  24.28864813 -4.64233866  17.36782905
Cd  20.24520143 -6.97492193  23.96947341
Cd  16.20765068 -18.64995145  4.16656235
Cd -16.12873572  0.02498293  10.76610911
Cd -12.08396622  2.35911503  17.36728103
Cd -8.03919671  0.02551603  23.96947341
Se -3.99801768  2.35888826  25.62071598
Se  20.24576835  2.35888826  25.62071598
Cd  32.37648639  0.02498237  10.76610911
Cd  28.33171688  2.35911503  17.36728103
Cd  24.28694738  0.02551584  23.96947341
Se -12.08655514  7.02639807  19.01876927
Se -8.04669892  14.02643446  19.01876927
Se -8.04119982  9.35830104  25.62109393
Se -4.00442386  21.02509135  19.01876927
Se  4.08203490  16.35393437  25.62071598
Se -4.00123022  16.35572961  25.62109393
Se -16.13126796  9.35971834  12.41625564
Se -12.08999444  16.36083187  12.41691704
Cd -16.13126796  9.35971834  4.16656235
Cd -12.08999444  16.36083187  4.16590094
Se  12.16575356  16.35393437  25.62071598
Se  28.33436250  7.02639807  19.01876927
Se  24.29450628  14.02643446  19.01876927
Se  24.28902608  9.35830104  25.62109393
Se  20.25219342  21.02509135  19.01876927
Se  20.24898089  16.35572961  25.62109393
Se  32.37913201  9.35971834  12.41625564
Se  28.33776401  16.36083187  12.41691704
Cd  32.37913201  9.35971834  4.16656235
Cd  28.33776401  16.36083187  4.16590094
Se -8.04751151  23.36117062  12.41625564
Cd  8.12389423  28.02595922  10.76624139
Cd  8.12389423  23.35569041  17.36782905
Cd  0.03788598  28.02633716  10.76610911
Cd  0.03884464  23.35644630  17.36728103
Cd  4.08218608  21.02036703  23.96947341
Cd -8.04751151  23.36117062  4.16656235
Cd  16.20989945  28.02633716  10.76610911
Cd  16.20893569  23.35644630  17.36728103
Cd  12.16558348  21.02036703  23.96947341
Se  24.29526217  23.36117062  12.41625564
Cd  24.29526217  23.36117062  4.16656235
Cd  8.12389423 -4.64222527  30.57123115
Cd  12.16409060  2.35771663  30.57104218
Cd  4.08369786  2.35771663  30.57104218
Cd  8.12389423  9.35556094  30.57104218
Cd  0.04166808  9.35660029  30.57123115
Cd  16.20612000  9.35660029  30.57123115
Cd -3.99811217 -11.64207269 -9.03789800
Cd -8.03919671 -4.64143159 -9.03880507
Cd -8.04135100 -13.97826534 -2.43415605
Cd -12.08283238 -6.97601797 -2.43523319
Cd -8.04503596 -18.64964909  4.16788515
Cd -12.08559138 -11.64640016  4.16703478
Cd -16.12886800 -4.64322683  4.16703478
Se  12.16371265 -11.64297976 -13.98886671
Se  8.12389423 -13.98000389 -7.38688220
Se  16.20479719 -13.97779291 -7.38650425
Se  16.20328541 -4.64082688 -13.98835648
Se  16.20653574 -18.64896879 -0.78398684
Se  8.12389423 -18.65093410 -0.78510934
Se  4.08407581 -11.64297976 -13.98886671
Se  0.04297804 -13.97779291 -7.38650425
Se  0.04450380 -4.64082688 -13.98835648
Se  0.04124044 -18.64896879 -0.78398684
Cd  20.24595732 -11.64207269 -9.03789800
Cd  24.28694738 -4.64143159 -9.03880507
Cd  24.28921505 -13.97826534 -2.43415605
Cd  28.33058305 -6.97601797 -2.43523319
Cd  24.29280553 -18.64964909  4.16788515
Cd  28.33341764 -11.64640016  4.16703478
Cd  32.37667536 -4.64324573  4.16703478
Cd -12.08139619  2.35858590 -9.03789800
Cd -16.12622239  0.02511540 -2.43415605
Cd -20.17358082  2.35760325  4.16788515
Se -3.99682716  2.35894495 -13.98835648
Cd  12.16358037 -6.97603687 -15.64143208
Cd  4.08420809 -6.97603687 -15.64143208
Cd  8.12389423  0.02453091 -15.64039273
Cd  0.04405726  0.02543703 -15.64152657
Cd  4.08318764  7.02322333 -15.64039273
Cd  16.20372005  0.02543647 -15.64152657
Cd  12.16458193  7.02322333 -15.64039273
Se  20.24463452  2.35894495 -13.98835648
Cd  28.32926024  2.35858590 -9.03787910
Cd  32.37402975  0.02511427 -2.43415605
Cd  36.42144487  2.35760325  4.16788515
Se -8.04106754  9.35841442 -13.98886671
Se -12.08362607  7.02611461 -7.38650425
Se -8.04509266  14.02550849 -7.38688220
Se -16.12985066  9.36019077 -0.78398684
Se -12.09022121  16.36096415 -0.78510934
Se -4.00126801  16.35555953 -13.98886671
Se -4.00272310  21.02263471 -7.38650425
Se  4.08256403  16.35285723 -13.98835648
Se -8.04720915  23.35984781 -0.78398684
Cd -3.99932160  7.02505636 -15.64143208
Cd  0.04036001  14.02197471 -15.64143208
Cd  8.12389423  14.02012277 -15.64152657
Se  12.16522444  16.35285723 -13.98835648
Cd  20.24709116  7.02503747 -15.64143208
Cd  16.20742391  14.02197471 -15.64143208
Se  24.28883710  9.35841442 -13.98886671
Se  28.33133894  7.02611461 -7.38650425
Se  24.29280553  14.02550849 -7.38688220
Se  32.37762023  9.36019077 -0.78398684
Se  28.33795298  16.36096415 -0.78510934
Se  20.24898089  16.35555953 -13.98886671
Se  20.25049267  21.02263471 -7.38650425
Se  24.29507320  23.35984781 -0.78398684
Cd  0.04060398  23.35455658 -9.03789800
Cd  8.12389423  23.35380068 -9.03880507
Cd  8.12389423  28.02312463 -2.43523319
Cd  0.03903418  28.02406949 -2.43415605
Cd -4.00465062  30.36298335  4.16788515
Cd  4.08061761  30.36052671  4.16703478
Cd  12.16717085  30.36052671  4.16703478
Cd  16.20717825  23.35455658 -9.03789800
Cd  16.20874672  28.02406949 -2.43415605
Cd  20.25238239  30.36298335  4.16788515
Se -8.04503596 -18.64964909  12.41493283
Se -12.08559138 -11.64638127  12.41578320
Se -8.04135100 -13.97826534  19.01706851
Se -16.12886800 -4.64322683  12.41578320
Se -12.08283238 -6.97601797  19.01801338
Se -3.99811217 -11.64207269  25.62071598
Se -8.03919671 -4.64143159  25.62166084
Cd  0.04123855 -18.64896879  17.36680860
Cd  0.04297539 -13.97779291  23.96928444
Cd  8.12389423 -18.65093410  17.36792354
Cd  8.12389423 -13.98000389  23.96966238
Cd  4.08407581 -11.64297976  30.57160910
Cd  0.04450078 -4.64082688  30.57123115
Cd  16.20653574 -18.64896879  17.36680860
Cd  16.20479719 -13.97779291  23.96928444
Cd  12.16369376 -11.64297976  30.57160910
Cd  16.20328541 -4.64082688  30.57123115
Cd  12.16594253 -20.98597402  10.76707287
Cd  4.08184593 -20.98597402  10.76707287
Cd -4.00243964 -20.98484019  10.76646816
Se -4.00243964 -20.98484019  5.81634983
Se  4.08184593 -20.98597402  5.81574511
Se  12.16594253 -20.98597402  5.81574511
Cd  20.25030369 -20.98484019  10.76646816
Se  24.29280553 -18.64964909  12.41493283
Se  28.33341764 -11.64640016  12.41578320
Se  24.28921505 -13.97826534  19.01706851
Se  32.37667536 -4.64324573  12.41578320
Se  28.33058305 -6.97601797  19.01801338
Se  20.24595732 -11.64207269  25.62071598
Se  24.28694738 -4.64143159  25.62166084
Se  20.25030369 -20.98484019  5.81634983
Se -20.17358082  2.35760325  12.41493283
Se -16.12620349  0.02511559  19.01706851
Se -12.08139619  2.35858590  25.62071598
Cd -3.99682716  2.35894495  30.57123115
Cd  20.24463452  2.35894495  30.57123115
Se  36.42144487  2.35760325  12.41493283
Se  32.37402975  0.02511446  19.01706851
Se  28.32926024  2.35858590  25.62071598
Cd -16.12985066  9.36019077  17.36680860
Cd -12.08362607  7.02611461  23.96928444
Cd -12.09024011  16.36096415  17.36792354
Cd -8.04509266  14.02550849  23.96966238
Cd -8.04106754  9.35841442  30.57160910
Cd -8.04720915  23.35984781  17.36680860
Cd -4.00272310  21.02263471  23.96928444
Cd  4.08256403  16.35285723  30.57123115
Cd -4.00126801  16.35555953  30.57160910
Cd -20.17452568  7.02617130  10.76646816
Cd -16.13344114  14.02794624  10.76707287
Cd -12.09139284  21.02905977  10.76707287
Se -20.17452568  7.02617130  5.81634983
Se -16.13344114  14.02794624  5.81574511
Se -12.09137394  21.02905977  5.81574511
Cd  12.16520554  16.35285723  30.57123115
Cd  32.37762023  9.36019077  17.36680860
Cd  28.33133894  7.02611461  23.96928444
Cd  28.33795298  16.36096415  17.36792354
Cd  24.29280553  14.02550849  23.96966238
Cd  24.28883710  9.35841442  30.57160910
Cd  24.29507320  23.35984781  17.36680860
Cd  20.25049267  21.02263471  23.96928444
Cd  20.24898089  16.35555953  30.57160910
Cd  36.42238973  7.02617130  10.76646816
Cd  32.38121070  14.02794624  10.76707287
Cd  28.33908682  21.02905977  10.76707287
Se  36.42238973  7.02617130  5.81634983
Se  32.38121070  14.02794624  5.81574511
Se  28.33908682  21.02905977  5.81574511
Cd -8.04822960  28.02954970  10.76646816
Se  12.16717085  30.36052671  12.41578320
Se  4.08061761  30.36052671  12.41578320
Se  8.12389423  28.02312463  19.01801338
Se -4.00465062  30.36298335  12.41493283
Se  0.03903626  28.02406949  19.01706851
Se  8.12389423  23.35380068  25.62166084
Se  0.04060549  23.35455658  25.62071598
Se -8.04822960  28.02954970  5.81634983
Se  20.25238239  30.36298335  12.41493283
Se  16.20874672  28.02406949  19.01706851
Se  16.20717825  23.35455658  25.62071598
Cd  24.29601806  28.02954970  10.76646816
Se  24.29601806  28.02954970  5.81634983
Se  4.08420809 -6.97603687  32.22417448
Se  12.16358037 -6.97603687  32.22417448
Se  8.12389423  0.02453110  32.22322961
Se  16.20372005  0.02543666  32.22436345
Se  12.16458193  7.02322333  32.22322961
Se  0.04405915  0.02543722  32.22436345
Se  4.08318764  7.02322333  32.22322961
Se  8.12389423  14.02012277  32.22436345
Se -3.99932160  7.02505636  32.22417448
Se  0.04036133  14.02197471  32.22417448
Se  20.24709116  7.02503747  32.22417448
Se  16.20742391  14.02197471  32.22417448
Se -3.99737518 -11.63967274 -13.98930134
Se -8.04004709 -13.97548745 -7.38508696
Se -8.03745816 -4.64043003 -13.98981157
Se -12.08045133 -6.97463847 -7.38597513
Se -8.04240925 -18.64583184 -0.78212546
Se -12.08243554 -11.64307425 -0.78331977
Se -16.12440825 -4.64214969 -0.78331977
Se -12.08869053 -20.98540710  5.81606637
Se -16.12907587 -13.98091096  5.81619865
Se -20.17225801 -6.97773762  5.81619865
Cd  16.20466491 -13.97578980 -15.63978802
Cd  8.12389423 -13.97847321 -15.64152657
Cd  8.12389423 -18.64740032 -9.03827594
Cd  16.20610111 -18.64573736 -9.03612166
Cd  20.24350068 -6.97299441 -15.64077068
Cd  20.24973678 -20.98200560 -2.43237970
Cd  12.16579135 -20.98502916 -2.43570562
Cd  4.08199711 -20.98502916 -2.43570562
Cd  0.04311448 -13.97578980 -15.63978802
Cd  0.04167734 -18.64573736 -9.03612166
Cd -3.99575001 -6.97299441 -15.64077068
Cd -4.00196721 -20.98200560 -2.43237970
Se  20.24520143 -11.63967274 -13.98930134
Se  24.28789224 -13.97548745 -7.38508696
Se  24.28524662 -4.64043003 -13.98981157
Se  28.32831538 -6.97465737 -7.38597513
Se  24.29015991 -18.64583184 -0.78212546
Se  28.33020510 -11.64307425 -0.78331977
Se  32.37214002 -4.64214969 -0.78331977
Se  28.33644120 -20.98540710  5.81606637
Se  32.37686433 -13.98091096  5.81619865
Se  36.42012206 -6.97773762  5.81619865
Se -12.07895844  2.35800009 -13.98930134
Se -16.12316103  0.02485330 -7.38508696
Se -20.16904548  2.35798119 -0.78212546
Se -24.21816135  0.02359739  5.81606637
Cd -8.03666448  0.02608445 -15.64077068
Se  12.16214418 -6.97378810 -20.59309999
Se  4.08564428 -6.97378810 -20.59309999
Se  8.12389423  0.02510218 -20.59139923
Se  0.04615561  0.02664778 -20.59253307
Se  4.08367896  7.02293987 -20.59139923
Se  16.20162245  0.02664703 -20.59253307
Se  12.16409060  7.02293987 -20.59139923
Cd  24.28449073  0.02608351 -15.64077068
Se  28.32680360  2.35800009 -13.98930134
Se  32.37100618  0.02485160 -7.38508696
Se  36.41672055  2.35798119 -0.78212546
Se  40.46602540  0.02359550  5.81606637
Cd -12.08183083  7.02522644 -15.63978802
Cd -8.04376985  14.02473371 -15.64152657
Cd -16.12684600  9.35896244 -9.03612166
Cd -12.08717875  16.35918781 -9.03827594
Cd -20.17206904  7.02524534 -2.43237970
Cd -16.13264746  14.02766278 -2.43570562
Cd -12.09073144  21.02849286 -2.43570562
Cd -4.00106014  21.02150087 -15.63978802
Cd -8.04463912  23.35776911 -9.03612166
Cd  4.08296087  21.01791039 -15.64077068
Cd -8.04615090  28.02784894 -2.43237970
Se -3.99665708  7.02515085 -20.59309999
Se  0.04160251  14.01961255 -20.59309999
Se  8.12389423  14.01770392 -20.59253307
Cd  12.16480870  21.01791039 -15.64077068
Se  20.24444554  7.02515085 -20.59309999
Se  16.20617669  14.01961255 -20.59309999
Cd  28.32963819  7.02522644 -15.63978802
Cd  24.29148272  14.02473371 -15.64152657
Cd  32.37459666  9.35896244 -9.03612166
Cd  28.33492942  16.35918781 -9.03827594
Cd  36.41974411  7.02524534 -2.43237970
Cd  32.38045481  14.02766278 -2.43570562
Cd  28.33851990  21.02849286 -2.43570562
Cd  20.24879191  21.02150087 -15.63978802
Cd  24.29242758  23.35776911 -9.03612166
Cd  24.29393936  28.02784894 -2.43237970
Se  0.04232608  23.35266685 -13.98930134
Se  0.04079068  28.02161285 -7.38508696
Se  8.12389423  23.35191096 -13.98981157
Se  8.12389423  28.02029004 -7.38597513
Se  12.16586694  30.35618034 -0.78331977
Se  4.08192152  30.35618034 -0.78331788
Se -4.00266641  30.35882595 -0.78212546
Se -4.00567108  35.03287421  5.81606637
Se  4.08059871  35.02966168  5.81619865
Se  12.16717085  35.02966168  5.81619865
Se  16.20545860  23.35266685 -13.98930134
Se  16.20698928  28.02161285 -7.38508696
Se  20.25049267  30.35882595 -0.78212546
Se  20.25351623  35.03287421  5.81606637
Cd -12.08869053 -20.98540710  10.76675161
Cd -8.04240925 -18.64583184  17.36493777
Cd -16.12907587 -13.98091096  10.76661933
Cd -12.08243554 -11.64307425  17.36614720
Cd -8.04006599 -13.97548745  23.96796163
Cd -20.17244698 -6.97773762  10.76661933
Cd -16.12440825 -4.64214969  17.36614720
Cd -12.08045133 -6.97465737  23.96871752
Cd -3.99739408 -11.63967274  30.57217602
Cd -8.03745816 -4.64043003  30.57255396
Se -4.00194832 -20.98200560  19.01517879
Se  4.08199711 -20.98502916  19.01858029
Se  0.04167828 -18.64573736  25.61901523
Se  12.16579135 -20.98502916  19.01858029
Se  8.12389423 -18.64740032  25.62109393
Se  0.04311523 -13.97578980  32.22266269
Se  8.12389423 -13.97847321  32.22436345
Se -3.99575001 -6.97299441  32.22360756
Se  20.24973678 -20.98200560  19.01517879
Se  16.20610111 -18.64573736  25.61901523
Se  16.20466491 -13.97578980  32.22266269
Se  20.24350068 -6.97299441  32.22360756
Se  12.16724644 -25.65397516  12.41757844
Se  4.08052312 -25.65397516  12.41757844
Se -4.00591674 -25.65397516  12.41525408
Cd -4.00591674 -25.65397516  4.16756390
Cd  4.08052312 -25.65397516  4.16523954
Cd  12.16724644 -25.65397516  4.16523954
Se  20.25370520 -25.65397516  12.41525408
Cd  28.33644120 -20.98540710  10.76675161
Cd  24.29015991 -18.64583184  17.36493777
Cd  32.37686433 -13.98091096  10.76661933
Cd  28.33020510 -11.64307425  17.36614720
Cd  24.28789224 -13.97548745  23.96796163
Cd  36.42012206 -6.97773762  10.76661933
Cd  32.37214002 -4.64214969  17.36614720
Cd  28.32831538 -6.97465737  23.96871752
Cd  20.24520143 -11.63967274  30.57217602
Cd  24.28524662 -4.64043003  30.57255396
Cd  20.25370520 -25.65397516  4.16756390
Cd -24.21816135  0.02359625  10.76675161
Cd -20.16904548  2.35798119  17.36493777
Cd -16.12316103  0.02485179  23.96796163
Cd -12.07895844  2.35800009  30.57217602
Se -8.03666448  0.02608427  32.22360756
Se  24.28449073  0.02608370  32.22360756
Cd  40.46602540  0.02359531  10.76675161
Cd  36.41672055  2.35798119  17.36493777
Cd  32.37100618  0.02485141  23.96796163
Cd  28.32680360  2.35800009  30.57217602
Se -20.17206904  7.02524534  19.01517879
Se -16.13262856  14.02766278  19.01858029
Se -16.12684600  9.35896244  25.61901523
Se -12.09073144  21.02849286  19.01858029
Se -12.08715985  16.35918781  25.62109393
Se -12.08183083  7.02522644  32.22266269
Se -8.04376985  14.02473371  32.22436345
Se -8.04615090  28.02784894  19.01517879
Se -8.04463912  23.35776911  25.61901523
Se  4.08296087  21.01791039  32.22360756
Se -4.00106014  21.02150087  32.22266269
Se -24.21986211  9.35775302  12.41525408
Se -20.17679335  16.36081297  12.41757844
Se -16.13334665  23.36419418  12.41757844
Cd -24.21986211  9.35775302  4.16756390
Cd -20.17679335  16.36081297  4.16523954
Cd -16.13334665  23.36419418  4.16523954
Se  12.16480870  21.01791039  32.22360756
Se  36.41974411  7.02524534  19.01517879
Se  32.38045481  14.02766278  19.01858029
Se  32.37459666  9.35896244  25.61901523
Se  28.33851990  21.02849286  19.01858029
Se  28.33492942  16.35918781  25.62109393
Se  28.32963819  7.02522644  32.22266269
Se  24.29148272  14.02473371  32.22436345
Se  24.29393936  28.02784894  19.01517879
Se  24.29242758  23.35776911  25.61901523
Se  20.24879191  21.02150087  32.22266269
Se  40.46772616  9.35775302  12.41525408
Se  36.42446843  16.36081297  12.41757844
Se  32.38121070  23.36419418  12.41757844
Cd  40.46772616  9.35775302  4.16756390
Cd  36.42446843  16.36081297  4.16523954
Cd  32.38121070  23.36419418  4.16523954
Se -12.09010783  30.36714075  12.41525408
Cd  12.16717085  35.02966168  10.76661933
Cd  12.16586694  30.35618034  17.36614720
Cd  4.08059871  35.02966168  10.76661933
Cd  4.08192152  30.35618034  17.36614720
Cd  8.12389423  28.02029004  23.96871752
Cd -4.00567108  35.03287421  10.76675161
Cd -4.00266641  30.35882595  17.36493777
Cd  0.04078841  28.02161285  23.96796163
Cd  8.12389423  23.35191096  30.57255396
Cd  0.04232344  23.35266685  30.57217602
Cd -12.09010783  30.36714075  4.16756390
Cd  20.25351623  35.03287421  10.76675161
Cd  20.25049267  30.35882595  17.36493777
Cd  16.20698928  28.02161285  23.96796163
Cd  16.20545860  23.35266685  30.57217602
Se  28.33795298  30.36714075  12.41525408
Cd  28.33795298  30.36714075  4.16756390
Cd  4.08564428 -6.97378810  37.17582348
Cd  12.16214418 -6.97378810  37.17582348
Cd  8.12389423  0.02510123  37.17431170
Cd  16.20162245  0.02664646  37.17544554
Cd  12.16409060  7.02293987  37.17431170
Cd  0.04615297  0.02664627  37.17544554
Cd  4.08367896  7.02293987  37.17431170
Cd  8.12389423  14.01770392  37.17544554
Cd -3.99665708  7.02515085  37.17582348
Cd  0.04159986  14.01961255  37.17582348
Cd  20.24444554  7.02515085  37.17582348
Cd  16.20617669  14.01961255  37.17582348
Se  16.20207599 -13.97325757 -20.59064334
Se  16.20594993 -18.64341299 -13.98731713
Se  8.12389423 -13.97658349 -20.59253307
Se  8.12389423 -18.64658773 -13.98901788
Se  4.08273410 -20.98200560 -7.38629638
Se  12.16503546 -20.98200560 -7.38629638
Se  20.24841397 -20.97822614 -7.38268701
Se  20.23934328 -6.97010313 -20.59215512
Se  20.25124856 -25.65057365 -0.78233711
Se  12.16649055 -25.65303029 -0.78536445
Se  4.08127901 -25.65303029 -0.78536445
Se  0.04570302 -13.97325757 -20.59064334
Se  0.04183381 -18.64341299 -13.98731713
Se -4.00060661 -20.97822614 -7.38268701
Se -3.99163041 -6.97010313 -20.59215512
Se -4.00347899 -25.65057365 -0.78233711
Se -8.03209134  0.02820246 -20.59215512
Cd  12.16225757 -11.64022076 -22.24472050
Cd  8.12389423 -4.63937179 -22.24604331
Cd  16.20007288 -4.63789780 -22.24604331
Cd  4.08553090 -11.64022076 -22.24472050
Cd  0.04770405 -4.63789780 -22.24604331
Cd  4.08526633  2.35864260 -22.24566536
Cd  12.16250323  2.35862370 -22.24566536
Cd -3.99268866  2.36026776 -22.24604331
Cd  0.04413871  9.35518299 -22.24604331
Cd  8.12389423  9.35372790 -22.24566536
Cd  20.24047712  2.36026776 -22.24604331
Cd  16.20364446  9.35518299 -22.24604331
Se  24.27995539  0.02820151 -20.59215512
Se -12.07833483  7.02620910 -20.59064334
Se -16.12474840  9.35794199 -13.98731713
Se -8.04212579  14.02378884 -20.59253307
Se -12.08647955  16.35879097 -13.98901788
Se -20.16810061  7.02452724 -7.38268701
Se -16.12960500  14.02677461 -7.38629638
Se -12.08846377  21.02622518 -7.38629638
Se -24.21589368  9.35820655 -0.78233711
Se -20.17547054  16.36102084 -0.78536445
Se -16.13293092  23.36306034 -0.78536445
Se -4.00015308  21.01809936 -20.59064334
Se -8.04269270  23.35644630 -13.98731713
Se -8.04354308  28.02482538 -7.38268701
Se  4.08341440  21.01280813 -20.59215512
Se -12.08848266  30.36336129 -0.78233711
Cd -8.03794949  9.35828214 -22.24472050
Cd -3.99958616  16.35291392 -22.24472050
Cd  4.08350889  16.34862424 -22.24604331
Cd  12.16427957  16.34862424 -22.24604331
Se  12.16437406  21.01280813 -20.59215512
Cd  24.28581354  9.35828214 -22.24472050
Cd  20.24746910  16.35291392 -22.24472050
Se  28.32604771  7.02620910 -20.59064334
Se  32.37251797  9.35794199 -13.98731713
Se  24.28997094  14.02378884 -20.59253307
Se  28.33417353  16.35879097 -13.98901788
Se  36.41577569  7.02452724 -7.38268701
Se  32.37743125  14.02677461 -7.38629638
Se  28.33625223  21.02622518 -7.38629638
Se  40.46356876  9.35820655 -0.78233711
Se  36.42333459  16.36102084 -0.78536445
Se  32.38064379  23.36306034 -0.78536445
Se  20.24784705  21.01809936 -20.59064334
Se  24.29053786  23.35644630 -13.98731713
Se  24.29129375  28.02482538 -7.38268701
Se  28.33625223  30.36336129 -0.78233711
Cd -4.00347899 -25.65057365  17.36516454
Cd -4.00060661 -20.97822614  23.96550499
Cd  4.08127901 -25.65303029  17.36818810
Cd  4.08273410 -20.98200560  23.96909547
Cd  0.04183268 -18.64341299  30.57009732
Cd  12.16649055 -25.65303029  17.36818810
Cd  12.16503546 -20.98200560  23.96909547
Cd  8.12389423 -18.64658773  30.57179807
Cd  0.04570151 -13.97325757  37.17336684
Cd  8.12389423 -13.97658349  37.17544554
Cd -3.99163041 -6.97010313  37.17487862
Cd  20.25124856 -25.65057365  17.36516454
Cd  20.24841397 -20.97822614  23.96550499
Cd  16.20594993 -18.64341299  30.57009732
Cd  16.20207599 -13.97325757  37.17336684
Cd  20.23934328 -6.97010313  37.17487862
Cd  16.21040968 -27.98778675  10.76673272
Cd  8.12389423 -27.98684189  10.76709177
Cd  0.03736593 -27.98778675  10.76673272
Cd -8.04940123 -27.98967648  10.76646816
Se -8.04940123 -27.98967648  5.81634983
Se  0.03736687 -27.98778675  5.81608526
Se  8.12389423 -27.98684189  5.81572622
Se  16.21040968 -27.98778675  5.81608526
Cd  24.29715190 -27.98967648  10.76646816
Se  24.29715190 -27.98967648  5.81634983
Cd -8.03209134  0.02820114  37.17487862
Cd  24.27995539  0.02820133  37.17487862
Cd -24.21589368  9.35820655  17.36516454
Cd -20.16810061  7.02452724  23.96550499
Cd -20.17547054  16.36102084  17.36818810
Cd -16.12962389  14.02677461  23.96909547
Cd -16.12474840  9.35794199  30.57009732
Cd -16.13293092  23.36306034  17.36818810
Cd -12.08846377  21.02622518  23.96909547
Cd -12.08647955  16.35879097  30.57179807
Cd -12.07833483  7.02620910  37.17336684
Cd -8.04212579  14.02378884  37.17544554
Cd -12.08848266  30.36336129  17.36516454
Cd -8.04354308  28.02482538  23.96550499
Cd -8.04269270  23.35644630  30.57009732
Cd  4.08341440  21.01280813  37.17487862
Cd -4.00015308  21.01809936  37.17336684
Cd -28.26444264  7.02382804  10.76646816
Cd -24.21948416  14.02622659  10.76673272
Cd -20.17547054  21.02887080  10.76709177
Cd -16.13287422  28.03257326  10.76673272
Se -28.26444264  7.02382804  5.81634983
Se -24.21948416  14.02622659  5.81608526
Se -20.17547054  21.02887080  5.81572622
Se -16.13287422  28.03257326  5.81608526
Cd  12.16435516  21.01280813  37.17487862
Cd  40.46356876  9.35820655  17.36516454
Cd  36.41577569  7.02452724  23.96550499
Cd  36.42333459  16.36100194  17.36818810
Cd  32.37743125  14.02677461  23.96909547
Cd  32.37251797  9.35794199  30.57009732
Cd  32.38064379  23.36306034  17.36818810
Cd  28.33625223  21.02622518  23.96909547
Cd  28.33417353  16.35879097  30.57179807
Cd  28.32604771  7.02620910  37.17336684
Cd  24.28997094  14.02378884  37.17544554
Cd  28.33625223  30.36336129  17.36516454
Cd  24.29129375  28.02482538  23.96550499
Cd  24.29053786  23.35644630  30.57009732
Cd  20.24784705  21.01809936  37.17336684
Cd  44.51211772  7.02382804  10.76646816
Cd  40.46715924  14.02622659  10.76673272
Cd  36.42314562  21.02887080  10.76709177
Cd  32.38064379  28.03257326  10.76673272
Se  44.51211772  7.02382804  5.81634983
Se  40.46715924  14.02622659  5.81608526
Se  36.42314562  21.02887080  5.81572622
Se  32.38064379  28.03257326  5.81608526
Cd -12.09114718  35.03684264  10.76646816
Se -12.09114718  35.03684264  5.81634983
Cd  28.33889784  35.03684264  10.76646816
Se  28.33889784  35.03684264  5.81634983
Se  4.08553090 -11.64022076  38.82763297
Se  8.12389423 -4.63937179  38.82876681
Se  0.04770462 -4.63789780  38.82895578
Se  12.16225757 -11.64022076  38.82763297
Se  16.20007288 -4.63789780  38.82895578
Se  12.16250323  2.35862370  38.82838886
Se  4.08526633  2.35862370  38.82838886
Se  20.24047712  2.36026776  38.82895578
Se  16.20364446  9.35518299  38.82876681
Se  8.12389423  9.35372790  38.82838886
Se -3.99266976  2.36026776  38.82895578
Se  0.04413927  9.35518299  38.82876681
Se  12.16427957  16.34862424  38.82895578
Se  4.08350889  16.34862424  38.82895578
Se -8.03794949  9.35828214  38.82763297
Se -3.99958616  16.35291392  38.82763297
Se  24.28581354  9.35828214  38.82763297
Se  20.24746910  16.35291392  38.82763297
P2 -5.21005203 -12.33934568 -14.48456073
P2 -8.04053369 -15.14237907 -7.79738265
P2 -9.05039854 -13.39196841 -7.79822358
P2 -9.24974384 -5.34034108 -14.48568890
P2 -12.08070172 -8.14133168 -7.79888971
P2 -13.09095868 -6.39151155 -7.79888971
P2 -9.25514279 -19.34583359 -1.27643073
P2 -13.29508404 -12.34307600 -1.27782232
P2 -17.33694904 -5.34233285 -1.27782232
P2 -12.08959760 -22.15269085  5.40403051
P2 -13.09919316 -20.40145343  5.40387461
P2 -16.12948217 -15.14808132  5.40397382
P2 -17.13963519 -13.39715570  5.40383682
P2 -20.17202179 -8.14477570  5.40383682
P2 -21.18330866 -6.39450677  5.40397382
P2  21.45783860 -12.33934568 -14.48456073
P2  24.28836467 -15.14237907 -7.79738265
P2  25.29823424 -13.39196841 -7.79822358
P2  25.49754364 -5.34034675 -14.48568890
P2  28.32855159 -8.14134585 -7.79888971
P2  29.33879911 -6.39152572 -7.79888971
P2  25.50291046 -19.34583359 -1.27643073
P2  29.54284227 -12.34307600 -1.27782232
P2  33.58472050 -5.34233285 -1.27782232
P2  28.33733882 -22.15269085  5.40403051
P2  29.34697217 -20.40145343  5.40387461
P2  32.37728952 -15.14808132  5.40397382
P2  33.38739531 -13.39715570  5.40383682
P2  36.41983860 -8.14477570  5.40383682
P2  37.43112546 -6.39450677  5.40397382
P2 -13.29122711  1.65763200 -14.48456640
P2 -16.12299096 -1.14189272 -7.79822358
P2 -17.13397074  0.60788016 -7.79738265
P2 -21.38156926  1.65771452 -1.27643073
P2 -24.21773616 -1.14350551  5.40387461
P2 -25.22949546  0.60644217  5.40403051
P2  29.53904392  1.65763166 -14.48456073
P2  32.37081721 -1.14189400 -7.79822358
P2  33.38177337  0.60787888 -7.79738265
P2  37.62930103  1.65771395 -1.27643073
P2  40.46555297 -1.14350693  5.40387461
P2  41.47735951  0.60644075  5.40403051
P2  0.04272757  24.75272704 -14.48456073
P2 -0.96952557  28.60549094 -7.79738265
P2  1.05130961  28.60482953 -7.79822358
P2  8.12389423  24.75174438 -14.48568890
P2  7.11363727  28.60383743 -7.79888971
P2  9.13415119  28.60383743 -7.79888971
P2  12.16576490  31.75635391 -1.27782232
P2  4.08201789  31.75635391 -1.27782100
P2 -4.00250200  31.75905622 -1.27643073
P2 -5.01609339  35.61727197  5.40403051
P2 -2.99469531  35.61599641  5.40387461
P2  3.07000703  35.61358701  5.40397382
P2  5.09142259  35.61292560  5.40383682
P2  11.15635170  35.61292560  5.40383682
P2  13.17776324  35.61358701  5.40397382
P2  16.20505609  24.75272704 -14.48456073
P2  15.19647248  28.60482953 -7.79822358
P2  17.21729821  28.60549094 -7.79738265
P2  20.25032259  31.75905622 -1.27643073
P2  19.24252227  35.61599641  5.40387461
P2  21.26390547  35.61727197  5.40403051
P1 -12.09068608 -23.55343134  11.67323049
P1 -14.31179631 -19.70070902  11.67357348
P1 -10.26575407 -19.92916838  18.27121918
P1 -16.12996971 -16.54868575  11.67351395
P1 -18.35230637 -12.69664940  11.67381536
P1 -14.30562447 -12.92641079  18.27269883
P1 -8.04112612 -16.54264902  24.87500176
P1 -10.26282878 -12.69174556  24.87687259
P1 -20.17182337 -9.54522140  11.67381536
P1 -22.39665447 -5.69462974  11.67351395
P1 -18.34739970 -5.92581882  18.27269883
P1 -12.08100218 -9.54137203  24.87721274
P1 -14.30356750 -5.69176775  24.87721274
P1 -6.22062458 -12.92240646  31.48015156
P1 -10.25998191 -5.92360028  31.48167279
P1  28.33841596 -23.55343134  11.67323049
P1  30.55960934 -19.70070902  11.67357348
P1  26.51353592 -19.92916838  18.27121918
P1  32.37779975 -16.54868575  11.67351395
P1  34.60003247 -12.69664940  11.67381536
P1  30.55337324 -12.92641079  18.27269883
P1  24.28893159 -16.54264902  24.87500176
P1  26.51064464 -12.69174556  24.87687259
P1  36.41949845 -9.54522140  11.67381536
P1  38.64432955 -5.69462974  11.67351395
P1  34.59520422 -5.92581882  18.27269883
P1  28.32883505 -9.54137203  24.87721274
P1  30.55137958 -5.69176775  24.87721274
P1  22.46836957 -12.92240646  31.48015156
P1  26.50779115 -5.92361067  31.48167279
P1 -24.21722594 -2.54402950  11.67357348
P1 -26.44309638  1.30585540  11.67323049
P1 -22.39200575  1.07415855  18.27121918
P1 -16.12278687 -2.54198863  24.87687259
P1 -18.34694239  1.30751171  24.87500176
P1 -14.30145101  1.07399161  31.48015156
P1  40.46498605 -2.54402992  11.67357348
P1  42.69096043  1.30585498  11.67323049
P1  38.63978476  1.07415792  18.27121918
P1  32.37059044 -2.54198880  24.87687259
P1  34.59469400  1.30751154  24.87500176
P1  30.54924419  1.07399130  31.48015156
P1  14.39048450  36.31429740  11.67351395
P1  9.94336871  36.31284232  11.67381536
P1  12.16567986  32.92316522  18.27269883
P1  6.30441125  36.31284232  11.67381536
P1  1.85729764  36.31429740  11.67351395
P1  4.08209821  32.92316522  18.27269883
P1  10.34645955  29.30409429  24.87721274
P1  5.90132891  29.30409429  24.87721274
P1 -1.78152377  36.31574305  11.67357348
P1 -6.22860016  36.31854929  11.67323049
P1 -4.00236500  32.92591477  18.27121918
P1  2.26393130  29.30468955  24.87687259
P1 -2.18190610  29.30614464  24.87500176
P1  8.12389423  25.91827223  31.48167279
P1  0.04306096  25.91944386  31.48015156
P1  18.02933992  36.31574305  11.67357348
P1  22.47637256  36.31854929  11.67323049
P1  20.25018086  32.92591477  18.27121918
P1  13.98385232  29.30468955  24.87687259
P1  18.42966892  29.30614464  24.87500176
P1  16.20472066  25.91944386  31.48015156
P2  16.20275157 -15.13998857 -21.00312328
P2  17.21158179 -13.38891650 -21.00397366
P2  17.21703837 -19.22621866 -14.39940023
P2  15.19599532 -19.22758871 -14.40030257
P2  8.12389423 -15.37666635 -21.08773577
P2  9.13445355 -19.22996977 -14.40157814
P2  7.11333019 -19.22996977 -14.40157814
P2  4.08238828 -22.38223586 -7.88155577
P2  12.16538128 -22.38223586 -7.88155577
P2  21.25875597 -20.39443309 -7.79558269
P2  20.24921710 -22.14503746 -7.79500160
P2  20.23953226 -8.13655067 -21.00510750
P2  21.24911836 -6.38669747 -21.00557993
P2  21.26201574 -26.23412104 -1.19420053
P2  19.24097742 -26.23421552 -1.19549027
P2  13.17740892 -26.23605801 -1.19776077
P2  11.15584147 -26.23634146 -1.19838438
P2  5.09193282 -26.23634146 -1.19838438
P2  3.07036428 -26.23605801 -1.19776077
P2  0.04502952 -15.13998857 -21.00312328
P2 -0.96379569 -13.38891650 -21.00397366
P2  1.05178487 -19.22758871 -14.40030257
P2 -0.96923455 -19.22621866 -14.39940023
P2 -5.01095333 -20.39443309 -7.79558269
P2 -4.00140029 -22.14503746 -7.79500160
P2 -3.99179576 -8.13655067 -21.00510750
P2 -5.00137715 -6.38669747 -21.00557993
P2 -2.99320422 -26.23421552 -1.19549027
P2 -5.01426035 -26.23412104 -1.19420053
P2 -8.03172285 -1.13796828 -21.00557993
P2 -9.04235303  0.61128020 -21.00510750
P1  12.16303708 -11.63901512 -24.96812746
P1  8.12389423 -4.63851952 -24.96893059
P1  16.20039508 -4.63753403 -24.96945026
P1  4.08474099 -11.63901512 -24.96812746
P1  0.04738186 -4.63753403 -24.96945026
P1  4.08578601  2.35893361 -24.96886445
P1  12.16199395  2.35892511 -24.96886445
P1 -3.99253276  2.35980005 -24.96945026
P1  0.04486989  9.35475686 -24.96893059
P1  8.12389423  9.35313547 -24.96886445
P1  20.24026925  2.35980005 -24.96945026
P1  16.20291692  9.35475686 -24.96893059
P2  24.27957745 -1.13796899 -21.00557993
P2  25.29020291  0.61127949 -21.00510750
P2 -12.07703565  5.85978518 -21.00397366
P2 -13.08909257  7.60899114 -21.00312328
P2 -17.13497229  8.77372375 -14.39940023
P2 -16.12569326  10.52467772 -14.40030257
P2 -9.25463256  14.72383028 -21.08773577
P2 -13.09699163  15.77531444 -14.40157814
P2 -12.08642759  17.52564952 -14.40157814
P2 -20.16767542  5.85763561 -7.79558269
P2 -21.17896229  7.60724315 -7.79500160
P2 -17.34240090  14.72657794 -7.88155577
P2 -13.30089684  21.72665212 -7.88155577
P2 -25.22661363  8.77460248 -1.19420053
P2 -24.21617714  10.52495173 -1.19549027
P2 -21.18585979  15.77706244 -1.19776077
P2 -20.17532882  17.52793609 -1.19838438
P2 -17.14342409  22.77946571 -1.19838438
P2 -16.13240179  24.53006063 -1.19776077
P2 -5.01023524  21.60202469 -21.00312328
P2 -2.98935079  21.60018221 -21.00397366
P2 -9.05358745  22.77389102 -14.40030257
P2 -8.04187067  24.52344659 -14.39940023
P2 -7.03277589  28.60790034 -7.79558269
P2 -9.05362997  28.60889244 -7.79500160
P2  3.07332482  21.59621379 -21.00510750
P2  5.09353436  21.59559962 -21.00557993
P2 -13.09906560  29.78028634 -1.19549027
P2 -12.08843070  31.53050331 -1.19420053
P1 -8.03730510  9.35700374 -24.96812746
P1 -3.99815186  16.35299707 -24.96812746
P1  4.08398699  16.34872817 -24.96945026
P1  12.16380147  16.34872817 -24.96945026
P2  11.15425410  21.59559962 -21.00557993
P2  13.17446095  21.59621379 -21.00510750
P1  24.28508600  9.35700374 -24.96812746
P1  20.24601402  16.35299707 -24.96812746
P2  28.32477214  5.85978518 -21.00397366
P2  29.33681489  7.60899114 -21.00312328
P2  33.38276548  8.77372375 -14.39940023
P2  32.37346283  10.52467772 -14.40030257
P2  25.50243803  14.72383028 -21.08773577
P2  29.34470450  15.77531444 -14.40157814
P2  28.33412628  17.52564952 -14.40157814
P2  36.41535050  5.85763561 -7.79558269
P2  37.42668461  7.60724315 -7.79500160
P2  33.59018180  14.72657227 -7.88155577
P2  29.54866263  21.72665212 -7.88155577
P2  41.47433595  8.77460248 -1.19420053
P2  40.46389946  10.52495173 -1.19549027
P2  37.43372384  15.77706244 -1.19776077
P2  36.42319286  17.52793609 -1.19838438
P2  33.39117476  22.77946571 -1.19838438
P2  32.38012411  24.53006063 -1.19776077
P2  19.23706569  21.60018221 -21.00397366
P2  21.25795283  21.60202469 -21.00312328
P2  25.30139953  22.77389102 -14.40030257
P2  24.28968748  24.52344659 -14.39940023
P2  23.28052656  28.60790034 -7.79558269
P2  25.30139953  28.60889244 -7.79500160
P2  29.34683044  29.78028634 -1.19549027
P2  28.33620498  31.53050331 -1.19420053
P1 -6.22719799 -26.93437790  18.27121729
P1 -1.78087429 -26.93458577  18.27412747
P1 -6.22336940 -19.69388144  24.87389627
P1 -4.00235272 -23.54521103  24.87264905
P1  1.85726682 -26.93569126  18.27548807
P1  6.30471738 -26.93631487  18.27683922
P1  4.08210010 -23.54909442  24.87707101
P1 -2.18251710 -19.92558546  31.47672171
P1  2.26372564 -19.92859958  31.47869647
P1  9.94306257 -26.93631487  18.27683922
P1  14.39051096 -26.93569126  18.27548807
P1  12.16566947 -23.54909442  24.87707101
P1  5.90065334 -19.93002821  31.47946181
P1  10.34712473 -19.93002821  31.47946181
P1  0.04422054 -16.54006577  38.08092664
P1 -2.17519482 -12.68770721  38.08269354
P1  8.12389423 -16.54340208  38.08321321
P1 -3.99199418 -9.53628772  38.08337384
P1 -6.21307323 -5.68661069  38.08441319
P1  18.02865206 -26.93458577  18.27412747
P1  22.47493637 -26.93437790  18.27121729
P1  22.47116637 -19.69388144  24.87389627
P1  20.25018086 -23.54521103  24.87264905
P1  13.98404979 -19.92859958  31.47869647
P1  18.43034450 -19.92558546  31.47672171
P1  16.20356226 -16.54006577  38.08092664
P1  18.42298874 -12.68770721  38.08269354
P1  20.23975902 -9.53628772  38.08337384
P1  22.46084846 -5.68661069  38.08441319
P1  16.21101250 -30.55456377  11.67519675
P1  8.12389423 -30.55330710  11.67596115
P1  0.03676903 -30.55456377  11.67519675
P1 -10.27300590 -26.70535256  11.67310294
P1 -8.05019114 -30.55718104  11.67324845
P2 -9.06013063 -27.40589288  5.40424311
P2 -8.04976028 -29.15672401  5.40418169
P2  0.03704084 -29.38784694  5.32055943
P2  8.12389423 -29.38673201  5.31998495
P2  16.21073849 -29.38784694  5.32055943
P1  26.52073578 -26.70535256  11.67310294
P1  24.29798338 -30.55718104  11.67324845
P2  25.30787184 -27.40589288  5.40424311
P2  24.29752984 -29.15672401  5.40418169
P1 -8.03128065 -2.53737377  38.08441319
P1 -10.25466705  1.31097289  38.08337384
P1  24.27912391 -2.53737368  38.08441319
P1  26.50249992  1.31097298  38.08337384
P1 -26.43947756  8.07427758  18.27121729
P1 -24.21651729  11.92504593  18.27412747
P1 -20.16716520  4.45736566  24.87389627
P1 -22.39199630  8.30650223  24.87264905
P1 -22.39832688  15.07631236  18.27548807
P1 -20.17515874  18.92823438  18.27683922
P1 -18.35307266  15.30974738  24.87707101
P1 -18.34724096  8.07266187  31.47672171
P1 -16.12682710  11.92476058  31.47869647
P1 -18.35601591  22.07915216  18.27683922
P1 -16.13176684  25.93046097  18.27548807
P1 -14.31125774  22.31034124  24.87707101
P1 -14.30960612  15.07514262  31.47946181
P1 -12.08636522  18.92587979  31.47946181
P1 -12.07547662  4.46007648  38.08269354
P1 -14.30200186  8.30832960  38.08092664
P1 -10.26506527  15.30719814  38.08321321
P1 -14.31176513  29.08059640  18.27412747
P1 -12.08836833  32.93107372  18.27121729
P1 -5.81985527  29.30759028  24.87389627
P1 -10.26573423  29.30977292  24.87264905
P1 -10.26666114  22.07482469  31.47869647
P1 -8.04088424  25.92384693  31.47672171
P1  6.30567831  22.29494942  38.08441319
P1  1.86121712  22.29630057  38.08337384
P1 -1.77638825  22.29868163  38.08269354
P1 -6.22233383  22.30273509  38.08092664
P1 -28.26392296  4.45595971  11.67310294
P1 -30.48833832  8.30691514  11.67323805
P1 -26.44265230  15.30909542  11.67519675
P1 -22.39801507  22.31215537  11.67596115
P1 -18.35547072  29.31648144  11.67519675
P2 -28.26420642  5.85661516  5.40424311
P2 -29.27530431  7.60704945  5.40418169
P2 -25.43212133  14.72597322  5.32055943
P2 -21.38776756  21.72884420  5.31998495
P2 -17.34519959  28.73288681  5.32055943
P1  9.94210165  22.29494942  38.08441319
P1  14.38655671  22.29630057  38.08337384
P1  42.68725657  8.07427758  18.27121729
P1  40.46429630  11.92504593  18.27412747
P1  36.41484028  4.45736566  24.87389627
P1  38.63977531  8.30650223  24.87264905
P1  38.64619093  15.07630386  18.27548807
P1  36.42302279  18.92822588  18.27683922
P1  34.60080726  15.30973698  24.87707101
P1  34.59506249  8.07266187  31.47672171
P1  32.37459666  11.92476058  31.47869647
P1  34.60381193  22.07915216  18.27683922
P1  32.37950050  25.93046097  18.27548807
P1  30.55900463  22.31034124  24.87707101
P1  30.55734167  15.07514262  31.47946181
P1  28.33406959  18.92587979  31.47946181
P1  28.32324146  4.46007648  38.08269354
P1  30.54973552  8.30832960  38.08092664
P1  26.51282727  15.30719814  38.08321321
P1  30.55952430  29.08059640  18.27412747
P1  28.33614829  32.93107372  18.27121729
P1  22.06760593  29.30759028  24.87389627
P1  26.51352647  29.30977292  24.87264905
P1  26.51443354  22.07482469  31.47869647
P1  24.28866703  25.92384693  31.47672171
P1  18.02412806  22.29868163  38.08269354
P1  22.47007977  22.30273509  38.08092664
P1  44.51170198  4.45595971  11.67310294
P1  46.73611733  8.30691514  11.67324845
P1  42.69032738  15.30909542  11.67519675
P1  38.64579409  22.31215537  11.67596115
P1  34.60318832  29.31648144  11.67519675
P2  44.51192874  5.85661516  5.40424311
P2  45.52302663  7.60704945  5.40418169
P2  41.67979640  14.72597322  5.32055943
P2  37.63549933  21.72884420  5.31998495
P2  33.59294080  28.73288681  5.32055943
P1 -9.86706441  36.32033508  11.67310294
P1 -14.31429453  36.32127049  11.67324845
P2 -11.08020046  35.62024829  5.40424311
P2 -13.10166870  35.62067348  5.40418169
P1  26.11479429  36.32033508  11.67310294
P1  30.56206598  36.32127049  11.67324845
P2  27.32794168  35.62024829  5.40424311
P2  29.34942881  35.62067348  5.40418169
P2  4.08510004 -11.63956314  40.31307098
P2  8.12389423 -4.63890692  40.31403474
P2  0.04752831 -4.63769938  40.31439379
P2  12.16268275 -11.63956314  40.31307098
P2  16.20024862 -4.63769938  40.31439379
P2  12.16222544  2.35878810  40.31382687
P2  4.08554979  2.35878810  40.31382687
P2  20.24036373  2.36001265  40.31439379
P2  16.20324762  9.35495056  40.31403474
P2  8.12389423  9.35340476  40.31382687
P2 -3.99259039  2.36001265  40.31439379
P2  0.04453742  9.35495056  40.31403474
P2  12.16401879  16.34867526  40.31439379
P2  4.08376400  16.34867526  40.31439379
P2 -8.03759800  9.35758483  40.31307098
P2 -3.99880948  16.35295927  40.31307098
P2  24.28541670  9.35758483  40.31307098
P2  20.24667542  16.35295927  40.31307098
