0 -0.215493275932377 9.07824e-06
1 -0.215417622174901 1.26254e-05
2 -0.215417592871416 4.90343e-06
3 -0.215417544982798 1.49833e-05
4 -0.214998334749046 1.13576e-05
5 -0.214998291890247 2.37407e-06
6 -0.21499828586875 1.47288e-05
7 -0.214208764809719 3.54349e-06
8 -0.214208705410666 5.87195e-06
9 -0.214208692546085 2.82811e-06
10 -0.213898796524827 4.37351e-06
11 -0.213523305386417 1.54517e-06
12 -0.213523276204724 5.42417e-06
13 -0.212963028873169 2.39737e-06
14 -0.212963003078268 3.93707e-06
15 -0.212962964008946 1.47679e-06
16 -0.211844104494922 1.94771e-06
17 -0.211844070747432 1.69897e-06
18 -0.211844034074542 1.21709e-06
19 -0.21135994340819 7.09827e-07
20 -0.211359923445942 4.36956e-07
21 -0.210736556661937 2.92892e-07
22 -0.210736519504801 1.01196e-06
23 -0.210736474434632 7.92354e-07
24 -0.210542483214989 7.38393e-07
25 -0.210542432035664 5.72138e-07
26 -0.210542385692293 8.03131e-07
27 -0.210175298599257 3.93367e-07
28 -0.2097173281639 3.36227e-07
29 -0.209717317896347 5.7856e-07
30 -0.209438548691342 1.69081e-07
31 -0.20943853592895 4.45791e-07
32 -0.209438521334037 1.29879e-07
33 -0.209391806184471 1.45191e-07
34 -0.209391786898021 3.56306e-07
35 -0.209391764952836 1.73516e-07
36 -0.207447569895211 1.04341e-07
37 -0.206781667086103 5.12143e-08
38 -0.206781534554114 6.40382e-08
39 -0.206781498924672 4.65289e-08
40 -0.206317616033546 1.15664e-07
41 -0.206317609129941 4.87145e-08
42 -0.206317570311482 3.65952e-08
43 -0.205695015925667 3.80819e-08
44 -0.205694983970882 6.14955e-08
45 -0.205347830849346 2.8493e-08
46 -0.205347815202004 4.70479e-08
47 -0.205347802865874 2.04043e-08
48 -0.204650620041531 4.81414e-08
49 -0.204053083463604 3.98623e-08
50 -0.204053038615732 2.86145e-08
51 -0.204052990698001 4.70479e-08
52 -0.202128092497467 4.88567e-08
53 -0.202128029657082 3.89823e-08
54 -0.202128027497535 2.15617e-08
55 -0.201265831649492 6.06433e-08
56 -0.201265801970822 3.57317e-08
57 -0.199979014211233 1.41855e-08
58 -0.199978926264338 5.03259e-08
59 -0.199978885344064 4.9841e-08
60 -0.199177324408887 3.70662e-08
61 -0.199177290573232 4.41569e-08
62 -0.199177283938688 3.65002e-08
63 -0.197610050601149 2.32644e-08
64 -0.197610037952521 4.93513e-08
65 -0.197609998036904 2.2196e-08
66 -0.195970162091485 3.08323e-08
67 -0.195970119238753 4.21468e-08
68 -0.195459039770697 3.07195e-08
69 -0.195458980152927 2.66039e-08
70 -0.19545893677554 3.81729e-08
71 -0.195323319491655 4.36829e-08
72 -0.194113884990529 0
73 -0.194113856142436 4.0036e-08
74 -0.194113852963208 3.26893e-08
75 -0.19168463071722 4.53966e-08
76 -0.188167250288481 2.32644e-08
77 -0.188167235494084 3.332e-08
78 -0.18816720171877 2.90954e-08
79 -0.18798742059231 3.3424e-08
80 -0.187987415808984 5.47504e-08
81 -0.187987353888049 5.21541e-08
82 -0.185907571070973 2.81253e-08
83 -0.185907544129636 1.6867e-08
84 -0.183572138397376 2.38535e-08
85 -0.183572114756515 1.46665e-08
86 -0.183572100149009 5.18873e-08
87 -0.18007140418523 5.37914e-08
88 -0.180071391730743 3.29009e-08
89 -0.180071384221017 3.04928e-08
90 -0.0965528423508226 2.38171e-08
91 -0.0864394775539945 1.26674e-08
92 -0.085488571098524 1.14821e-08
93 -0.0854884943069402 5.01533e-09
94 -0.0854884798657171 1.4428e-08
95 -0.0801988365024265 5.18538e-09
96 -0.0794847597291228 8.06549e-09
97 -0.0794846934635635 1.07001e-08
98 -0.0794846688282034 5.96337e-09
99 -0.0781560930230111 1.16322e-08
100 -0.0781560880541597 5.01533e-09
101 -0.0781560670669997 6.03566e-09
102 -0.0739252310601995 3.28085e-08
103 -0.0739252250849847 3.0336e-08
104 -0.0739251550393089 9.76779e-09
105 -0.0720699255108833 1.48863e-07
106 -0.071840821377045 1.25939e-07
107 -0.0718407972901617 2.9875e-08
108 -0.0700754085080264 3.8714e-07
109 -0.0681264897143345 2.82112e-06
110 -0.0681264484688019 1.37733e-06
111 -0.0670016923634409 3.53762e-06
112 -0.0670016340260941 4.18401e-06
113 -0.0670015738973411 7.6019e-06
114 -0.0663295339598935 3.68709e-06
115 -0.0653601217451658 1.00411e-05
116 -0.0653601106182585 1.41285e-05
117 -0.0653600978719329 9.56142e-06
118 -0.0643042340578891 3.09056e-05
119 -0.0643041919557623 4.83616e-05
120 -0.064304161308879 4.3318e-05
121 -0.0637709212083773 7.73309e-05
122 -0.0637709188761633 5.1329e-05
123 -0.0637709101403869 5.07215e-05
124 -0.0634967002305896 4.73515e-05
125 -0.0634966731450281 0.000113129
126 -0.0634965843912763 0.000109473
127 -0.0628741609918912 7.43433e-05
128 -0.0628741540113298 0.000119183
129 -0.0610976236263166 0.000752485
130 -0.0608793278111917 0.000199135
131 -0.0608792262533052 0.000331649
132 -0.0608791269899027 0.000887629
133 -0.0604908394321551 0.000256849
134 -0.0604907390771696 0.00029805
135 -0.0604907262088348 0.000719513
136 -0.0575542524980927 0.00389656
137 -0.0571527339834324 0.00702939
