593
Ga  18.69672216 -18.69672216 -24.03882636
Ga  13.35488253 -13.35488253 -24.03882636
Ga  8.01294842 -8.01294842 -24.03882636
Ga  2.67097651 -2.67097651 -24.03882636
Ga -2.67097651  2.67097651 -24.03882636
Ga -8.01294842  8.01294842 -24.03882636
Ga -13.35488253  13.35488253 -24.03882636
Ga -18.69672216  18.69672216 -24.03882636
Ga  18.69672216 -24.03882636 -18.69672216
Ga  13.35488253 -24.03882636 -13.35488253
Ga  8.01291062 -13.35492033 -18.69683555
Ga  8.01291062 -18.69683555 -13.35492033
Ga  2.67099540 -13.35476915 -13.35476915
As  16.02580235 -16.02580235 -21.36750970
As  10.68398162 -16.02578345 -16.02578345
As  16.02580235 -21.36750970 -16.02580235
Ga  13.35473136 -18.69685444 -18.69685444
Ga  18.69685444 -13.35473136 -18.69685444
Ga  18.69685444 -18.69685444 -13.35473136
Ga  13.35478805 -13.35478805 -13.35478805
As  21.36750970 -21.36750970 -21.36750970
As  21.36750970 -16.02580235 -16.02580235
Ga  24.03882636 -18.69672216 -18.69672216
Ga  24.03882636 -13.35488253 -13.35488253
Ga -2.67093871 -2.67091981 -18.69672216
Ga -2.67086312 -8.01275944 -13.35473136
Ga -8.01275944 -2.67086312 -13.35473136
As  5.34193412 -5.34193412 -21.36769867
As  0.00012883 -5.34176404 -16.02563227
As  5.34204750 -10.68375485 -16.02568897
Ga  2.67095761 -8.01291062 -18.69675996
Ga  8.01291062 -2.67095761 -18.69675996
Ga  8.01287283 -8.01287283 -13.35469356
Ga  2.67093871 -2.67091981 -13.35461797
As  10.68392492 -10.68392492 -21.36769867
As  10.68373595 -5.34204750 -16.02568897
As  16.02578345 -10.68398162 -16.02578345
Ga  13.35492033 -8.01291062 -18.69683555
Ga  18.69683555 -8.01291062 -13.35492033
Ga  13.35476915 -2.67101430 -13.35476915
Ga -13.35492033  8.01291062 -18.69683555
Ga -13.35476915  2.67101430 -13.35476915
Ga -18.69683555  8.01291062 -13.35492033
As -5.34193412  5.34193412 -21.36769867
As -10.68375485  5.34204750 -16.02568897
As -5.34176404  0.00012929 -16.02563227
Ga -8.01291062  2.67095761 -18.69675996
Ga -2.67095761  8.01291062 -18.69675996
Ga -2.67093871  2.67093871 -13.35461797
Ga -8.01287283  8.01287283 -13.35469356
As -0.00000054 -0.00000014 -21.36750970
As -0.00012999  5.34176404 -16.02563227
As  5.34176404 -0.00012973 -16.02563227
Ga  2.67091981  2.67093871 -18.69672216
Ga  8.01275944  2.67086312 -13.35473136
Ga  2.67086312  8.01275944 -13.35473136
Ga -24.03882636  18.69672216 -18.69672216
Ga -24.03882636  13.35488253 -13.35488253
As -16.02580235  16.02580235 -21.36750970
As -21.36750970  16.02580235 -16.02580235
As -16.02578345  10.68398162 -16.02578345
Ga -18.69685444  13.35473136 -18.69685444
Ga -13.35473136  18.69685444 -18.69685444
Ga -13.35478805  13.35478805 -13.35478805
Ga -18.69685444  18.69685444 -13.35473136
As -10.68392492  10.68392492 -21.36769867
As -10.68398162  16.02578345 -16.02578345
As -5.34204750  10.68375485 -16.02568897
Ga -8.01291062  13.35492033 -18.69683555
Ga -2.67101430  13.35476915 -13.35476915
Ga -8.01291062  18.69683555 -13.35492033
As -21.36750970  21.36750970 -21.36750970
As -16.02580235  21.36750970 -16.02580235
Ga -18.69672216  24.03882636 -18.69672216
Ga -13.35488253  24.03882636 -13.35488253
Ga  8.01294842 -24.03882636 -8.01294842
Ga  2.67097651 -24.03882636 -2.67097651
Ga -2.67086312 -13.35473136 -8.01275944
Ga -2.67093871 -18.69672216 -2.67091981
Ga -8.01275944 -13.35473136 -2.67086312
As  5.34204750 -16.02568897 -10.68375485
As  0.00012883 -16.02563227 -5.34176404
As  5.34193412 -21.36769867 -5.34193412
Ga  2.67095761 -18.69675996 -8.01291062
Ga  8.01287283 -13.35469356 -8.01287283
Ga  8.01291062 -18.69675996 -2.67095761
Ga  2.67093871 -13.35461797 -2.67091981
As  10.68392492 -21.36769867 -10.68392492
As  16.02578345 -16.02578345 -10.68398162
As  10.68373595 -16.02568897 -5.34204750
Ga  13.35492033 -18.69683555 -8.01291062
Ga  18.69683555 -13.35492033 -8.01291062
Ga  13.35476915 -13.35476915 -2.67101430
Ga -13.35473136 -2.67086312 -8.01275944
Ga -13.35473136 -8.01275944 -2.67086312
Ga -18.69672216 -2.67091981 -2.67091981
As -5.34170735 -5.34170735 -10.68362257
As -10.68362257 -5.34170735 -5.34170735
As -5.34170735 -10.68362257 -5.34170735
Ga -8.01275944 -8.01275944 -8.01275944
Ga -2.67084423 -2.67084423 -8.01270275
Ga -2.67084423 -8.01270275 -2.67084423
Ga -8.01270275 -2.67084423 -2.67084423
As  0.00013520 -10.68364147 -10.68364147
As  5.34187742 -5.34187742 -10.68369816
As  0.00002575 -5.34178294 -5.34178294
As  5.34187742 -10.68369816 -5.34187742
Ga  2.67095761 -8.01274055 -8.01274055
Ga  8.01274055 -2.67095761 -8.01274055
Ga  8.01274055 -8.01274055 -2.67095761
Ga  2.67090092 -2.67090092 -2.67090092
As  10.68381154 -10.68381154 -10.68381154
As  16.02568897 -5.34204750 -10.68375485
As  10.68369816 -5.34187742 -5.34187742
As  16.02568897 -10.68375485 -5.34204750
Ga  13.35469356 -8.01287283 -8.01287283
Ga  18.69675996 -2.67095761 -8.01291062
Ga  18.69675996 -8.01291062 -2.67095761
Ga  13.35461797 -2.67091981 -2.67091981
As  21.36769867 -10.68392492 -10.68392492
As  21.36769867 -5.34193412 -5.34193412
Ga  24.03882636 -8.01294842 -8.01294842
Ga  24.03882636 -2.67097651 -2.67097651
Ga -24.03882636  8.01294842 -8.01294842
Ga -24.03882636  2.67097651 -2.67097651
As -16.02568897  5.34204750 -10.68375485
As -21.36769867  5.34193412 -5.34193412
As -16.02563227  0.00012925 -5.34176404
Ga -18.69675996  2.67095761 -8.01291062
Ga -13.35469356  8.01287283 -8.01287283
Ga -13.35461797  2.67093871 -2.67091981
Ga -18.69675996  8.01291062 -2.67095761
As -10.68364147  0.00013567 -10.68364147
As -5.34187742  5.34187742 -10.68369816
As -10.68369816  5.34187742 -5.34187742
As -5.34178294  0.00002606 -5.34178294
Ga -8.01274055  2.67095761 -8.01274055
Ga -2.67095761  8.01274055 -8.01274055
Ga -2.67090092  2.67090092 -2.67090092
Ga -8.01274055  8.01274055 -2.67095761
As -0.00000077 -0.00000047 -10.68364147
As  5.34170735  5.34170735 -10.68362257
As -0.00002738  5.34178294 -5.34178294
As  5.34178294 -0.00002719 -5.34178294
Ga  2.67084423  2.67084423 -8.01270275
Ga  8.01275944  8.01275944 -8.01275944
Ga  8.01270275  2.67084423 -2.67084423
Ga  2.67084423  8.01270275 -2.67084423
As  10.68364147 -0.00013617 -10.68364147
As  10.68362257  5.34170735 -5.34170735
As  16.02563227 -0.00012979 -5.34176404
Ga  13.35473136  2.67086312 -8.01275944
Ga  18.69672216  2.67093871 -2.67093871
Ga  13.35473136  8.01275944 -2.67086312
As -21.36769867  10.68392492 -10.68392492
As -16.02578345  16.02578345 -10.68398162
As -16.02568897  10.68373595 -5.34204750
Ga -18.69683555  13.35492033 -8.01291062
Ga -13.35492033  18.69683555 -8.01291062
Ga -13.35478805  13.35476915 -2.67101430
As -10.68381154  10.68381154 -10.68381154
As -5.34204750  16.02568897 -10.68375485
As -10.68375485  16.02568897 -5.34204750
As -5.34187742  10.68369816 -5.34187742
Ga -8.01287283  13.35469356 -8.01287283
Ga -2.67095761  18.69675996 -8.01291062
Ga -2.67093871  13.35461797 -2.67093871
Ga -8.01291062  18.69675996 -2.67095761
As -0.00013635  10.68364147 -10.68364147
As -0.00013003  16.02563227 -5.34176404
As  5.34170735  10.68362257 -5.34170735
Ga  2.67086312  13.35473136 -8.01275944
Ga  8.01275944  13.35473136 -2.67086312
Ga  2.67091981  18.69672216 -2.67093871
As -10.68392492  21.36769867 -10.68392492
As -5.34193412  21.36769867 -5.34193412
Ga -8.01294842  24.03882636 -8.01294842
Ga -2.67097651  24.03882636 -2.67097651
Ga -2.67097651 -24.03882636  2.67097651
Ga -8.01294842 -24.03882636  8.01294842
Ga -13.35476915 -13.35476915  2.67101430
Ga -13.35492033 -18.69683555  8.01291062
Ga -18.69683555 -13.35492033  8.01291062
As -5.34176404 -16.02563227  0.00012929
As -10.68375485 -16.02568897  5.34204750
As -5.34193412 -21.36769867  5.34193412
Ga -8.01291062 -18.69675996  2.67095761
Ga -2.67093871 -13.35461797  2.67093871
Ga -2.67095761 -18.69675996  8.01291062
Ga -8.01287283 -13.35469356  8.01287283
As -0.00000054 -21.36750970 -0.00000014
As  5.34176404 -16.02563227 -0.00012973
As -0.00012999 -16.02563227  5.34176404
Ga  2.67091981 -18.69672216  2.67093871
Ga  8.01275944 -13.35473136  2.67086312
Ga  2.67086312 -13.35473136  8.01275944
Ga -24.03882636 -2.67097651  2.67097651
Ga -24.03882636 -8.01294842  8.01294842
As -16.02563227 -5.34176404  0.00012925
As -21.36769867 -5.34193412  5.34193412
As -16.02568897 -10.68375485  5.34204750
Ga -18.69675996 -8.01291062  2.67095761
Ga -13.35461797 -2.67091981  2.67093871
Ga -13.35469356 -8.01287283  8.01287283
Ga -18.69675996 -2.67095761  8.01291062
As -10.68364147 -10.68364147  0.00013567
As -5.34178294 -5.34178294  0.00002606
As -10.68369816 -5.34187742  5.34187742
As -5.34187742 -10.68369816  5.34187742
Ga -8.01274055 -8.01274055  2.67095761
Ga -2.67090092 -2.67090092  2.67090092
Ga -2.67095761 -8.01274055  8.01274055
Ga -8.01274055 -2.67095761  8.01274055
As -0.00000077 -10.68364147 -0.00000047
As  5.34178294 -5.34178294 -0.00002719
As -0.00002738 -5.34178294  5.34178294
As  5.34170735 -10.68362257  5.34170735
Ga  2.67084423 -8.01270275  2.67084423
Ga  8.01270275 -2.67084423  2.67084423
Ga  8.01275944 -8.01275944  8.01275944
Ga  2.67084423 -2.67084423  8.01270275
As  10.68364147 -10.68364147 -0.00013617
As  16.02563227 -5.34176404 -0.00012979
As  10.68362257 -5.34170735  5.34170735
Ga  13.35473136 -8.01275944  2.67086312
Ga  18.69672216 -2.67093871  2.67093871
Ga  13.35473136 -2.67086312  8.01275944
As -21.36750970 -0.00000016 -0.00000016
As -16.02563227  5.34176404 -0.00012978
As -16.02563227 -0.00012978  5.34176404
Ga -18.69672216  2.67093871  2.67093871
Ga -13.35473136  8.01275944  2.67086312
Ga -13.35473136  2.67086312  8.01275944
As -10.68364147 -0.00000051 -0.00000051
As -5.34178294  5.34178294 -0.00002723
As -10.68362257  5.34170735  5.34170735
As -5.34178294 -0.00002723  5.34178294
Ga -8.01270275  2.67084423  2.67084423
Ga -2.67084423  8.01270275  2.67084423
Ga -2.67084423  2.67084423  8.01270275
Ga -8.01275944  8.01275944  8.01275944
As -0.00000090 -0.00000071 -0.00000071
As  5.34178294  5.34178294  0.00002595
As  0.00002570  5.34178294  5.34178294
As  5.34178294  0.00002595  5.34178294
Ga  2.67090092  2.67090092  2.67090092
Ga  8.01274055  8.01274055  2.67095761
Ga  8.01274055  2.67095761  8.01274055
Ga  2.67095761  8.01274055  8.01274055
As  10.68364147 -0.00000054 -0.00000054
As  16.02563227  5.34176404  0.00012911
As  10.68369816  5.34187742  5.34187742
As  16.02563227  0.00012911  5.34176404
Ga  13.35461797  2.67093871  2.67093871
Ga  18.69675996  8.01291062  2.67095761
Ga  18.69675996  2.67095761  8.01291062
Ga  13.35469356  8.01287283  8.01287283
As  21.36750970 -0.00000024 -0.00000024
As  21.36769867  5.34193412  5.34193412
Ga  24.03882636  2.67097651  2.67097651
Ga  24.03882636  8.01294842  8.01294842
As -10.68364147  10.68364147 -0.00013624
As -5.34176404  16.02563227 -0.00012986
As -5.34170735  10.68362257  5.34170735
Ga -8.01275944  13.35473136  2.67086312
Ga -2.67093871  18.69672216  2.67093871
Ga -2.67086312  13.35473136  8.01275944
As -0.00000081  10.68364147 -0.00000059
As  5.34176404  16.02563227  0.00012909
As  0.00012872  16.02563227  5.34176404
As  5.34187742  10.68369816  5.34187742
Ga  2.67093871  13.35461797  2.67093871
Ga  8.01291062  18.69675996  2.67095761
Ga  8.01287283  13.35469356  8.01287283
Ga  2.67095761  18.69675996  8.01291062
As  10.68364147  10.68364147  0.00013544
As  10.68373595  16.02568897  5.34204750
As  16.02568897  10.68373595  5.34204750
Ga  13.35476915  13.35476915  2.67101430
Ga  18.69683555  13.35492033  8.01291062
Ga  13.35492033  18.69683555  8.01291062
As -0.00000063  21.36750970 -0.00000027
As  5.34193412  21.36769867  5.34193412
Ga  2.67097651  24.03882636  2.67097651
Ga  8.01294842  24.03882636  8.01294842
Ga -13.35488253 -24.03882636  13.35488253
Ga -18.69672216 -24.03882636  18.69672216
Ga -24.03882636 -13.35488253  13.35488253
Ga -24.03882636 -18.69672216  18.69672216
As -16.02578345 -16.02578345  10.68398162
As -21.36750970 -16.02580235  16.02580235
As -16.02580235 -21.36750970  16.02580235
Ga -18.69685444 -18.69685444  13.35473136
Ga -13.35478805 -13.35478805  13.35478805
Ga -13.35473136 -18.69685444  18.69685444
Ga -18.69685444 -13.35473136  18.69685444
As -10.68392492 -21.36769867  10.68392492
As -5.34204750 -16.02568897  10.68375485
As -10.68398162 -16.02578345  16.02578345
Ga -8.01291062 -18.69683555  13.35492033
Ga -2.67101430 -13.35476915  13.35476915
Ga -8.01291062 -13.35492033  18.69683555
As -21.36769867 -10.68392492  10.68392492
As -16.02568897 -5.34204750  10.68373595
As -16.02578345 -10.68398162  16.02578345
Ga -18.69683555 -8.01291062  13.35492033
Ga -13.35478805 -2.67101430  13.35476915
Ga -13.35492033 -8.01291062  18.69683555
As -10.68381154 -10.68381154  10.68381154
As -5.34187742 -5.34187742  10.68369816
As -10.68375485 -5.34204750  16.02568897
As -5.34204750 -10.68375485  16.02568897
Ga -8.01287283 -8.01287283  13.35469356
Ga -2.67093871 -2.67093871  13.35461797
Ga -2.67095761 -8.01291062  18.69675996
Ga -8.01291062 -2.67095761  18.69675996
As -0.00013635 -10.68364147  10.68364147
As  5.34170735 -5.34170735  10.68362257
As -0.00013003 -5.34176404  16.02563227
Ga  2.67086312 -8.01275944  13.35473136
Ga  8.01275944 -2.67086312  13.35473136
Ga  2.67091981 -2.67093871  18.69672216
As -10.68364147 -0.00013624  10.68364147
As -5.34170735  5.34170735  10.68362257
As -5.34176404 -0.00012986  16.02563227
Ga -8.01275944  2.67086312  13.35473136
Ga -2.67086312  8.01275944  13.35473136
Ga -2.67093871  2.67093871  18.69672216
As -0.00000081 -0.00000059  10.68364147
As  5.34187742  5.34187742  10.68369816
As  0.00012872  5.34176404  16.02563227
As  5.34176404  0.00012909  16.02563227
Ga  2.67093871  2.67093871  13.35461797
Ga  8.01287283  8.01287283  13.35469356
Ga  8.01291062  2.67095761  18.69675996
Ga  2.67095761  8.01291062  18.69675996
As  10.68364147  0.00013544  10.68364147
As  16.02568897  5.34204750  10.68373595
As  10.68373595  5.34204750  16.02568897
Ga  13.35476915  2.67101430  13.35476915
Ga  18.69683555  8.01291062  13.35492033
Ga  13.35492033  8.01291062  18.69683555
As  0.00013505  10.68364147  10.68364147
As  5.34202860  16.02568897  10.68373595
As  5.34202860  10.68373595  16.02568897
Ga  2.67099540  13.35476915  13.35476915
Ga  8.01291062  18.69683555  13.35492033
Ga  8.01291062  13.35492033  18.69683555
As  10.68381154  10.68381154  10.68381154
As  16.02578345  16.02578345  10.68398162
As  10.68398162  16.02578345  16.02578345
As  16.02578345  10.68398162  16.02578345
Ga  13.35478805  13.35478805  13.35478805
Ga  18.69685444  18.69685444  13.35473136
Ga  18.69685444  13.35473136  18.69685444
Ga  13.35473136  18.69685444  18.69685444
As  21.36769867  10.68392492  10.68392492
As  21.36750970  16.02580235  16.02580235
Ga  24.03882636  13.35488253  13.35488253
Ga  24.03882636  18.69672216  18.69672216
As  10.68392492  21.36769867  10.68392492
As  16.02580235  21.36750970  16.02580235
Ga  13.35488253  24.03882636  13.35488253
Ga  18.69672216  24.03882636  18.69672216
As -21.36750970 -21.36750970  21.36750970
As -16.02580235 -16.02580235  21.36750970
Ga -18.69672216 -18.69672216  24.03882636
Ga -13.35488253 -13.35488253  24.03882636
As -10.68392492 -10.68392492  21.36769867
As -5.34193412 -5.34193412  21.36769867
Ga -8.01294842 -8.01294842  24.03882636
Ga -2.67097651 -2.67097651  24.03882636
As -0.00000063 -0.00000027  21.36750970
As  5.34193412  5.34193412  21.36769867
Ga  2.67097651  2.67097651  24.03882636
Ga  8.01294842  8.01294842  24.03882636
As  10.68392492  10.68392492  21.36769867
As  16.02580235  16.02580235  21.36750970
Ga  13.35488253  13.35488253  24.03882636
Ga  18.69672216  18.69672216  24.03882636
As  21.36750970  21.36750970  21.36750970
P1  17.23243491 -20.16118611 -25.50264590
P1  20.16118611 -17.23244530 -25.50264590
P1  11.89059528 -14.81928411 -25.50285377
P1  14.81928411 -11.89059528 -25.50285377
P1  6.54873392 -9.47725646 -25.50295771
P1  9.47725646 -6.54873392 -25.50295771
P1  1.20681957 -4.13518061 -25.50306164
P1  4.13518061 -1.20681983 -25.50306164
P1 -4.13518061  1.20681985 -25.50306164
P1 -1.20681997  4.13518061 -25.50306164
P1 -9.47725646  6.54873392 -25.50295771
P1 -6.54873392  9.47725646 -25.50295771
P1 -14.81928411  11.89059528 -25.50285377
P1 -11.89059528  14.81928411 -25.50285377
P1 -20.16118611  17.23243491 -25.50264590
P1 -17.23244530  20.16118611 -25.50264590
P1  17.23243491 -25.50264590 -20.16118611
P1  20.16118611 -25.50264590 -17.23244530
P1  11.89059528 -25.50285377 -14.81928411
P1  14.81928411 -25.50285377 -11.89059528
P1  6.54894557 -14.81915561 -20.16123713
P1  6.54894557 -20.16123713 -14.81915561
P1  1.20709627 -14.81911876 -14.81911876
P1  11.89071433 -20.16114170 -20.16114170
P1  20.16114170 -11.89071433 -20.16114170
P1  20.16114170 -20.16114170 -11.89071433
P2  22.16879131 -22.16879131 -22.16879131
P1  25.50264590 -17.23244530 -20.16118611
P1  25.50264590 -20.16118611 -17.23244530
P1  25.50285377 -11.89059528 -14.81928411
P1  25.50285377 -14.81928411 -11.89059528
P1 -4.13494534 -4.13493684 -20.16129004
P1 -4.13485936 -9.47695316 -14.81912254
P1 -9.47695316 -4.13485936 -14.81912254
P1  1.20704621 -9.47703158 -20.16130705
P1  9.47703158 -1.20704637 -20.16130705
P1  14.81915561 -6.54894557 -20.16123713
P1  20.16123713 -6.54894557 -14.81915561
P1  14.81911876 -1.20710494 -14.81911876
P1 -14.81915561  6.54894557 -20.16123713
P1 -14.81911876  1.20710507 -14.81911876
P1 -20.16123713  6.54894557 -14.81915561
P1 -9.47703158  1.20704651 -20.16130705
P1 -1.20704644  9.47703158 -20.16130705
P1  4.13493684  4.13494534 -20.16129004
P1  9.47695316  4.13485936 -14.81912254
P1  4.13485936  9.47695316 -14.81912254
P1 -25.50264590  17.23243491 -20.16118611
P1 -25.50264590  20.16118611 -17.23244530
P1 -25.50285377  11.89059528 -14.81928411
P1 -25.50285377  14.81928411 -11.89059528
P1 -20.16114170  11.89071433 -20.16114170
P1 -11.89071433  20.16114170 -20.16114170
P1 -20.16114170  20.16114170 -11.89071433
P1 -6.54894557  14.81915561 -20.16123713
P1 -1.20710500  14.81911876 -14.81911876
P1 -6.54894557  20.16123713 -14.81915561
P2 -22.16879131  22.16879131 -22.16879131
P1 -17.23244530  25.50264590 -20.16118611
P1 -20.16118611  25.50264590 -17.23244530
P1 -11.89059528  25.50285377 -14.81928411
P1 -14.81928411  25.50285377 -11.89059528
P1  6.54873392 -25.50295771 -9.47725646
P1  9.47725646 -25.50295771 -6.54873392
P1  1.20681957 -25.50306164 -4.13518061
P1  4.13518061 -25.50306164 -1.20681983
P1 -4.13485936 -14.81912254 -9.47695316
P1 -4.13494534 -20.16129004 -4.13493684
P1 -9.47695316 -14.81912254 -4.13485936
P1  1.20704621 -20.16130705 -9.47703158
P1  9.47703158 -20.16130705 -1.20704637
P1  14.81915561 -20.16123713 -6.54894557
P1  20.16123713 -14.81915561 -6.54894557
P1  14.81911876 -14.81911876 -1.20710494
P1 -14.81912254 -4.13485936 -9.47695316
P1 -14.81912254 -9.47695316 -4.13485936
P1 -20.16129004 -4.13493684 -4.13493684
P1 -9.47694276 -9.47694276 -9.47694276
P1  20.16130705 -1.20704652 -9.47703158
P1  20.16130705 -9.47703158 -1.20704652
P1  25.50295771 -6.54873392 -9.47725646
P1  25.50295771 -9.47725646 -6.54873392
P1  25.50306164 -1.20681980 -4.13518061
P1  25.50306164 -4.13518061 -1.20681980
P1 -25.50295771  6.54873392 -9.47725646
P1 -25.50295771  9.47725646 -6.54873392
P1 -25.50306164  1.20681985 -4.13518061
P1 -25.50306164  4.13518061 -1.20681971
P1 -20.16130705  1.20704647 -9.47703158
P1 -20.16130705  9.47703158 -1.20704631
P1  9.47694276  9.47694276 -9.47694276
P1  14.81912254  4.13485936 -9.47695316
P1  20.16129004  4.13494534 -4.13494534
P1  14.81912254  9.47695316 -4.13485936
P1 -20.16123713  14.81915561 -6.54894557
P1 -14.81915561  20.16123713 -6.54894557
P1 -14.81912727  14.81911876 -1.20710496
P1 -1.20704663  20.16130705 -9.47703158
P1 -9.47703158  20.16130705 -1.20704656
P1  4.13485936  14.81912254 -9.47695316
P1  9.47695316  14.81912254 -4.13485936
P1  4.13493684  20.16129004 -4.13494534
P1 -6.54873392  25.50295771 -9.47725646
P1 -9.47725646  25.50295771 -6.54873392
P1 -1.20682004  25.50306164 -4.13518061
P1 -4.13518061  25.50306164 -1.20681978
P1 -4.13518061 -25.50306164  1.20681985
P1 -1.20681997 -25.50306164  4.13518061
P1 -9.47725646 -25.50295771  6.54873392
P1 -6.54873392 -25.50295771  9.47725646
P1 -14.81911876 -14.81911876  1.20710507
P1 -14.81915561 -20.16123713  6.54894557
P1 -20.16123713 -14.81915561  6.54894557
P1 -9.47703158 -20.16130705  1.20704651
P1 -1.20704644 -20.16130705  9.47703158
P1  4.13493684 -20.16129004  4.13494534
P1  9.47695316 -14.81912254  4.13485936
P1  4.13485936 -14.81912254  9.47695316
P1 -25.50306164 -4.13518061  1.20681985
P1 -25.50306164 -1.20681971  4.13518061
P1 -25.50295771 -9.47725646  6.54873392
P1 -25.50295771 -6.54873392  9.47725646
P1 -20.16130705 -9.47703158  1.20704647
P1 -20.16130705 -1.20704631  9.47703158
P1  9.47694276 -9.47694276  9.47694276
P1  14.81912254 -9.47695316  4.13485936
P1  20.16129004 -4.13494534  4.13494534
P1  14.81912254 -4.13485936  9.47695316
P1 -20.16129004  4.13494534  4.13494534
P1 -14.81912254  9.47695316  4.13485936
P1 -14.81912254  4.13485936  9.47695316
P1 -9.47694276  9.47694276  9.47694276
P1  20.16130705  9.47703158  1.20704645
P1  20.16130705  1.20704645  9.47703158
P1  25.50306164  4.13518061  1.20681976
P1  25.50306164  1.20681976  4.13518061
P1  25.50295771  9.47725646  6.54873392
P1  25.50295771  6.54873392  9.47725646
P1 -9.47695316  14.81912254  4.13485936
P1 -4.13494534  20.16129004  4.13494534
P1 -4.13485936  14.81912254  9.47695316
P1  9.47703158  20.16130705  1.20704650
P1  1.20704618  20.16130705  9.47703158
P1  14.81911876  14.81911876  1.20710493
P1  20.16123713  14.81915561  6.54894557
P1  14.81915561  20.16123713  6.54894557
P1  4.13518061  25.50306164  1.20681984
P1  1.20681944  25.50306164  4.13518061
P1  9.47725646  25.50295771  6.54873392
P1  6.54873392  25.50295771  9.47725646
P1 -14.81928411 -25.50285377  11.89059528
P1 -11.89059528 -25.50285377  14.81928411
P1 -20.16118611 -25.50264590  17.23243491
P1 -17.23244530 -25.50264590  20.16118611
P1 -25.50285377 -14.81928411  11.89059528
P1 -25.50285377 -11.89059528  14.81928411
P1 -25.50264590 -20.16118611  17.23243491
P1 -25.50264590 -17.23244530  20.16118611
P1 -20.16114170 -20.16114170  11.89071433
P1 -11.89071433 -20.16114170  20.16114170
P1 -20.16114170 -11.89071433  20.16114170
P1 -6.54894557 -20.16123713  14.81915561
P1 -1.20710500 -14.81911876  14.81911876
P1 -6.54894557 -14.81915561  20.16123713
P1 -20.16123713 -6.54894557  14.81915561
P1 -14.81912727 -1.20710496  14.81911876
P1 -14.81915561 -6.54894557  20.16123713
P1 -1.20704663 -9.47703158  20.16130705
P1 -9.47703158 -1.20704656  20.16130705
P1  4.13485936 -9.47695316  14.81912254
P1  9.47695316 -4.13485936  14.81912254
P1  4.13493684 -4.13494534  20.16129004
P1 -9.47695316  4.13485936  14.81912254
P1 -4.13485936  9.47695316  14.81912254
P1 -4.13494534  4.13494534  20.16129004
P1  9.47703158  1.20704650  20.16130705
P1  1.20704618  9.47703158  20.16130705
P1  14.81911876  1.20710493  14.81911876
P1  20.16123713  6.54894557  14.81915561
P1  14.81915561  6.54894557  20.16123713
P1  1.20709615  14.81911876  14.81911876
P1  6.54894557  20.16123713  14.81915561
P1  6.54894557  14.81915561  20.16123713
P1  20.16114170  20.16114170  11.89071433
P1  20.16114170  11.89071433  20.16114170
P1  11.89071433  20.16114170  20.16114170
P1  25.50285377  14.81928411  11.89059528
P1  25.50285377  11.89059528  14.81928411
P1  25.50264590  20.16118611  17.23243491
P1  25.50264590  17.23243491  20.16118611
P1  14.81928411  25.50285377  11.89059528
P1  11.89059528  25.50285377  14.81928411
P1  20.16118611  25.50264590  17.23243491
P1  17.23243491  25.50264590  20.16118611
P2 -22.16879131 -22.16879131  22.16879131
P1 -17.23244530 -20.16118611  25.50264590
P1 -20.16118611 -17.23244530  25.50264590
P1 -11.89059528 -14.81928411  25.50285377
P1 -14.81928411 -11.89059528  25.50285377
P1 -6.54873392 -9.47725646  25.50295771
P1 -9.47725646 -6.54873392  25.50295771
P1 -1.20682004 -4.13518061  25.50306164
P1 -4.13518061 -1.20681978  25.50306164
P1  4.13518061  1.20681984  25.50306164
P1  1.20681944  4.13518061  25.50306164
P1  9.47725646  6.54873392  25.50295771
P1  6.54873392  9.47725646  25.50295771
P1  14.81928411  11.89059528  25.50285377
P1  11.89059528  14.81928411  25.50285377
P1  20.16118611  17.23243491  25.50264590
P1  17.23243491  20.16118611  25.50264590
P2  22.16879131  22.16879131  22.16879131
