0 -0.214929299967822 1.6105e-06
1 -0.214929299964846 1.34495e-06
2 -0.21492929996229 3.66582e-06
3 -0.214888763539113 1.45433e-06
4 -0.214888763533739 1.07753e-06
5 -0.214888763532127 3.03736e-06
6 -0.214617197700022 1.51304e-06
7 -0.214617197698005 3.88228e-06
8 -0.214463179893078 1.44304e-06
9 -0.214463179891266 1.00238e-06
10 -0.214463179890842 1.27053e-06
11 -0.214132605228051 7.23148e-07
12 -0.214132605226798 5.13225e-07
13 -0.213992477861599 1.23922e-06
14 -0.213927465599456 4.94952e-07
15 -0.21392746559823 4.81536e-07
16 -0.213927465596778 2.56382e-06
17 -0.213511457902231 8.98687e-07
18 -0.213511457902171 5.02528e-07
19 -0.213245701687758 4.3698e-07
20 -0.213158316140025 7.66034e-07
21 -0.213158316135274 3.27889e-07
22 -0.21315831613522 3.05962e-07
23 -0.213075608651946 4.50167e-07
24 -0.213075608648788 4.80714e-07
25 -0.213075608648575 3.98493e-07
26 -0.212537026229004 2.71026e-07
27 -0.212537026228915 2.21193e-07
28 -0.212537026223479 3.81729e-07
29 -0.212114260349527 2.30577e-07
30 -0.21211426034922 1.94698e-07
31 -0.212114260349157 4.75577e-07
32 -0.212000917353268 1.90773e-07
33 -0.212000917352908 1.86785e-07
34 -0.212000917352898 1.77431e-07
35 -0.211877893622391 3.10933e-07
36 -0.211877893622362 2.24029e-07
37 -0.21187789362164 2.2091e-07
38 -0.210619215814461 1.29852e-07
39 -0.210619215814457 6.9843e-08
40 -0.210250693396175 9.4684e-08
41 -0.210250693396067 1.02021e-08
42 -0.210250693396062 8.9096e-08
43 -0.210172383006569 2.87355e-08
44 -0.210172383006563 7.48774e-08
45 -0.209999916791492 3.30062e-08
46 -0.209999916791361 6.8691e-08
47 -0.209999916791357 3.29009e-08
48 -0.209611334435136 1.3776e-07
49 -0.209016920654298 9.06019e-08
50 -0.209016920653677 2.07415e-08
51 -0.209016920653675 2.1722e-08
52 -0.209011300096839 2.8976e-08
53 -0.209011300096594 5.14171e-08
54 -0.209011300096588 1.05499e-07
55 -0.208430154378105 9.39852e-08
56 -0.208430154378067 1.02868e-07
57 -0.208430154378063 9.75713e-08
58 -0.208404256340794 4.998e-08
59 -0.20836138998775 5.37269e-08
60 -0.208361389987748 1.05433e-07
61 -0.20836138998542 1.05762e-07
62 -0.206831643630667 8.82351e-08
63 -0.206831643630661 1.12378e-07
64 -0.206278721664217 1.14124e-07
65 -0.206278721662147 1.22e-07
66 -0.206278721662143 8.87448e-08
67 -0.206275216852228 1.17863e-07
68 -0.206275216851604 1.03373e-07
69 -0.206275216851601 1.04773e-07
70 -0.205418820345512 1.06741e-07
71 -0.205418820345508 1.21058e-07
72 -0.205129952528135 1.12409e-07
73 -0.205129952528133 1.04175e-07
74 -0.205129952525998 1.03942e-07
75 -0.204393176976209 1.31919e-07
76 -0.204393176975756 1.11199e-07
77 -0.204393176975751 9.72508e-08
78 -0.203849628851236 9.35782e-08
79 -0.203849628851223 1.05696e-07
80 -0.203442840241561 1.06709e-07
81 -0.203052104573804 1.12254e-07
82 -0.2030521045738 1.14821e-07
83 -0.203052104572688 9.40958e-08
84 -0.202865751551177 1.08993e-07
85 -0.2028657515508 9.85267e-08
86 -0.202865751550793 1.13698e-07
87 -0.201918977456099 1.26276e-07
88 -0.201918977456076 1.32025e-07
89 -0.201918977455979 1.13881e-07
90 -0.131172114663098 3.41936e-08
91 -0.130148528247232 2.8976e-08
92 -0.130148428198042 6.96938e-09
93 -0.130148428187805 2.34131e-08
94 -0.130148428187801 3.03788e-08
95 -0.12748528468833 1.63446e-08
96 -0.127485284686246 3.29536e-08
97 -0.127485284686245 1.36876e-08
98 -0.127369496496872 4.01226e-08
99 -0.127243617200081 2.28886e-08
100 -0.127243617200076 3.58771e-08
101 -0.127155341965502 3.46472e-08
102 -0.125920213660204 1.14821e-08
103 -0.125920213659257 2.26601e-08
104 -0.125920213659254 2.04043e-08
105 -0.124235908516825 2.09909e-08
106 -0.124235908471636 3.23961e-08
107 -0.124235908471634 3.87144e-08
108 -0.12422981619322 2.19603e-08
109 -0.123487953415667 3.84897e-08
110 -0.123487953415665 5.55837e-08
111 -0.123080045433113 4.93337e-08
112 -0.121035120996881 1.31643e-07
113 -0.121035120988701 7.51664e-08
114 -0.121035120988699 1.76465e-07
115 -0.120717858122624 7.77306e-08
116 -0.120717858122622 1.08746e-07
117 -0.120717858121483 4.26999e-07
118 -0.120707958229554 2.46767e-07
119 -0.120589799434306 2.68918e-07
120 -0.120589799433128 7.80173e-07
121 -0.1205897994331 8.19987e-08
122 -0.120467863249023 6.0346e-07
123 -0.120467863249019 1.34175e-07
124 -0.120467863248629 7.21197e-07
125 -0.119952023078271 8.26519e-08
126 -0.119952023075946 5.64359e-05
127 -0.119952023070227 6.75119e-05
128 -0.118631623312581 2.14196e-07
129 -0.118631623312493 8.71285e-07
130 -0.118584389088417 8.2622e-07
131 -0.118584389085506 2.35092e-07
132 -0.118584389085469 6.91176e-07
133 -0.11857511151878 1.82686e-07
134 -0.118575111518743 7.88218e-07
135 -0.118575111517447 4.69717e-07
136 -0.118181851616982 4.32994e-07
137 -0.11818185161518 1.19638e-07
138 -0.118181851614864 1.66914e-06
139 -0.118106628293326 2.23312e-07
140 -0.118106628293307 2.4827e-07
141 -0.118106628291166 3.57176e-07
142 -0.117147902364408 1.83203e-07
143 -0.117147902360315 5.36786e-07
144 -0.117147902360217 1.01921e-06
145 -0.116823001930884 1.0976e-06
146 -0.116545681788868 7.97379e-07
147 -0.116545681782326 1.0211e-06
148 -0.116545681781885 1.26516e-06
149 -0.116456562602248 9.15166e-07
