0 -0.205530794114045 9.50535e-05
1 -0.205530793078714 0.000164985
2 -0.205530783388565 0.000968137
3 -0.205066301141458 6.73957e-05
4 -0.205066300240358 0.000269102
5 -0.205058606487333 5.30339e-05
6 -0.205058605769862 9.83925e-05
7 -0.205058602722139 0.000523762
8 -0.204918288396811 4.87622e-05
9 -0.204918283166012 0.000122338
10 -0.204918283064921 0.000161824
11 -0.204580180368093 3.8644e-05
12 -0.204580180060662 0.000112754
13 -0.204580178622028 0.000191497
14 -0.204461033692797 0.000111586
15 -0.204416920966051 4.65589e-05
16 -0.204416920542154 0.000128488
17 -0.204416919970122 0.00013204
18 -0.203415714865732 2.29557e-05
19 -0.203415709871723 4.61952e-05
20 -0.203415709742869 5.8841e-05
21 -0.203171602941329 3.33167e-05
22 -0.203171602909135 2.80382e-05
23 -0.202243703534438 1.9647e-05
24 -0.202243703522668 1.90375e-05
25 -0.202243700923772 1.45699e-05
26 -0.201542074796251 7.47873e-06
27 -0.201542074792596 9.72128e-06
28 -0.201141122941567 1.07496e-05
29 -0.201141122338947 1.62085e-05
30 -0.201141122334226 4.9192e-06
31 -0.200708639128827 6.23537e-06
32 -0.200708639126728 1.16751e-05
33 -0.200708638087315 4.03198e-06
34 -0.200584307268525 8.20759e-06
35 -0.200452481991156 1.26014e-05
36 -0.200452476343027 8.92769e-06
37 -0.200452476342436 3.56624e-06
38 -0.200025527520048 6.94057e-06
39 -0.200025527520007 4.21956e-06
40 -0.200025527340401 8.76472e-06
41 -0.199920294525434 1.08502e-05
42 -0.199920294524804 3.51552e-06
43 -0.199274873511866 1.40473e-05
44 -0.198380658950841 1.32582e-06
45 -0.19838065895061 1.08577e-05
46 -0.198380658939671 2.00961e-05
47 -0.198337865820545 1.01392e-06
48 -0.198337865820419 7.12948e-06
49 -0.19807051498811 5.2167e-06
50 -0.197246622949558 1.56981e-06
51 -0.197246622521125 1.69363e-06
52 -0.197246622521072 6.00801e-07
53 -0.196687447525072 9.2759e-07
54 -0.196687446663895 9.72665e-07
55 -0.19668744666389 8.26926e-07
56 -0.195243398254134 6.5274e-07
57 -0.195243398254121 6.69708e-07
58 -0.195243397166051 6.15113e-07
59 -0.19508786621526 1.09602e-06
60 -0.195087866215257 4.03889e-07
61 -0.1950878657935 2.69756e-07
62 -0.194282764357965 2.12979e-06
63 -0.194282763954602 4.22176e-07
64 -0.194282763954598 6.10141e-07
65 -0.193216546603712 1.4631e-07
66 -0.193216546603711 1.89551e-07
67 -0.192248062672391 1.44592e-07
68 -0.192248062350385 1.30916e-07
69 -0.192248062350378 1.39064e-07
70 -0.191632202374271 1.3089e-07
71 -0.191632202374271 1.77548e-07
72 -0.191218315936234 1.20857e-07
73 -0.191218315936228 8.82351e-08
74 -0.191218315824465 1.15364e-07
75 -0.189817843333478 7.69793e-08
76 -0.189817843333467 9.03719e-08
77 -0.189817842409228 1.01681e-07
78 -0.18951889819565 5.14845e-08
79 -0.188056787650665 9.26467e-08
80 -0.188056787650651 7.00414e-08
81 -0.187719759867257 5.26177e-08
82 -0.187719758218428 6.37667e-08
83 -0.187719758218424 7.98117e-08
84 -0.18615845054152 5.66808e-08
85 -0.18615845054151 7.96376e-08
86 -0.1861584503609 8.79595e-08
87 -0.185610024232113 7.53393e-08
88 -0.185610024232104 7.7339e-08
89 -0.185610023894389 5.03259e-08
90 -0.107181307313343 2.27746e-08
91 -0.100031352983411 5.68336e-08
92 -0.0992605185708962 4.74152e-08
93 -0.0992605185708929 3.92484e-08
94 -0.0992605134369835 3.81729e-08
95 -0.095877750568517 2.98314e-08
96 -0.0958777505685149 3.41428e-08
97 -0.0958777194913702 3.48966e-08
98 -0.0957457419252384 3.83542e-08
99 -0.0937792212585701 2.90954e-08
100 -0.0937792212585657 1.46072e-08
101 -0.0937792211355272 1.55283e-08
102 -0.0923916756807721 4.14831e-08
103 -0.0922190056527557 4.63608e-08
104 -0.0922190056527544 4.82673e-08
105 -0.091550848906813 4.61921e-08
106 -0.09122564683957 3.57802e-08
107 -0.0912256468395685 4.27192e-08
108 -0.0912256151541493 4.56823e-08
109 -0.0901343749423751 2.30396e-08
110 -0.0901343749423724 1.65556e-08
111 -0.0901343746403397 2.49205e-08
112 -0.0871674777148352 1.3462e-07
113 -0.0865281861014758 1.47276e-07
114 -0.0865281861014722 1.76217e-07
115 -0.0865281314588068 1.52339e-07
116 -0.0858762659943745 2.39082e-07
117 -0.0858762659943633 3.17092e-07
118 -0.0857041226866692 3.14255e-07
119 -0.0853671639236199 2.53749e-07
120 -0.0853671639235808 5.15211e-07
121 -0.085367159495799 3.88875e-07
122 -0.0841773005188555 4.93363e-07
123 -0.0841772746430816 6.4439e-07
124 -0.0841772746428796 1.13059e-06
125 -0.08388751603912 1.21164e-06
126 -0.0838875160386956 1.86164e-06
127 -0.0838875089792733 1.13169e-06
128 -0.0837754984816643 5.85308e-07
129 -0.0837754984810687 1.84482e-06
130 -0.0837754874723712 1.12293e-06
131 -0.0836444570103751 8.4161e-07
132 -0.0836444570025252 1.19848e-06
133 -0.0836444570023557 1.51752e-06
134 -0.0830837043162316 1.23595e-06
135 -0.0830837043155691 2.09438e-06
136 -0.0821321952494853 1.54712e-06
137 -0.0821321952465553 3.60089e-06
138 -0.0821321940074279 2.34642e-06
139 -0.0817176023692326 2.62957e-06
140 -0.081717602365762 4.42501e-06
141 -0.0817175908648835 4.82469e-06
142 -0.0815545845120337 3.76865e-06
143 -0.0815545845038791 6.7695e-06
144 -0.0812611176102273 4.74076e-06
145 -0.0810724950286209 8.69439e-06
146 -0.0809766586015955 7.17111e-06
147 -0.0809766498122559 7.25507e-06
148 -0.0809766497953096 9.27899e-06
149 -0.0804655059552329 6.66327e-06
