1523
As -29.41452988 -13.35533607  8.01105869
As -29.41452988 -8.01105869  13.35533607
As -24.05318827 -18.70310944  8.00846977
Ga -26.72885130 -16.02398821  10.67625264
As -24.05564492 -13.35605416  13.35605416
Ga -26.72885130 -10.67625264  16.02398821
As -24.05318827 -8.00846977  18.70310944
As -18.70310944 -24.05318827  8.00846977
Ga -21.38130470 -21.38130470  10.68233755
As -18.70845736 -18.70845736  13.35973913
Ga -21.38168264 -16.02982747  16.02982747
As -18.70845736 -13.35973913  18.70845736
Ga -21.38130470 -10.68233755  21.38130470
As -18.70310944 -8.00846977  24.05318827
As -13.35533607 -29.41452988  8.01105869
Ga -16.02398821 -26.72885130  10.67625264
As -13.35605416 -24.05564492  13.35605416
Ga -16.02982747 -21.38168264  16.02982747
As -13.35973913 -18.70845736  18.70845736
Ga -16.02982747 -16.02982747  21.38168264
As -13.35605416 -13.35605416  24.05564492
Ga -16.02398821 -10.67625264  26.72885130
As -13.35533607 -8.01105869  29.41452988
As -8.01105869 -29.41452988  13.35533607
Ga -10.67625264 -26.72885130  16.02398821
As -8.00846977 -24.05318827  18.70310944
Ga -10.68233755 -21.38130470  21.38130470
As -8.00846977 -18.70310944  24.05318827
Ga -10.67625264 -16.02398821  26.72885130
As -8.01105869 -13.35533607  29.41452988
As -34.74147846 -2.67226152  2.67226152
As -29.38769577 -13.35618644 -2.67218593
Ga -32.07148462 -10.68764768 -0.01110719
As -29.39279803 -8.01708692  2.66464592
Ga -32.05296530 -5.33658619  5.33658619
As -29.39279803 -2.66464592  8.01708692
Ga -32.07148462  0.01110719  10.68764768
As -29.38769577  2.67218593  13.35618644
As -24.05375519 -18.70473460 -2.67511501
Ga -26.72261520 -16.02980857  0.00627512
As -24.04940882 -13.35824625  2.67452919
Ga -26.72809541 -10.68832799  5.34335141
As -24.05394416 -8.01604757  8.01604757
Ga -26.72809541 -5.34335141  10.68832799
As -24.04940882 -2.67452919  13.35824625
Ga -26.72261520 -0.00627512  16.02980857
As -24.05375519  2.67511501  18.70473460
As -18.70473460 -24.05375519 -2.67511501
Ga -21.37922600 -21.37922600  0.00063880
As -18.70558498 -18.70558498  2.67107099
Ga -21.37658038 -16.03190616  5.34278449
As -18.70600072 -13.36091076  8.01718140
Ga -21.37922600 -10.68726974  10.68726974
As -18.70600072 -8.01718140  13.36091076
Ga -21.37658038 -5.34278449  16.03190616
As -18.70558498 -2.67107099  18.70558498
Ga -21.37922600 -0.00063880  21.37922600
As -18.70473460  2.67511501  24.05375519
As -13.35618644 -29.38769577 -2.67218593
Ga -16.02980857 -26.72261520  0.00627512
As -13.35824625 -24.04940882  2.67452919
Ga -16.03190616 -21.37658038  5.34278449
As -13.36091076 -18.70600072  8.01718140
Ga -16.03487303 -16.03487303  10.68955631
As -13.36289497 -13.36289497  13.36289497
Ga -16.03487303 -10.68955631  16.03487303
As -13.36091076 -8.01718140  18.70600072
Ga -16.03190616 -5.34278449  21.37658038
As -13.35824625 -2.67452919  24.04940882
Ga -16.02980857 -0.00627512  26.72261520
As -13.35618644  2.67218593  29.38769577
Ga -10.68764768 -32.07148462 -0.01110719
As -8.01708692 -29.39279803  2.66464592
Ga -10.68832799 -26.72809541  5.34335141
As -8.01604757 -24.05394416  8.01604757
Ga -10.68726974 -21.37922600  10.68726974
As -8.01718140 -18.70600072  13.36091076
Ga -10.68955631 -16.03487303  16.03487303
As -8.01718140 -13.36091076  18.70600072
Ga -10.68726974 -10.68726974  21.37922600
As -8.01604757 -8.01604757  24.05394416
Ga -10.68832799 -5.34335141  26.72809541
As -8.01708692 -2.66464592  29.39279803
Ga -10.68764768  0.01110719  32.07148462
As -2.67226152 -34.74147846  2.67226152
Ga -5.33658619 -32.05296530  5.33658619
As -2.66464592 -29.39279803  8.01708692
Ga -5.34335141 -26.72809541  10.68832799
As -2.67452919 -24.04940882  13.35824625
Ga -5.34278449 -21.37658038  16.03190616
As -2.67107099 -18.70558498  18.70558498
Ga -5.34278449 -16.03190616  21.37658038
As -2.67452919 -13.35824625  24.04940882
Ga -5.34335141 -10.68832799  26.72809541
As -2.66464592 -8.01708692  29.39279803
Ga -5.33658619 -5.33658619  32.05296530
As -2.67226152 -2.67226152  34.74147846
Ga  0.01110719 -32.07148462  10.68764768
As  2.67218593 -29.38769577  13.35618644
Ga -0.00627512 -26.72261520  16.02980857
As  2.67511501 -24.05375519  18.70473460
Ga -0.00063880 -21.37922600  21.37922600
As  2.67511501 -18.70473460  24.05375519
Ga -0.00627512 -16.02980857  26.72261520
As  2.67218593 -13.35618644  29.38769577
Ga  0.01110719 -10.68764768  32.07148462
As -34.74147846  2.67226152 -2.67226152
As -29.41641960 -13.36215798 -13.36215798
As -29.38618399 -8.00975478 -8.00975478
Ga -32.05920140 -5.33057686 -5.33057686
As -29.38523912 -2.66591204 -2.66591204
Ga -32.06676030  0.00000000  0.00000000
As -29.38523912  2.66591204  2.66591204
Ga -32.05920140  5.33057686  5.33057686
As -29.38618399  8.00975478  8.00975478
As -29.41641960  13.36215798  13.36215798
As -24.05696773 -18.70486688 -13.35631873
Ga -26.73130794 -16.02625588 -10.68583355
As -24.05016471 -13.35898324 -8.01714361
Ga -26.71543425 -10.68505876 -5.34221758
As -24.04392862 -8.01447910 -2.67124107
Ga -26.71543425 -5.34338921  0.00051707
As -24.04373964 -2.67250718  2.67250718
Ga -26.71543425 -0.00051707  5.34338921
As -24.04392862  2.67124107  8.01447910
Ga -26.71543425  5.34221758  10.68505876
As -24.05016471  8.01714361  13.35898324
Ga -26.73130794  10.68583355  16.02625588
As -24.05696773  13.35631873  18.70486688
As -18.70486688 -24.05696773 -13.35631873
Ga -21.37998189 -21.37998189 -10.68350918
As -18.70603851 -18.70603851 -8.01576411
Ga -21.37865908 -16.03247308 -5.34499547
As -18.70522593 -13.36121312 -2.67256388
Ga -21.37525757 -10.68815791  0.00131947
As -18.70318503 -8.01642551  2.67335756
Ga -21.37601347 -5.34556239  5.34556239
As -18.70318503 -2.67335756  8.01642551
Ga -21.37525757 -0.00131947  10.68815791
As -18.70522593  2.67256388  13.36121312
Ga -21.37865908  5.34499547  16.03247308
As -18.70603851  8.01576411  18.70603851
Ga -21.37998189  10.68350918  21.37998189
As -18.70486688  13.35631873  24.05696773
As -13.36215798 -29.41641960 -13.36215798
Ga -16.02625588 -26.73130794 -10.68583355
As -13.35898324 -24.05016471 -8.01714361
Ga -16.03247308 -21.37865908 -5.34499547
As -13.36121312 -18.70522593 -2.67256388
Ga -16.03328566 -16.03328566 -0.00005707
As -13.36121312 -13.36121312  2.67284734
Ga -16.03249198 -10.68917836  5.34575136
As -13.36060840 -8.01755935  8.01755935
Ga -16.03249198 -5.34575136  10.68917836
As -13.36121312 -2.67284734  13.36121312
Ga -16.03328566  0.00005707  16.03328566
As -13.36121312  2.67256388  18.70522593
Ga -16.03247308  5.34499547  21.37865908
As -13.35898324  8.01714361  24.05016471
Ga -16.02625588  10.68583355  26.73130794
As -13.36215798  13.36215798  29.41641960
As -8.00975478 -29.38618399 -8.00975478
Ga -10.68505876 -26.71543425 -5.34221758
As -8.01447910 -24.04392862 -2.67124107
Ga -10.68815791 -21.37525757  0.00131947
As -8.01642551 -18.70318503  2.67335756
Ga -10.68917836 -16.03249198  5.34575136
As -8.01755935 -13.36060840  8.01755935
Ga -10.69021771 -10.69021771  10.69021771
As -8.01755935 -8.01755935  13.36060840
Ga -10.68917836 -5.34575136  16.03249198
As -8.01642551 -2.67335756  18.70318503
Ga -10.68815791 -0.00131947  21.37525757
As -8.01447910  2.67124107  24.04392862
Ga -10.68505876  5.34221758  26.71543425
As -8.00975478  8.00975478  29.38618399
Ga -5.33057686 -32.05920140 -5.33057686
As -2.66591204 -29.38523912 -2.66591204
Ga -5.34338921 -26.71543425  0.00051707
As -2.67250718 -24.04373964  2.67250718
Ga -5.34556239 -21.37601347  5.34556239
As -2.67335756 -18.70318503  8.01642551
Ga -5.34575136 -16.03249198  10.68917836
As -2.67284734 -13.36121312  13.36121312
Ga -5.34575136 -10.68917836  16.03249198
As -2.67335756 -8.01642551  18.70318503
Ga -5.34556239 -5.34556239  21.37601347
As -2.67250718 -2.67250718  24.04373964
Ga -5.34338921 -0.00051707  26.71543425
As -2.66591204  2.66591204  29.38523912
Ga -5.33057686  5.33057686  32.05920140
As  2.67226152 -34.74147846 -2.67226152
Ga  0.00000000 -32.06676030 -0.00000000
As  2.66591204 -29.38523912  2.66591204
Ga -0.00051707 -26.71543425  5.34338921
As  2.67124107 -24.04392862  8.01447910
Ga -0.00131947 -21.37525757  10.68815791
As  2.67256388 -18.70522593  13.36121312
Ga  0.00005707 -16.03328566  16.03328566
As  2.67256388 -13.36121312  18.70522593
Ga -0.00131947 -10.68815791  21.37525757
As  2.67124107 -8.01447910  24.04392862
Ga -0.00051707 -5.34338921  26.71543425
As  2.66591204 -2.66591204  29.38523912
Ga -0.00000000 -0.00000000  32.06676030
As  2.67226152  2.67226152  34.74147846
Ga  5.33057686 -32.05920140  5.33057686
As  8.00975478 -29.38618399  8.00975478
Ga  5.34221758 -26.71543425  10.68505876
As  8.01714361 -24.05016471  13.35898324
Ga  5.34499547 -21.37865908  16.03247308
As  8.01576411 -18.70603851  18.70603851
Ga  5.34499547 -16.03247308  21.37865908
As  8.01714361 -13.35898324  24.05016471
Ga  5.34221758 -10.68505876  26.71543425
As  8.00975478 -8.00975478  29.38618399
Ga  5.33057686 -5.33057686  32.05920140
As  13.36215798 -29.41641960  13.36215798
Ga  10.68583355 -26.73130794  16.02625588
As  13.35631873 -24.05696773  18.70486688
Ga  10.68350918 -21.37998189  21.37998189
As  13.35631873 -18.70486688  24.05696773
Ga  10.68583355 -16.02625588  26.73130794
As  13.36215798 -13.36215798  29.41641960
As -29.38769577 -2.67218593 -13.35618644
Ga -32.07148462 -0.01110719 -10.68764768
As -29.39279803  2.66464592 -8.01708692
Ga -32.05296530  5.33658619 -5.33658619
As -29.39279803  8.01708692 -2.66464592
Ga -32.07148462  10.68764768  0.01110719
As -29.38769577  13.35618644  2.67218593
As -24.05696773 -13.35631873 -18.70486688
Ga -26.73130794 -10.68583355 -16.02625588
As -24.05016471 -8.01714361 -13.35898324
Ga -26.71543425 -5.34221758 -10.68505876
As -24.04392862 -2.67124107 -8.01447910
Ga -26.71543425  0.00051707 -5.34338921
As -24.04373964  2.67250718 -2.67250718
Ga -26.71543425  5.34338921 -0.00051707
As -24.04392862  8.01447910  2.67124107
Ga -26.71543425  10.68505876  5.34221758
As -24.05016471  13.35898324  8.01714361
Ga -26.73130794  16.02625588  10.68583355
As -24.05696773  18.70486688  13.35631873
As -18.70573616 -18.70573616 -18.70573616
Ga -21.38262751 -16.03336125 -16.03336125
As -18.70736132 -13.36242254 -13.36242254
Ga -21.37676936 -10.68904608 -10.68904608
As -18.70354407 -8.01742707 -8.01742707
Ga -21.37204504 -5.34395612 -5.34395612
As -18.70087956 -2.67188358 -2.67188358
Ga -21.37185607  0.00000000  0.00000000
As -18.70087956  2.67188358  2.67188358
Ga -21.37204504  5.34395612  5.34395612
As -18.70354407  8.01742707  8.01742707
Ga -21.37676936  10.68904608  10.68904608
As -18.70736132  13.36242254  13.36242254
Ga -21.38262751  16.03336125  16.03336125
As -18.70573616  18.70573616  18.70573616
As -13.35631873 -24.05696773 -18.70486688
Ga -16.03336125 -21.38262751 -16.03336125
As -13.36242254 -18.70736132 -13.36242254
Ga -16.03424942 -16.03424942 -10.68995315
As -13.36174224 -13.36174224 -8.01778612
Ga -16.03237860 -10.68917836 -5.34480650
As -13.35977692 -8.01693574 -2.67239380
Ga -16.03020541 -5.34427738  0.00069040
As -13.35800058 -2.67209145  2.67209145
Ga -16.03020541 -0.00069040  5.34427738
As -13.35977692  2.67239380  8.01693574
Ga -16.03237860  5.34480650  10.68917836
As -13.36174224  8.01778612  13.36174224
Ga -16.03424942  10.68995315  16.03424942
As -13.36242254  13.36242254  18.70736132
Ga -16.03336125  16.03336125  21.38262751
As -13.35631873  18.70486688  24.05696773
Ga -10.68583355 -26.73130794 -16.02625588
As -8.01714361 -24.05016471 -13.35898324
Ga -10.68904608 -21.37676936 -10.68904608
As -8.01742707 -18.70354407 -8.01742707
Ga -10.68917836 -16.03237860 -5.34480650
As -8.01693574 -13.35977692 -2.67239380
Ga -10.68836578 -10.68836578  0.00096215
As -8.01570742 -8.01570742  2.67237490
Ga -10.68832799 -5.34497658  5.34497658
As -8.01570742 -2.67237490  8.01570742
Ga -10.68836578 -0.00096215  10.68836578
As -8.01693574  2.67239380  13.35977692
Ga -10.68917836  5.34480650  16.03237860
As -8.01742707  8.01742707  18.70354407
Ga -10.68904608  10.68904608  21.37676936
As -8.01714361  13.35898324  24.05016471
Ga -10.68583355  16.02625588  26.73130794
As -2.67218593 -29.38769577 -13.35618644
Ga -5.34221758 -26.71543425 -10.68505876
As -2.67124107 -24.04392862 -8.01447910
Ga -5.34395612 -21.37204504 -5.34395612
As -2.67188358 -18.70087956 -2.67188358
Ga -5.34427738 -16.03020541  0.00069040
As -2.67209145 -13.35800058  2.67209145
Ga -5.34497658 -10.68832799  5.34497658
As -2.67237490 -8.01570742  8.01570742
Ga -5.34497658 -5.34497658  10.68832799
As -2.67209145 -2.67209145  13.35800058
Ga -5.34427738 -0.00069040  16.03020541
As -2.67188358  2.67188358  18.70087956
Ga -5.34395612  5.34395612  21.37204504
As -2.67124107  8.01447910  24.04392862
Ga -5.34221758  10.68505876  26.71543425
As -2.67218593  13.35618644  29.38769577
Ga -0.01110719 -32.07148462 -10.68764768
As  2.66464592 -29.39279803 -8.01708692
Ga  0.00051707 -26.71543425 -5.34338921
As  2.67250718 -24.04373964 -2.67250718
Ga  0.00000000 -21.37185607 -0.00000000
As  2.67188358 -18.70087956  2.67188358
Ga -0.00069040 -16.03020541  5.34427738
As  2.67239380 -13.35977692  8.01693574
Ga -0.00096215 -10.68836578  10.68836578
As  2.67239380 -8.01693574  13.35977692
Ga -0.00069040 -5.34427738  16.03020541
As  2.67188358 -2.67188358  18.70087956
Ga -0.00000000 -0.00000000  21.37185607
As  2.67250718  2.67250718  24.04373964
Ga  0.00051707  5.34338921  26.71543425
As  2.66464592  8.01708692  29.39279803
Ga -0.01110719  10.68764768  32.07148462
Ga  5.33658619 -32.05296530 -5.33658619
As  8.01708692 -29.39279803 -2.66464592
Ga  5.34338921 -26.71543425 -0.00051707
As  8.01447910 -24.04392862  2.67124107
Ga  5.34395612 -21.37204504  5.34395612
As  8.01742707 -18.70354407  8.01742707
Ga  5.34480650 -16.03237860  10.68917836
As  8.01778612 -13.36174224  13.36174224
Ga  5.34480650 -10.68917836  16.03237860
As  8.01742707 -8.01742707  18.70354407
Ga  5.34395612 -5.34395612  21.37204504
As  8.01447910 -2.67124107  24.04392862
Ga  5.34338921  0.00051707  26.71543425
As  8.01708692  2.66464592  29.39279803
Ga  5.33658619  5.33658619  32.05296530
Ga  10.68764768 -32.07148462  0.01110719
As  13.35618644 -29.38769577  2.67218593
Ga  10.68505876 -26.71543425  5.34221758
As  13.35898324 -24.05016471  8.01714361
Ga  10.68904608 -21.37676936  10.68904608
As  13.36242254 -18.70736132  13.36242254
Ga  10.68995315 -16.03424942  16.03424942
As  13.36242254 -13.36242254  18.70736132
Ga  10.68904608 -10.68904608  21.37676936
As  13.35898324 -8.01714361  24.05016471
Ga  10.68505876 -5.34221758  26.71543425
As  13.35618644 -2.67218593  29.38769577
Ga  10.68764768 -0.01110719  32.07148462
Ga  16.02625588 -26.73130794  10.68583355
As  18.70486688 -24.05696773  13.35631873
Ga  16.03336125 -21.38262751  16.03336125
As  18.70573616 -18.70573616  18.70573616
Ga  16.03336125 -16.03336125  21.38262751
As  18.70486688 -13.35631873  24.05696773
Ga  16.02625588 -10.68583355  26.73130794
As -29.41452988  8.01105869 -13.35533607
As -29.41452988  13.35533607 -8.01105869
As -24.05375519 -2.67511501 -18.70473460
Ga -26.72261520  0.00627512 -16.02980857
As -24.04940882  2.67452919 -13.35824625
Ga -26.72809541  5.34335141 -10.68832799
As -24.05394416  8.01604757 -8.01604757
Ga -26.72809541  10.68832799 -5.34335141
As -24.04940882  13.35824625 -2.67452919
Ga -26.72261520  16.02980857 -0.00627512
As -24.05375519  18.70473460  2.67511501
As -18.70486688 -13.35631873 -24.05696773
Ga -21.37998189 -10.68350918 -21.37998189
As -18.70603851 -8.01576411 -18.70603851
Ga -21.37865908 -5.34499547 -16.03247308
As -18.70522593 -2.67256388 -13.36121312
Ga -21.37525757  0.00131947 -10.68815791
As -18.70318503  2.67335756 -8.01642551
Ga -21.37601347  5.34556239 -5.34556239
As -18.70318503  8.01642551 -2.67335756
Ga -21.37525757  10.68815791 -0.00131947
As -18.70522593  13.36121312  2.67256388
Ga -21.37865908  16.03247308  5.34499547
As -18.70603851  18.70603851  8.01576411
Ga -21.37998189  21.37998189  10.68350918
As -18.70486688  24.05696773  13.35631873
As -13.35631873 -18.70486688 -24.05696773
Ga -16.03336125 -16.03336125 -21.38262751
As -13.36242254 -13.36242254 -18.70736132
Ga -16.03424942 -10.68995315 -16.03424942
As -13.36174224 -8.01778612 -13.36174224
Ga -16.03237860 -5.34480650 -10.68917836
As -13.35977692 -2.67239380 -8.01693574
Ga -16.03020541  0.00069040 -5.34427738
As -13.35800058  2.67209145 -2.67209145
Ga -16.03020541  5.34427738 -0.00069040
As -13.35977692  8.01693574  2.67239380
Ga -16.03237860  10.68917836  5.34480650
As -13.36174224  13.36174224  8.01778612
Ga -16.03424942  16.03424942  10.68995315
As -13.36242254  18.70736132  13.36242254
Ga -16.03336125  21.38262751  16.03336125
As -13.35631873  24.05696773  18.70486688
Ga -10.68350918 -21.37998189 -21.37998189
As -8.01576411 -18.70603851 -18.70603851
Ga -10.68995315 -16.03424942 -16.03424942
As -8.01778612 -13.36174224 -13.36174224
Ga -10.68944292 -10.68944292 -10.68944292
As -8.01703023 -8.01703023 -8.01703023
Ga -10.68706187 -5.34399392 -5.34399392
As -8.01498932 -2.67175129 -2.67175129
Ga -10.68619260  0.00000000  0.00000000
As -8.01498932  2.67175129  2.67175129
Ga -10.68706187  5.34399392  5.34399392
As -8.01703023  8.01703023  8.01703023
Ga -10.68944292  10.68944292  10.68944292
As -8.01778612  13.36174224  13.36174224
Ga -10.68995315  16.03424942  16.03424942
As -8.01576411  18.70603851  18.70603851
Ga -10.68350918  21.37998189  21.37998189
As -2.67511501 -24.05375519 -18.70473460
Ga -5.34499547 -21.37865908 -16.03247308
As -2.67256388 -18.70522593 -13.36121312
Ga -5.34480650 -16.03237860 -10.68917836
As -2.67239380 -13.35977692 -8.01693574
Ga -5.34399392 -10.68706187 -5.34399392
As -2.67175129 -8.01498932 -2.67175129
Ga -5.34323803 -5.34323803 -0.00001608
As -2.67143004 -2.67143004  2.67143004
Ga -5.34323803  0.00001608  5.34323803
As -2.67175129  2.67175129  8.01498932
Ga -5.34399392  5.34399392  10.68706187
As -2.67239380  8.01693574  13.35977692
Ga -5.34480650  10.68917836  16.03237860
As -2.67256388  13.36121312  18.70522593
Ga -5.34499547  16.03247308  21.37865908
As -2.67511501  18.70473460  24.05375519
Ga  0.00627512 -26.72261520 -16.02980857
As  2.67452919 -24.04940882 -13.35824625
Ga  0.00131947 -21.37525757 -10.68815791
As  2.67335756 -18.70318503 -8.01642551
Ga  0.00069040 -16.03020541 -5.34427738
As  2.67209145 -13.35800058 -2.67209145
Ga  0.00000000 -10.68619260 -0.00000000
As  2.67175129 -8.01498932  2.67175129
Ga  0.00001608 -5.34323803  5.34323803
As  2.67175129 -2.67175129  8.01498932
Ga -0.00000000  0.00000000  10.68619260
As  2.67209145  2.67209145  13.35800058
Ga  0.00069040  5.34427738  16.03020541
As  2.67335756  8.01642551  18.70318503
Ga  0.00131947  10.68815791  21.37525757
As  2.67452919  13.35824625  24.04940882
Ga  0.00627512  16.02980857  26.72261520
As  8.01105869 -29.41452988 -13.35533607
Ga  5.34335141 -26.72809541 -10.68832799
As  8.01604757 -24.05394416 -8.01604757
Ga  5.34556239 -21.37601347 -5.34556239
As  8.01642551 -18.70318503 -2.67335756
Ga  5.34427738 -16.03020541 -0.00069040
As  8.01693574 -13.35977692  2.67239380
Ga  5.34399392 -10.68706187  5.34399392
As  8.01703023 -8.01703023  8.01703023
Ga  5.34399392 -5.34399392  10.68706187
As  8.01693574 -2.67239380  13.35977692
Ga  5.34427738  0.00069040  16.03020541
As  8.01642551  2.67335756  18.70318503
Ga  5.34556239  5.34556239  21.37601347
As  8.01604757  8.01604757  24.05394416
Ga  5.34335141  10.68832799  26.72809541
As  8.01105869  13.35533607  29.41452988
As  13.35533607 -29.41452988 -8.01105869
Ga  10.68832799 -26.72809541 -5.34335141
As  13.35824625 -24.04940882 -2.67452919
Ga  10.68815791 -21.37525757 -0.00131947
As  13.36121312 -18.70522593  2.67256388
Ga  10.68917836 -16.03237860  5.34480650
As  13.36174224 -13.36174224  8.01778612
Ga  10.68944292 -10.68944292  10.68944292
As  13.36174224 -8.01778612  13.36174224
Ga  10.68917836 -5.34480650  16.03237860
As  13.36121312 -2.67256388  18.70522593
Ga  10.68815791  0.00131947  21.37525757
As  13.35824625  2.67452919  24.04940882
Ga  10.68832799  5.34335141  26.72809541
As  13.35533607  8.01105869  29.41452988
Ga  16.02980857 -26.72261520 -0.00627512
As  18.70473460 -24.05375519  2.67511501
Ga  16.03247308 -21.37865908  5.34499547
As  18.70603851 -18.70603851  8.01576411
Ga  16.03424942 -16.03424942  10.68995315
As  18.70736132 -13.36242254  13.36242254
Ga  16.03424942 -10.68995315  16.03424942
As  18.70603851 -8.01576411  18.70603851
Ga  16.03247308 -5.34499547  21.37865908
As  18.70473460 -2.67511501  24.05375519
Ga  16.02980857  0.00627512  26.72261520
Ga  21.37998189 -21.37998189  10.68350918
As  24.05696773 -18.70486688  13.35631873
Ga  21.38262751 -16.03336125  16.03336125
As  24.05696773 -13.35631873  18.70486688
Ga  21.37998189 -10.68350918  21.37998189
As -24.05318827  8.00846977 -18.70310944
Ga -26.72885130  10.67625264 -16.02398821
As -24.05564492  13.35605416 -13.35605416
Ga -26.72885130  16.02398821 -10.67625264
As -24.05318827  18.70310944 -8.00846977
As -18.70473460 -2.67511501 -24.05375519
Ga -21.37922600  0.00063880 -21.37922600
As -18.70558498  2.67107099 -18.70558498
Ga -21.37658038  5.34278449 -16.03190616
As -18.70600072  8.01718140 -13.36091076
Ga -21.37922600  10.68726974 -10.68726974
As -18.70600072  13.36091076 -8.01718140
Ga -21.37658038  16.03190616 -5.34278449
As -18.70558498  18.70558498 -2.67107099
Ga -21.37922600  21.37922600 -0.00063880
As -18.70473460  24.05375519  2.67511501
As -13.36215798 -13.36215798 -29.41641960
Ga -16.02625588 -10.68583355 -26.73130794
As -13.35898324 -8.01714361 -24.05016471
Ga -16.03247308 -5.34499547 -21.37865908
As -13.36121312 -2.67256388 -18.70522593
Ga -16.03328566 -0.00005707 -16.03328566
As -13.36121312  2.67284734 -13.36121312
Ga -16.03249198  5.34575136 -10.68917836
As -13.36060840  8.01755935 -8.01755935
Ga -16.03249198  10.68917836 -5.34575136
As -13.36121312  13.36121312 -2.67284734
Ga -16.03328566  16.03328566  0.00005707
As -13.36121312  18.70522593  2.67256388
Ga -16.03247308  21.37865908  5.34499547
As -13.35898324  24.05016471  8.01714361
Ga -16.02625588  26.73130794  10.68583355
As -13.36215798  29.41641960  13.36215798
Ga -10.68583355 -16.02625588 -26.73130794
As -8.01714361 -13.35898324 -24.05016471
Ga -10.68904608 -10.68904608 -21.37676936
As -8.01742707 -8.01742707 -18.70354407
Ga -10.68917836 -5.34480650 -16.03237860
As -8.01693574 -2.67239380 -13.35977692
Ga -10.68836578  0.00096215 -10.68836578
As -8.01570742  2.67237490 -8.01570742
Ga -10.68832799  5.34497658 -5.34497658
As -8.01570742  8.01570742 -2.67237490
Ga -10.68836578  10.68836578 -0.00096215
As -8.01693574  13.35977692  2.67239380
Ga -10.68917836  16.03237860  5.34480650
As -8.01742707  18.70354407  8.01742707
Ga -10.68904608  21.37676936  10.68904608
As -8.01714361  24.05016471  13.35898324
Ga -10.68583355  26.73130794  16.02625588
As -2.67511501 -18.70473460 -24.05375519
Ga -5.34499547 -16.03247308 -21.37865908
As -2.67256388 -13.36121312 -18.70522593
Ga -5.34480650 -10.68917836 -16.03237860
As -2.67239380 -8.01693574 -13.35977692
Ga -5.34399392 -5.34399392 -10.68706187
As -2.67175129 -2.67175129 -8.01498932
Ga -5.34323803 -0.00001608 -5.34323803
As -2.67143004  2.67143004 -2.67143004
Ga -5.34323803  5.34323803  0.00001608
As -2.67175129  8.01498932  2.67175129
Ga -5.34399392  10.68706187  5.34399392
As -2.67239380  13.35977692  8.01693574
Ga -5.34480650  16.03237860  10.68917836
As -2.67256388  18.70522593  13.36121312
Ga -5.34499547  21.37865908  16.03247308
As -2.67511501  24.05375519  18.70473460
Ga  0.00063880 -21.37922600 -21.37922600
As  2.67107099 -18.70558498 -18.70558498
Ga -0.00005707 -16.03328566 -16.03328566
As  2.67284734 -13.36121312 -13.36121312
Ga  0.00096215 -10.68836578 -10.68836578
As  2.67237490 -8.01570742 -8.01570742
Ga -0.00001608 -5.34323803 -5.34323803
As  2.67143004 -2.67143004 -2.67143004
Ga  0.00000000  0.00000000 -0.00000000
As  2.67143004  2.67143004  2.67143004
Ga -0.00001608  5.34323803  5.34323803
As  2.67237490  8.01570742  8.01570742
Ga  0.00096215  10.68836578  10.68836578
As  2.67284734  13.36121312  13.36121312
Ga -0.00005707  16.03328566  16.03328566
As  2.67107099  18.70558498  18.70558498
Ga  0.00063880  21.37922600  21.37922600
As  8.00846977 -24.05318827 -18.70310944
Ga  5.34278449 -21.37658038 -16.03190616
As  8.01718140 -18.70600072 -13.36091076
Ga  5.34575136 -16.03249198 -10.68917836
As  8.01755935 -13.36060840 -8.01755935
Ga  5.34497658 -10.68832799 -5.34497658
As  8.01570742 -8.01570742 -2.67237490
Ga  5.34323803 -5.34323803  0.00001608
As  8.01498932 -2.67175129  2.67175129
Ga  5.34323803 -0.00001608  5.34323803
As  8.01570742  2.67237490  8.01570742
Ga  5.34497658  5.34497658  10.68832799
As  8.01755935  8.01755935  13.36060840
Ga  5.34575136  10.68917836  16.03249198
As  8.01718140  13.36091076  18.70600072
Ga  5.34278449  16.03190616  21.37658038
As  8.00846977  18.70310944  24.05318827
Ga  10.67625264 -26.72885130 -16.02398821
As  13.35605416 -24.05564492 -13.35605416
Ga  10.68726974 -21.37922600 -10.68726974
As  13.36091076 -18.70600072 -8.01718140
Ga  10.68917836 -16.03249198 -5.34575136
As  13.36121312 -13.36121312 -2.67284734
Ga  10.68836578 -10.68836578 -0.00096215
As  13.35977692 -8.01693574  2.67239380
Ga  10.68706187 -5.34399392  5.34399392
As  13.35977692 -2.67239380  8.01693574
Ga  10.68836578  0.00096215  10.68836578
As  13.36121312  2.67284734  13.36121312
Ga  10.68917836  5.34575136  16.03249198
As  13.36091076  8.01718140  18.70600072
Ga  10.68726974  10.68726974  21.37922600
As  13.35605416  13.35605416  24.05564492
Ga  10.67625264  16.02398821  26.72885130
Ga  16.02398821 -26.72885130 -10.67625264
As  18.70310944 -24.05318827 -8.00846977
Ga  16.03190616 -21.37658038 -5.34278449
As  18.70558498 -18.70558498 -2.67107099
Ga  16.03328566 -16.03328566  0.00005707
As  18.70522593 -13.36121312  2.67256388
Ga  16.03237860 -10.68917836  5.34480650
As  18.70354407 -8.01742707  8.01742707
Ga  16.03237860 -5.34480650  10.68917836
As  18.70522593 -2.67256388  13.36121312
Ga  16.03328566 -0.00005707  16.03328566
As  18.70558498  2.67107099  18.70558498
Ga  16.03190616  5.34278449  21.37658038
As  18.70310944  8.00846977  24.05318827
Ga  16.02398821  10.67625264  26.72885130
Ga  21.37922600 -21.37922600 -0.00063880
As  24.05375519 -18.70473460  2.67511501
Ga  21.37865908 -16.03247308  5.34499547
As  24.05016471 -13.35898324  8.01714361
Ga  21.37676936 -10.68904608  10.68904608
As  24.05016471 -8.01714361  13.35898324
Ga  21.37865908 -5.34499547  16.03247308
As  24.05375519 -2.67511501  18.70473460
Ga  21.37922600  0.00063880  21.37922600
Ga  26.73130794 -16.02625588  10.68583355
As  29.41641960 -13.36215798  13.36215798
Ga  26.73130794 -10.68583355  16.02625588
As -18.70310944  8.00846977 -24.05318827
Ga -21.38130470  10.68233755 -21.38130470
As -18.70845736  13.35973913 -18.70845736
Ga -21.38168264  16.02982747 -16.02982747
As -18.70845736  18.70845736 -13.35973913
Ga -21.38130470  21.38130470 -10.68233755
As -18.70310944  24.05318827 -8.00846977
As -13.35618644 -2.67218593 -29.38769577
Ga -16.02980857  0.00627512 -26.72261520
As -13.35824625  2.67452919 -24.04940882
Ga -16.03190616  5.34278449 -21.37658038
As -13.36091076  8.01718140 -18.70600072
Ga -16.03487303  10.68955631 -16.03487303
As -13.36289497  13.36289497 -13.36289497
Ga -16.03487303  16.03487303 -10.68955631
As -13.36091076  18.70600072 -8.01718140
Ga -16.03190616  21.37658038 -5.34278449
As -13.35824625  24.04940882 -2.67452919
Ga -16.02980857  26.72261520 -0.00627512
As -13.35618644  29.38769577  2.67218593
As -8.00975478 -8.00975478 -29.38618399
Ga -10.68505876 -5.34221758 -26.71543425
As -8.01447910 -2.67124107 -24.04392862
Ga -10.68815791  0.00131947 -21.37525757
As -8.01642551  2.67335756 -18.70318503
Ga -10.68917836  5.34575136 -16.03249198
As -8.01755935  8.01755935 -13.36060840
Ga -10.69021771  10.69021771 -10.69021771
As -8.01755935  13.36060840 -8.01755935
Ga -10.68917836  16.03249198 -5.34575136
As -8.01642551  18.70318503 -2.67335756
Ga -10.68815791  21.37525757 -0.00131947
As -8.01447910  24.04392862  2.67124107
Ga -10.68505876  26.71543425  5.34221758
As -8.00975478  29.38618399  8.00975478
As -2.67218593 -13.35618644 -29.38769577
Ga -5.34221758 -10.68505876 -26.71543425
As -2.67124107 -8.01447910 -24.04392862
Ga -5.34395612 -5.34395612 -21.37204504
As -2.67188358 -2.67188358 -18.70087956
Ga -5.34427738  0.00069040 -16.03020541
As -2.67209145  2.67209145 -13.35800058
Ga -5.34497658  5.34497658 -10.68832799
As -2.67237490  8.01570742 -8.01570742
Ga -5.34497658  10.68832799 -5.34497658
As -2.67209145  13.35800058 -2.67209145
Ga -5.34427738  16.03020541 -0.00069040
As -2.67188358  18.70087956  2.67188358
Ga -5.34395612  21.37204504  5.34395612
As -2.67124107  24.04392862  8.01447910
Ga -5.34221758  26.71543425  10.68505876
As -2.67218593  29.38769577  13.35618644
Ga  0.00627512 -16.02980857 -26.72261520
As  2.67452919 -13.35824625 -24.04940882
Ga  0.00131947 -10.68815791 -21.37525757
As  2.67335756 -8.01642551 -18.70318503
Ga  0.00069040 -5.34427738 -16.03020541
As  2.67209145 -2.67209145 -13.35800058
Ga  0.00000000  0.00000000 -10.68619260
As  2.67175129  2.67175129 -8.01498932
Ga  0.00001608  5.34323803 -5.34323803
As  2.67175129  8.01498932 -2.67175129
Ga -0.00000000  10.68619260  0.00000000
As  2.67209145  13.35800058  2.67209145
Ga  0.00069040  16.03020541  5.34427738
As  2.67335756  18.70318503  8.01642551
Ga  0.00131947  21.37525757  10.68815791
As  2.67452919  24.04940882  13.35824625
Ga  0.00627512  26.72261520  16.02980857
As  8.00846977 -18.70310944 -24.05318827
Ga  5.34278449 -16.03190616 -21.37658038
As  8.01718140 -13.36091076 -18.70600072
Ga  5.34575136 -10.68917836 -16.03249198
As  8.01755935 -8.01755935 -13.36060840
Ga  5.34497658 -5.34497658 -10.68832799
As  8.01570742 -2.67237490 -8.01570742
Ga  5.34323803  0.00001608 -5.34323803
As  8.01498932  2.67175129 -2.67175129
Ga  5.34323803  5.34323803 -0.00001608
As  8.01570742  8.01570742  2.67237490
Ga  5.34497658  10.68832799  5.34497658
As  8.01755935  13.36060840  8.01755935
Ga  5.34575136  16.03249198  10.68917836
As  8.01718140  18.70600072  13.36091076
Ga  5.34278449  21.37658038  16.03190616
As  8.00846977  24.05318827  18.70310944
Ga  10.68233755 -21.38130470 -21.38130470
As  13.35973913 -18.70845736 -18.70845736
Ga  10.68955631 -16.03487303 -16.03487303
As  13.36289497 -13.36289497 -13.36289497
Ga  10.69021771 -10.69021771 -10.69021771
As  13.36060840 -8.01755935 -8.01755935
Ga  10.68832799 -5.34497658 -5.34497658
As  13.35800058 -2.67209145 -2.67209145
Ga  10.68619260 -0.00000000 -0.00000000
As  13.35800058  2.67209145  2.67209145
Ga  10.68832799  5.34497658  5.34497658
As  13.36060840  8.01755935  8.01755935
Ga  10.69021771  10.69021771  10.69021771
As  13.36289497  13.36289497  13.36289497
Ga  10.68955631  16.03487303  16.03487303
As  13.35973913  18.70845736  18.70845736
Ga  10.68233755  21.38130470  21.38130470
Ga  16.02982747 -21.38168264 -16.02982747
As  18.70845736 -18.70845736 -13.35973913
Ga  16.03487303 -16.03487303 -10.68955631
As  18.70600072 -13.36091076 -8.01718140
Ga  16.03249198 -10.68917836 -5.34575136
As  18.70318503 -8.01642551 -2.67335756
Ga  16.03020541 -5.34427738 -0.00069040
As  18.70087956 -2.67188358  2.67188358
Ga  16.03020541  0.00069040  5.34427738
As  18.70318503  2.67335756  8.01642551
Ga  16.03249198  5.34575136  10.68917836
As  18.70600072  8.01718140  13.36091076
Ga  16.03487303  10.68955631  16.03487303
As  18.70845736  13.35973913  18.70845736
Ga  16.02982747  16.02982747  21.38168264
Ga  21.38130470 -21.38130470 -10.68233755
As  24.05318827 -18.70310944 -8.00846977
Ga  21.37658038 -16.03190616 -5.34278449
As  24.04940882 -13.35824625 -2.67452919
Ga  21.37525757 -10.68815791 -0.00131947
As  24.04392862 -8.01447910  2.67124107
Ga  21.37204504 -5.34395612  5.34395612
As  24.04392862 -2.67124107  8.01447910
Ga  21.37525757  0.00131947  10.68815791
As  24.04940882  2.67452919  13.35824625
Ga  21.37658038  5.34278449  16.03190616
As  24.05318827  8.00846977  18.70310944
Ga  21.38130470  10.68233755  21.38130470
Ga  26.72261520 -16.02980857 -0.00627512
As  29.38769577 -13.35618644  2.67218593
Ga  26.71543425 -10.68505876  5.34221758
As  29.38618399 -8.00975478  8.00975478
Ga  26.71543425 -5.34221758  10.68505876
As  29.38769577 -2.67218593  13.35618644
Ga  26.72261520  0.00627512  16.02980857
As -13.35533607  8.01105869 -29.41452988
Ga -16.02398821  10.67625264 -26.72885130
As -13.35605416  13.35605416 -24.05564492
Ga -16.02982747  16.02982747 -21.38168264
As -13.35973913  18.70845736 -18.70845736
Ga -16.02982747  21.38168264 -16.02982747
As -13.35605416  24.05564492 -13.35605416
Ga -16.02398821  26.72885130 -10.67625264
As -13.35533607  29.41452988 -8.01105869
Ga -10.68764768 -0.01110719 -32.07148462
As -8.01708692  2.66464592 -29.39279803
Ga -10.68832799  5.34335141 -26.72809541
As -8.01604757  8.01604757 -24.05394416
Ga -10.68726974  10.68726974 -21.37922600
As -8.01718140  13.36091076 -18.70600072
Ga -10.68955631  16.03487303 -16.03487303
As -8.01718140  18.70600072 -13.36091076
Ga -10.68726974  21.37922600 -10.68726974
As -8.01604757  24.05394416 -8.01604757
Ga -10.68832799  26.72809541 -5.34335141
As -8.01708692  29.39279803 -2.66464592
Ga -10.68764768  32.07148462  0.01110719
Ga -5.33057686 -5.33057686 -32.05920140
As -2.66591204 -2.66591204 -29.38523912
Ga -5.34338921  0.00051707 -26.71543425
As -2.67250718  2.67250718 -24.04373964
Ga -5.34556239  5.34556239 -21.37601347
As -2.67335756  8.01642551 -18.70318503
Ga -5.34575136  10.68917836 -16.03249198
As -2.67284734  13.36121312 -13.36121312
Ga -5.34575136  16.03249198 -10.68917836
As -2.67335756  18.70318503 -8.01642551
Ga -5.34556239  21.37601347 -5.34556239
As -2.67250718  24.04373964 -2.67250718
Ga -5.34338921  26.71543425 -0.00051707
As -2.66591204  29.38523912  2.66591204
Ga -5.33057686  32.05920140  5.33057686
Ga -0.01110719 -10.68764768 -32.07148462
As  2.66464592 -8.01708692 -29.39279803
Ga  0.00051707 -5.34338921 -26.71543425
As  2.67250718 -2.67250718 -24.04373964
Ga  0.00000000  0.00000000 -21.37185607
As  2.67188358  2.67188358 -18.70087956
Ga -0.00069040  5.34427738 -16.03020541
As  2.67239380  8.01693574 -13.35977692
Ga -0.00096215  10.68836578 -10.68836578
As  2.67239380  13.35977692 -8.01693574
Ga -0.00069040  16.03020541 -5.34427738
As  2.67188358  18.70087956 -2.67188358
Ga -0.00000000  21.37185607 -0.00000000
As  2.67250718  24.04373964  2.67250718
Ga  0.00051707  26.71543425  5.34338921
As  2.66464592  29.39279803  8.01708692
Ga -0.01110719  32.07148462  10.68764768
As  8.01105869 -13.35533607 -29.41452988
Ga  5.34335141 -10.68832799 -26.72809541
As  8.01604757 -8.01604757 -24.05394416
Ga  5.34556239 -5.34556239 -21.37601347
As  8.01642551 -2.67335756 -18.70318503
Ga  5.34427738 -0.00069040 -16.03020541
As  8.01693574  2.67239380 -13.35977692
Ga  5.34399392  5.34399392 -10.68706187
As  8.01703023  8.01703023 -8.01703023
Ga  5.34399392  10.68706187 -5.34399392
As  8.01693574  13.35977692 -2.67239380
Ga  5.34427738  16.03020541  0.00069040
As  8.01642551  18.70318503  2.67335756
Ga  5.34556239  21.37601347  5.34556239
As  8.01604757  24.05394416  8.01604757
Ga  5.34335141  26.72809541  10.68832799
As  8.01105869  29.41452988  13.35533607
Ga  10.67625264 -16.02398821 -26.72885130
As  13.35605416 -13.35605416 -24.05564492
Ga  10.68726974 -10.68726974 -21.37922600
As  13.36091076 -8.01718140 -18.70600072
Ga  10.68917836 -5.34575136 -16.03249198
As  13.36121312 -2.67284734 -13.36121312
Ga  10.68836578 -0.00096215 -10.68836578
As  13.35977692  2.67239380 -8.01693574
Ga  10.68706187  5.34399392 -5.34399392
As  13.35977692  8.01693574 -2.67239380
Ga  10.68836578  10.68836578  0.00096215
As  13.36121312  13.36121312  2.67284734
Ga  10.68917836  16.03249198  5.34575136
As  13.36091076  18.70600072  8.01718140
Ga  10.68726974  21.37922600  10.68726974
As  13.35605416  24.05564492  13.35605416
Ga  10.67625264  26.72885130  16.02398821
Ga  16.02982747 -16.02982747 -21.38168264
As  18.70845736 -13.35973913 -18.70845736
Ga  16.03487303 -10.68955631 -16.03487303
As  18.70600072 -8.01718140 -13.36091076
Ga  16.03249198 -5.34575136 -10.68917836
As  18.70318503 -2.67335756 -8.01642551
Ga  16.03020541 -0.00069040 -5.34427738
As  18.70087956  2.67188358 -2.67188358
Ga  16.03020541  5.34427738  0.00069040
As  18.70318503  8.01642551  2.67335756
Ga  16.03249198  10.68917836  5.34575136
As  18.70600072  13.36091076  8.01718140
Ga  16.03487303  16.03487303  10.68955631
As  18.70845736  18.70845736  13.35973913
Ga  16.02982747  21.38168264  16.02982747
Ga  21.38168264 -16.02982747 -16.02982747
As  24.05564492 -13.35605416 -13.35605416
Ga  21.37922600 -10.68726974 -10.68726974
As  24.05394416 -8.01604757 -8.01604757
Ga  21.37601347 -5.34556239 -5.34556239
As  24.04373964 -2.67250718 -2.67250718
Ga  21.37185607 -0.00000000  0.00000000
As  24.04373964  2.67250718  2.67250718
Ga  21.37601347  5.34556239  5.34556239
As  24.05394416  8.01604757  8.01604757
Ga  21.37922600  10.68726974  10.68726974
As  24.05564492  13.35605416  13.35605416
Ga  21.38168264  16.02982747  16.02982747
Ga  26.72885130 -16.02398821 -10.67625264
As  29.41452988 -13.35533607 -8.01105869
Ga  26.72809541 -10.68832799 -5.34335141
As  29.39279803 -8.01708692 -2.66464592
Ga  26.71543425 -5.34338921 -0.00051707
As  29.38523912 -2.66591204  2.66591204
Ga  26.71543425  0.00051707  5.34338921
As  29.39279803  2.66464592  8.01708692
Ga  26.72809541  5.34335141  10.68832799
As  29.41452988  8.01105869  13.35533607
Ga  26.72885130  10.67625264  16.02398821
Ga  32.07148462 -10.68764768  0.01110719
Ga  32.05920140 -5.33057686  5.33057686
Ga  32.07148462 -0.01110719  10.68764768
As -8.01105869  13.35533607 -29.41452988
Ga -10.67625264  16.02398821 -26.72885130
As -8.00846977  18.70310944 -24.05318827
Ga -10.68233755  21.38130470 -21.38130470
As -8.00846977  24.05318827 -18.70310944
Ga -10.67625264  26.72885130 -16.02398821
As -8.01105869  29.41452988 -13.35533607
As -2.67226152  2.67226152 -34.74147846
Ga -5.33658619  5.33658619 -32.05296530
As -2.66464592  8.01708692 -29.39279803
Ga -5.34335141  10.68832799 -26.72809541
As -2.67452919  13.35824625 -24.04940882
Ga -5.34278449  16.03190616 -21.37658038
As -2.67107099  18.70558498 -18.70558498
Ga -5.34278449  21.37658038 -16.03190616
As -2.67452919  24.04940882 -13.35824625
Ga -5.34335141  26.72809541 -10.68832799
As -2.66464592  29.39279803 -8.01708692
Ga -5.33658619  32.05296530 -5.33658619
As -2.67226152  34.74147846 -2.67226152
As  2.67226152 -2.67226152 -34.74147846
Ga -0.00000000 -0.00000000 -32.06676030
As  2.66591204  2.66591204 -29.38523912
Ga -0.00051707  5.34338921 -26.71543425
As  2.67124107  8.01447910 -24.04392862
Ga -0.00131947  10.68815791 -21.37525757
As  2.67256388  13.36121312 -18.70522593
Ga  0.00005707  16.03328566 -16.03328566
As  2.67256388  18.70522593 -13.36121312
Ga -0.00131947  21.37525757 -10.68815791
As  2.67124107  24.04392862 -8.01447910
Ga -0.00051707  26.71543425 -5.34338921
As  2.66591204  29.38523912 -2.66591204
Ga -0.00000000  32.06676030  0.00000000
As  2.67226152  34.74147846  2.67226152
Ga  5.33658619 -5.33658619 -32.05296530
As  8.01708692 -2.66464592 -29.39279803
Ga  5.34338921 -0.00051707 -26.71543425
As  8.01447910  2.67124107 -24.04392862
Ga  5.34395612  5.34395612 -21.37204504
As  8.01742707  8.01742707 -18.70354407
Ga  5.34480650  10.68917836 -16.03237860
As  8.01778612  13.36174224 -13.36174224
Ga  5.34480650  16.03237860 -10.68917836
As  8.01742707  18.70354407 -8.01742707
Ga  5.34395612  21.37204504 -5.34395612
As  8.01447910  24.04392862 -2.67124107
Ga  5.34338921  26.71543425  0.00051707
As  8.01708692  29.39279803  2.66464592
Ga  5.33658619  32.05296530  5.33658619
As  13.35533607 -8.01105869 -29.41452988
Ga  10.68832799 -5.34335141 -26.72809541
As  13.35824625 -2.67452919 -24.04940882
Ga  10.68815791 -0.00131947 -21.37525757
As  13.36121312  2.67256388 -18.70522593
Ga  10.68917836  5.34480650 -16.03237860
As  13.36174224  8.01778612 -13.36174224
Ga  10.68944292  10.68944292 -10.68944292
As  13.36174224  13.36174224 -8.01778612
Ga  10.68917836  16.03237860 -5.34480650
As  13.36121312  18.70522593 -2.67256388
Ga  10.68815791  21.37525757  0.00131947
As  13.35824625  24.04940882  2.67452919
Ga  10.68832799  26.72809541  5.34335141
As  13.35533607  29.41452988  8.01105869
Ga  16.02398821 -10.67625264 -26.72885130
As  18.70310944 -8.00846977 -24.05318827
Ga  16.03190616 -5.34278449 -21.37658038
As  18.70558498 -2.67107099 -18.70558498
Ga  16.03328566  0.00005707 -16.03328566
As  18.70522593  2.67256388 -13.36121312
Ga  16.03237860  5.34480650 -10.68917836
As  18.70354407  8.01742707 -8.01742707
Ga  16.03237860  10.68917836 -5.34480650
As  18.70522593  13.36121312 -2.67256388
Ga  16.03328566  16.03328566 -0.00005707
As  18.70558498  18.70558498  2.67107099
Ga  16.03190616  21.37658038  5.34278449
As  18.70310944  24.05318827  8.00846977
Ga  16.02398821  26.72885130  10.67625264
Ga  21.38130470 -10.68233755 -21.38130470
As  24.05318827 -8.00846977 -18.70310944
Ga  21.37658038 -5.34278449 -16.03190616
As  24.04940882 -2.67452919 -13.35824625
Ga  21.37525757 -0.00131947 -10.68815791
As  24.04392862  2.67124107 -8.01447910
Ga  21.37204504  5.34395612 -5.34395612
As  24.04392862  8.01447910 -2.67124107
Ga  21.37525757  10.68815791  0.00131947
As  24.04940882  13.35824625  2.67452919
Ga  21.37658038  16.03190616  5.34278449
As  24.05318827  18.70310944  8.00846977
Ga  21.38130470  21.38130470  10.68233755
Ga  26.72885130 -10.67625264 -16.02398821
As  29.41452988 -8.01105869 -13.35533607
Ga  26.72809541 -5.34335141 -10.68832799
As  29.39279803 -2.66464592 -8.01708692
Ga  26.71543425 -0.00051707 -5.34338921
As  29.38523912  2.66591204 -2.66591204
Ga  26.71543425  5.34338921  0.00051707
As  29.39279803  8.01708692  2.66464592
Ga  26.72809541  10.68832799  5.34335141
As  29.41452988  13.35533607  8.01105869
Ga  26.72885130  16.02398821  10.67625264
Ga  32.05296530 -5.33658619 -5.33658619
As  34.74147846 -2.67226152 -2.67226152
Ga  32.06676030 -0.00000000  0.00000000
As  34.74147846  2.67226152  2.67226152
Ga  32.05296530  5.33658619  5.33658619
Ga  0.01110719  10.68764768 -32.07148462
As  2.67218593  13.35618644 -29.38769577
Ga -0.00627512  16.02980857 -26.72261520
As  2.67511501  18.70473460 -24.05375519
Ga -0.00063880  21.37922600 -21.37922600
As  2.67511501  24.05375519 -18.70473460
Ga -0.00627512  26.72261520 -16.02980857
As  2.67218593  29.38769577 -13.35618644
Ga  0.01110719  32.07148462 -10.68764768
Ga  5.33057686  5.33057686 -32.05920140
As  8.00975478  8.00975478 -29.38618399
Ga  5.34221758  10.68505876 -26.71543425
As  8.01714361  13.35898324 -24.05016471
Ga  5.34499547  16.03247308 -21.37865908
As  8.01576411  18.70603851 -18.70603851
Ga  5.34499547  21.37865908 -16.03247308
As  8.01714361  24.05016471 -13.35898324
Ga  5.34221758  26.71543425 -10.68505876
As  8.00975478  29.38618399 -8.00975478
Ga  5.33057686  32.05920140 -5.33057686
Ga  10.68764768  0.01110719 -32.07148462
As  13.35618644  2.67218593 -29.38769577
Ga  10.68505876  5.34221758 -26.71543425
As  13.35898324  8.01714361 -24.05016471
Ga  10.68904608  10.68904608 -21.37676936
As  13.36242254  13.36242254 -18.70736132
Ga  10.68995315  16.03424942 -16.03424942
As  13.36242254  18.70736132 -13.36242254
Ga  10.68904608  21.37676936 -10.68904608
As  13.35898324  24.05016471 -8.01714361
Ga  10.68505876  26.71543425 -5.34221758
As  13.35618644  29.38769577 -2.67218593
Ga  10.68764768  32.07148462 -0.01110719
Ga  16.02980857 -0.00627512 -26.72261520
As  18.70473460  2.67511501 -24.05375519
Ga  16.03247308  5.34499547 -21.37865908
As  18.70603851  8.01576411 -18.70603851
Ga  16.03424942  10.68995315 -16.03424942
As  18.70736132  13.36242254 -13.36242254
Ga  16.03424942  16.03424942 -10.68995315
As  18.70603851  18.70603851 -8.01576411
Ga  16.03247308  21.37865908 -5.34499547
As  18.70473460  24.05375519 -2.67511501
Ga  16.02980857  26.72261520  0.00627512
Ga  21.37922600 -0.00063880 -21.37922600
As  24.05375519  2.67511501 -18.70473460
Ga  21.37865908  5.34499547 -16.03247308
As  24.05016471  8.01714361 -13.35898324
Ga  21.37676936  10.68904608 -10.68904608
As  24.05016471  13.35898324 -8.01714361
Ga  21.37865908  16.03247308 -5.34499547
As  24.05375519  18.70473460 -2.67511501
Ga  21.37922600  21.37922600  0.00063880
Ga  26.72261520 -0.00627512 -16.02980857
As  29.38769577  2.67218593 -13.35618644
Ga  26.71543425  5.34221758 -10.68505876
As  29.38618399  8.00975478 -8.00975478
Ga  26.71543425  10.68505876 -5.34221758
As  29.38769577  13.35618644 -2.67218593
Ga  26.72261520  16.02980857  0.00627512
Ga  32.07148462  0.01110719 -10.68764768
Ga  32.05920140  5.33057686 -5.33057686
Ga  32.07148462  10.68764768 -0.01110719
As  13.36215798  13.36215798 -29.41641960
Ga  10.68583355  16.02625588 -26.73130794
As  13.35631873  18.70486688 -24.05696773
Ga  10.68350918  21.37998189 -21.37998189
As  13.35631873  24.05696773 -18.70486688
Ga  10.68583355  26.73130794 -16.02625588
As  13.36215798  29.41641960 -13.36215798
Ga  16.02625588  10.68583355 -26.73130794
As  18.70486688  13.35631873 -24.05696773
Ga  16.03336125  16.03336125 -21.38262751
As  18.70573616  18.70573616 -18.70573616
Ga  16.03336125  21.38262751 -16.03336125
As  18.70486688  24.05696773 -13.35631873
Ga  16.02625588  26.73130794 -10.68583355
Ga  21.37998189  10.68350918 -21.37998189
As  24.05696773  13.35631873 -18.70486688
Ga  21.38262751  16.03336125 -16.03336125
As  24.05696773  18.70486688 -13.35631873
Ga  21.37998189  21.37998189 -10.68350918
Ga  26.73130794  10.68583355 -16.02625588
As  29.41641960  13.36215798 -13.36215798
Ga  26.73130794  16.02625588 -10.68583355
P2 -30.08585503 -14.02202195  7.34310670
P2 -30.08372909 -12.68728959  8.67908155
P2 -30.08372909 -8.67908155  12.68728959
P2 -30.08585503 -7.34310670  14.02202195
P2 -24.85605726 -19.50452711  7.20651352
P1 -28.20607845 -17.48796366  12.14178711
P1 -28.20607845 -12.14178711  17.48796366
P2 -24.85605726 -7.20651352  19.50452711
P2 -19.50452711 -24.85605726  7.20651352
P1 -22.85291936 -22.85291936  12.15301681
P1 -22.85412879 -17.49856313  17.49856313
P1 -22.85291936 -12.15301681  22.85291936
P2 -19.50452711 -7.20651352  24.85605726
P2 -14.02202195 -30.08585503  7.34310670
P2 -12.68728959 -30.08372909  8.67908155
P1 -17.48796366 -28.20607845  12.14178711
P1 -17.49856313 -22.85412879  17.49856313
P1 -17.49856313 -17.49856313  22.85412879
P1 -17.48796366 -12.14178711  28.20607845
P2 -14.02202195 -7.34310670  30.08585503
P2 -12.68728959 -8.67908155  30.08372909
P2 -8.67908155 -30.08372909  12.68728959
P2 -7.34310670 -30.08585503  14.02202195
P1 -12.14178711 -28.20607845  17.48796366
P2 -7.20651352 -24.85605726  19.50452711
P1 -12.15301681 -22.85291936  22.85291936
P2 -7.20651352 -19.50452711  24.85605726
P1 -12.14178711 -17.48796366  28.20607845
P2 -8.67908155 -12.68728959  30.08372909
P2 -7.34310670 -14.02202195  30.08585503
P2 -35.41327605 -3.33790805  2.00608451
P2 -35.41327605 -2.00608451  3.33790805
P2 -30.19356941 -14.15438969 -3.47105248
P1 -33.54985505 -12.15424229  1.45292820
P1 -33.54320322 -9.20617999 -1.47033523
P1 -33.52541144 -6.80100856  6.80100856
P1 -33.54985505 -1.45292820  12.15424229
P1 -33.54320322  1.47033523  9.20617999
P2 -30.19356941  3.47105248  14.15438969
P2 -24.85730448 -19.50504112 -3.47918586
P1 -28.19880301 -17.49409582  1.47895964
P1 -28.19880301 -1.47895964  17.49409582
P2 -24.85730448  3.47918586  19.50504112
P2 -19.50504112 -24.85730448 -3.47918586
P1 -22.84969738 -22.84969738  1.47267124
P1 -22.84969738 -1.47267124  22.84969738
P2 -19.50504112  3.47918586  24.85730448
P2 -14.15438969 -30.19356941 -3.47105248
P1 -17.49409582 -28.19880301  1.47895964
P1 -17.49409582 -1.47895964  28.19880301
P2 -14.15438969  3.47105248  30.19356941
P1 -12.15424229 -33.54985505  1.45292820
P1 -9.20617999 -33.54320322 -1.47033523
P1 -12.15424229 -1.45292820  33.54985505
P1 -9.20617999  1.47033523  33.54320322
P2 -3.33790805 -35.41327605  2.00608451
P2 -2.00608451 -35.41327605  3.33790805
P1 -6.80100856 -33.52541144  6.80100856
P1 -6.80100856 -6.80100856  33.52541144
P2 -3.33790805 -2.00608451  35.41327605
P2 -2.00608451 -3.33790805  35.41327605
P1 -1.45292820 -33.54985505  12.15424229
P1  1.47033523 -33.54320322  9.20617999
P2  3.47105248 -30.19356941  14.15438969
P1 -1.47895964 -28.19880301  17.49409582
P2  3.47918586 -24.85730448  19.50504112
P1 -1.47267124 -22.84969738  22.84969738
P2  3.47918586 -19.50504112  24.85730448
P1 -1.47895964 -17.49409582  28.19880301
P2  3.47105248 -14.15438969  30.19356941
P1 -1.45292820 -12.15424229  33.54985505
P1  1.47033523 -9.20617999  33.54320322
P2 -35.41327605  2.00608451 -3.33790805
P2 -35.41327605  3.33790805 -2.00608451
P2 -30.09468950 -14.02714783 -14.02714783
P2 -30.07645365 -12.69259972 -12.69259972
P2 -30.18729552 -8.81200582 -8.81200582
P1 -33.53767577 -6.79549812 -3.86409658
P1 -33.53767577 -3.86409658 -6.79549812
P1 -33.53767577  3.86409658  6.79549812
P1 -33.53767577  6.79549812  3.86409658
P2 -30.18729552  8.81200582  8.81200582
P2 -30.07645365  12.69259972  12.69259972
P2 -30.09468950  14.02714783  14.02714783
P2 -24.86074378 -19.50598409 -14.15839969
P1 -28.20541705 -17.49056392 -9.21417731
P1 -28.20541705  9.21417731  17.49056392
P2 -24.86074378  14.15839969  19.50598409
P2 -19.50598409 -24.86074378 -14.15839969
P1 -22.85076508 -22.85076508 -9.21302741
P1 -22.85076508  9.21302741  22.85076508
P2 -19.50598409  14.15839969  24.86074378
P2 -14.02714783 -30.09468950 -14.02714783
P2 -12.69259972 -30.07645365 -12.69259972
P1 -17.49056392 -28.20541705 -9.21417731
P1 -17.49056392  9.21417731  28.20541705
P2 -14.02714783  14.02714783  30.09468950
P2 -12.69259972  12.69259972  30.07645365
P2 -8.81200582 -30.18729552 -8.81200582
P2 -8.81200582  8.81200582  30.18729552
P1 -6.79549812 -33.53767577 -3.86409658
P1 -3.86409658 -33.53767577 -6.79549812
P1 -6.79549812  3.86409658  33.53767577
P1 -3.86409658  6.79549812  33.53767577
P2  2.00608451 -35.41327605 -3.33790805
P2  3.33790805 -35.41327605 -2.00608451
P2  2.00608451  3.33790805  35.41327605
P2  3.33790805  2.00608451  35.41327605
P1  3.86409658 -33.53767577  6.79549812
P1  6.79549812 -33.53767577  3.86409658
P2  8.81200582 -30.18729552  8.81200582
P2  8.81200582 -8.81200582  30.18729552
P1  3.86409658 -6.79549812  33.53767577
P1  6.79549812 -3.86409658  33.53767577
P2  12.69259972 -30.07645365  12.69259972
P2  14.02714783 -30.09468950  14.02714783
P1  9.21417731 -28.20541705  17.49056392
P2  14.15839969 -24.86074378  19.50598409
P1  9.21302741 -22.85076508  22.85076508
P2  14.15839969 -19.50598409  24.86074378
P1  9.21417731 -17.49056392  28.20541705
P2  12.69259972 -12.69259972  30.07645365
P2  14.02714783 -14.02714783  30.09468950
P2 -30.19356941 -3.47105248 -14.15438969
P1 -33.54320322 -1.47033523 -9.20617999
P1 -33.54985505  1.45292820 -12.15424229
P1 -33.52541144  6.80100856 -6.80100856
P1 -33.54320322  9.20617999  1.47033523
P1 -33.54985505  12.15424229 -1.45292820
P2 -30.19356941  14.15438969  3.47105248
P2 -24.86074378 -14.15839969 -19.50598409
P1 -28.20541705 -9.21417731 -17.49056392
P1 -28.20541705  17.49056392  9.21417731
P2 -24.86074378  19.50598409  14.15839969
P2 -19.50749965 -19.50749965 -19.50749965
P2 -19.50749965  19.50749965  19.50749965
P2 -14.15839969 -24.86074378 -19.50598409
P2 -14.15839969  19.50598409  24.86074378
P1 -9.21417731 -28.20541705 -17.49056392
P1 -9.21417731  17.49056392  28.20541705
P2 -3.47105248 -30.19356941 -14.15438969
P2 -3.47105248  14.15438969  30.19356941
P1 -1.47033523 -33.54320322 -9.20617999
P1  1.45292820 -33.54985505 -12.15424229
P1 -1.47033523  9.20617999  33.54320322
P1  1.45292820  12.15424229  33.54985505
P1  6.80100856 -33.52541144 -6.80100856
P1  6.80100856  6.80100856  33.52541144
P1  9.20617999 -33.54320322  1.47033523
P1  12.15424229 -33.54985505 -1.45292820
P2  14.15438969 -30.19356941  3.47105248
P2  14.15438969 -3.47105248  30.19356941
P1  9.20617999 -1.47033523  33.54320322
P1  12.15424229  1.45292820  33.54985505
P1  17.49056392 -28.20541705  9.21417731
P2  19.50598409 -24.86074378  14.15839969
P2  19.50749965 -19.50749965  19.50749965
P2  19.50598409 -14.15839969  24.86074378
P1  17.49056392 -9.21417731  28.20541705
P2 -30.08585503  7.34310670 -14.02202195
P2 -30.08372909  8.67908155 -12.68728959
P2 -30.08372909  12.68728959 -8.67908155
P2 -30.08585503  14.02202195 -7.34310670
P2 -24.85730448 -3.47918586 -19.50504112
P1 -28.19880301  1.47895964 -17.49409582
P1 -28.19880301  17.49409582 -1.47895964
P2 -24.85730448  19.50504112  3.47918586
P2 -19.50598409 -14.15839969 -24.86074378
P1 -22.85076508 -9.21302741 -22.85076508
P1 -22.85076508  22.85076508  9.21302741
P2 -19.50598409  24.86074378  14.15839969
P2 -14.15839969 -19.50598409 -24.86074378
P2 -14.15839969  24.86074378  19.50598409
P1 -9.21302741 -22.85076508 -22.85076508
P1 -9.21302741  22.85076508  22.85076508
P2 -3.47918586 -24.85730448 -19.50504112
P2 -3.47918586  19.50504112  24.85730448
P1  1.47895964 -28.19880301 -17.49409582
P1  1.47895964  17.49409582  28.19880301
P2  7.34310670 -30.08585503 -14.02202195
P2  8.67908155 -30.08372909 -12.68728959
P2  7.34310670  14.02202195  30.08585503
P2  8.67908155  12.68728959  30.08372909
P2  12.68728959 -30.08372909 -8.67908155
P2  14.02202195 -30.08585503 -7.34310670
P2  12.68728959  8.67908155  30.08372909
P2  14.02202195  7.34310670  30.08585503
P1  17.49409582 -28.19880301 -1.47895964
P2  19.50504112 -24.85730448  3.47918586
P2  19.50504112 -3.47918586  24.85730448
P1  17.49409582  1.47895964  28.19880301
P1  22.85076508 -22.85076508  9.21302741
P2  24.86074378 -19.50598409  14.15839969
P2  24.86074378 -14.15839969  19.50598409
P1  22.85076508 -9.21302741  22.85076508
P2 -24.85605726  7.20651352 -19.50452711
P1 -28.20607845  12.14178711 -17.48796366
P1 -28.20607845  17.48796366 -12.14178711
P2 -24.85605726  19.50452711 -7.20651352
P2 -19.50504112 -3.47918586 -24.85730448
P1 -22.84969738  1.47267124 -22.84969738
P1 -22.84969738  22.84969738 -1.47267124
P2 -19.50504112  24.85730448  3.47918586
P2 -14.02714783 -14.02714783 -30.09468950
P2 -12.69259972 -12.69259972 -30.07645365
P1 -17.49056392 -9.21417731 -28.20541705
P1 -17.49056392  28.20541705  9.21417731
P2 -14.02714783  30.09468950  14.02714783
P2 -12.69259972  30.07645365  12.69259972
P1 -9.21417731 -17.49056392 -28.20541705
P1 -9.21417731  28.20541705  17.49056392
P2 -3.47918586 -19.50504112 -24.85730448
P2 -3.47918586  24.85730448  19.50504112
P1  1.47267124 -22.84969738 -22.84969738
P1  1.47267124  22.84969738  22.84969738
P2  7.20651352 -24.85605726 -19.50452711
P2  7.20651352  19.50452711  24.85605726
P1  12.14178711 -28.20607845 -17.48796366
P1  12.14178711  17.48796366  28.20607845
P1  17.48796366 -28.20607845 -12.14178711
P2  19.50452711 -24.85605726 -7.20651352
P2  19.50452711  7.20651352  24.85605726
P1  17.48796366  12.14178711  28.20607845
P1  22.84969738 -22.84969738 -1.47267124
P2  24.85730448 -19.50504112  3.47918586
P2  24.85730448 -3.47918586  19.50504112
P1  22.84969738  1.47267124  22.84969738
P1  28.20541705 -17.49056392  9.21417731
P2  30.09468950 -14.02714783  14.02714783
P2  30.07645365 -12.69259972  12.69259972
P1  28.20541705 -9.21417731  17.49056392
P2 -19.50452711  7.20651352 -24.85605726
P1 -22.85291936  12.15301681 -22.85291936
P1 -22.85412879  17.49856313 -17.49856313
P1 -22.85291936  22.85291936 -12.15301681
P2 -19.50452711  24.85605726 -7.20651352
P2 -14.15438969 -3.47105248 -30.19356941
P1 -17.49409582  1.47895964 -28.19880301
P1 -17.49409582  28.19880301 -1.47895964
P2 -14.15438969  30.19356941  3.47105248
P2 -8.81200582 -8.81200582 -30.18729552
P2 -8.81200582  30.18729552  8.81200582
P2 -3.47105248 -14.15438969 -30.19356941
P2 -3.47105248  30.19356941  14.15438969
P1  1.47895964 -17.49409582 -28.19880301
P1  1.47895964  28.19880301  17.49409582
P2  7.20651352 -19.50452711 -24.85605726
P2  7.20651352  24.85605726  19.50452711
P1  12.15301681 -22.85291936 -22.85291936
P1  12.15301681  22.85291936  22.85291936
P1  17.49856313 -22.85412879 -17.49856313
P1  17.49856313  17.49856313  22.85412879
P1  22.85291936 -22.85291936 -12.15301681
P2  24.85605726 -19.50452711 -7.20651352
P2  24.85605726  7.20651352  19.50452711
P1  22.85291936  12.15301681  22.85291936
P1  28.19880301 -17.49409582 -1.47895964
P2  30.19356941 -14.15438969  3.47105248
P2  30.18729552 -8.81200582  8.81200582
P2  30.19356941 -3.47105248  14.15438969
P1  28.19880301  1.47895964  17.49409582
P2 -14.02202195  7.34310670 -30.08585503
P2 -12.68728959  8.67908155 -30.08372909
P1 -17.48796366  12.14178711 -28.20607845
P1 -17.49856313  17.49856313 -22.85412879
P1 -17.49856313  22.85412879 -17.49856313
P1 -17.48796366  28.20607845 -12.14178711
P2 -14.02202195  30.08585503 -7.34310670
P2 -12.68728959  30.08372909 -8.67908155
P1 -12.15424229  1.45292820 -33.54985505
P1 -9.20617999 -1.47033523 -33.54320322
P1 -12.15424229  33.54985505 -1.45292820
P1 -9.20617999  33.54320322  1.47033523
P1 -6.79549812 -3.86409658 -33.53767577
P1 -3.86409658 -6.79549812 -33.53767577
P1 -6.79549812  33.53767577  3.86409658
P1 -3.86409658  33.53767577  6.79549812
P1 -1.47033523 -9.20617999 -33.54320322
P1  1.45292820 -12.15424229 -33.54985505
P1 -1.47033523  33.54320322  9.20617999
P1  1.45292820  33.54985505  12.15424229
P2  7.34310670 -14.02202195 -30.08585503
P2  8.67908155 -12.68728959 -30.08372909
P2  7.34310670  30.08585503  14.02202195
P2  8.67908155  30.08372909  12.68728959
P1  12.14178711 -17.48796366 -28.20607845
P1  12.14178711  28.20607845  17.48796366
P1  17.49856313 -17.49856313 -22.85412879
P1  17.49856313  22.85412879  17.49856313
P1  22.85412879 -17.49856313 -17.49856313
P1  22.85412879  17.49856313  17.49856313
P1  28.20607845 -17.48796366 -12.14178711
P2  30.08585503 -14.02202195 -7.34310670
P2  30.08372909 -12.68728959 -8.67908155
P2  30.08585503  7.34310670  14.02202195
P2  30.08372909  8.67908155  12.68728959
P1  28.20607845  12.14178711  17.48796366
P1  33.54985505 -12.15424229 -1.45292820
P1  33.54320322 -9.20617999  1.47033523
P1  33.53767577 -6.79549812  3.86409658
P1  33.53767577 -3.86409658  6.79549812
P1  33.54320322 -1.47033523  9.20617999
P1  33.54985505  1.45292820  12.15424229
P2 -8.67908155  12.68728959 -30.08372909
P2 -7.34310670  14.02202195 -30.08585503
P1 -12.14178711  17.48796366 -28.20607845
P2 -7.20651352  19.50452711 -24.85605726
P1 -12.15301681  22.85291936 -22.85291936
P2 -7.20651352  24.85605726 -19.50452711
P1 -12.14178711  28.20607845 -17.48796366
P2 -8.67908155  30.08372909 -12.68728959
P2 -7.34310670  30.08585503 -14.02202195
P2 -3.33790805  2.00608451 -35.41327605
P2 -2.00608451  3.33790805 -35.41327605
P1 -6.80100856  6.80100856 -33.52541144
P1 -6.80100856  33.52541144 -6.80100856
P2 -3.33790805  35.41327605 -2.00608451
P2 -2.00608451  35.41327605 -3.33790805
P2  2.00608451 -3.33790805 -35.41327605
P2  3.33790805 -2.00608451 -35.41327605
P2  2.00608451  35.41327605  3.33790805
P2  3.33790805  35.41327605  2.00608451
P1  6.80100856 -6.80100856 -33.52541144
P1  6.80100856  33.52541144  6.80100856
P2  12.68728959 -8.67908155 -30.08372909
P2  14.02202195 -7.34310670 -30.08585503
P2  12.68728959  30.08372909  8.67908155
P2  14.02202195  30.08585503  7.34310670
P1  17.48796366 -12.14178711 -28.20607845
P2  19.50452711 -7.20651352 -24.85605726
P2  19.50452711  24.85605726  7.20651352
P1  17.48796366  28.20607845  12.14178711
P1  22.85291936 -12.15301681 -22.85291936
P2  24.85605726 -7.20651352 -19.50452711
P2  24.85605726  19.50452711  7.20651352
P1  22.85291936  22.85291936  12.15301681
P1  28.20607845 -12.14178711 -17.48796366
P2  30.08372909 -8.67908155 -12.68728959
P2  30.08585503 -7.34310670 -14.02202195
P2  30.08372909  12.68728959  8.67908155
P2  30.08585503  14.02202195  7.34310670
P1  28.20607845  17.48796366  12.14178711
P1  33.52541144 -6.80100856 -6.80100856
P2  35.41327605 -3.33790805 -2.00608451
P2  35.41327605 -2.00608451 -3.33790805
P2  35.41327605  2.00608451  3.33790805
P2  35.41327605  3.33790805  2.00608451
P1  33.52541144  6.80100856  6.80100856
P1 -1.45292820  12.15424229 -33.54985505
P1  1.47033523  9.20617999 -33.54320322
P2  3.47105248  14.15438969 -30.19356941
P1 -1.47895964  17.49409582 -28.19880301
P2  3.47918586  19.50504112 -24.85730448
P1 -1.47267124  22.84969738 -22.84969738
P2  3.47918586  24.85730448 -19.50504112
P1 -1.47895964  28.19880301 -17.49409582
P2  3.47105248  30.19356941 -14.15438969
P1 -1.45292820  33.54985505 -12.15424229
P1  1.47033523  33.54320322 -9.20617999
P1  3.86409658  6.79549812 -33.53767577
P1  6.79549812  3.86409658 -33.53767577
P2  8.81200582  8.81200582 -30.18729552
P2  8.81200582  30.18729552 -8.81200582
P1  3.86409658  33.53767577 -6.79549812
P1  6.79549812  33.53767577 -3.86409658
P1  9.20617999  1.47033523 -33.54320322
P1  12.15424229 -1.45292820 -33.54985505
P2  14.15438969  3.47105248 -30.19356941
P2  14.15438969  30.19356941 -3.47105248
P1  9.20617999  33.54320322 -1.47033523
P1  12.15424229  33.54985505  1.45292820
P1  17.49409582 -1.47895964 -28.19880301
P2  19.50504112  3.47918586 -24.85730448
P2  19.50504112  24.85730448 -3.47918586
P1  17.49409582  28.19880301  1.47895964
P1  22.84969738 -1.47267124 -22.84969738
P2  24.85730448  3.47918586 -19.50504112
P2  24.85730448  19.50504112 -3.47918586
P1  22.84969738  22.84969738  1.47267124
P1  28.19880301 -1.47895964 -17.49409582
P2  30.19356941  3.47105248 -14.15438969
P2  30.18729552  8.81200582 -8.81200582
P2  30.19356941  14.15438969 -3.47105248
P1  28.19880301  17.49409582  1.47895964
P1  33.54985505 -1.45292820 -12.15424229
P1  33.54320322  1.47033523 -9.20617999
P1  33.53767577  3.86409658 -6.79549812
P1  33.53767577  6.79549812 -3.86409658
P1  33.54320322  9.20617999 -1.47033523
P1  33.54985505  12.15424229  1.45292820
P2  12.69259972  12.69259972 -30.07645365
P2  14.02714783  14.02714783 -30.09468950
P1  9.21417731  17.49056392 -28.20541705
P2  14.15839969  19.50598409 -24.86074378
P1  9.21302741  22.85076508 -22.85076508
P2  14.15839969  24.86074378 -19.50598409
P1  9.21417731  28.20541705 -17.49056392
P2  12.69259972  30.07645365 -12.69259972
P2  14.02714783  30.09468950 -14.02714783
P1  17.49056392  9.21417731 -28.20541705
P2  19.50598409  14.15839969 -24.86074378
P2  19.50749965  19.50749965 -19.50749965
P2  19.50598409  24.86074378 -14.15839969
P1  17.49056392  28.20541705 -9.21417731
P1  22.85076508  9.21302741 -22.85076508
P2  24.86074378  14.15839969 -19.50598409
P2  24.86074378  19.50598409 -14.15839969
P1  22.85076508  22.85076508 -9.21302741
P1  28.20541705  9.21417731 -17.49056392
P2  30.07645365  12.69259972 -12.69259972
P2  30.09468950  14.02714783 -14.02714783
P1  28.20541705  17.49056392 -9.21417731
