0 -0.227813668995462 1.9272e-05
1 -0.227813668972428 5.04855e-05
2 -0.22750961745424 1.9914e-05
3 -0.227405657255198 5.05647e-05
4 -0.227405657239916 1.3661e-05
5 -0.227405657223389 3.5709e-05
6 -0.227260246247169 3.28597e-05
7 -0.227260246243734 1.0148e-05
8 -0.227260246237476 1.48932e-05
9 -0.22705672234755 4.21012e-05
10 -0.227056722337094 2.05775e-05
11 -0.226899187996479 0.000102668
12 -0.226899187973306 1.03214e-05
13 -0.226773435678783 0.000185506
14 -0.226229604248359 8.18793e-06
15 -0.226229604246903 1.13947e-05
16 -0.226229604244906 3.45978e-05
17 -0.226054303207052 5.06021e-06
18 -0.226054303206601 6.92357e-06
19 -0.226054303206079 1.50197e-05
20 -0.22588043572223 4.43388e-06
21 -0.225880435722113 4.47326e-06
22 -0.225880435721746 6.72917e-06
23 -0.225709955188183 3.88369e-06
24 -0.225709955187821 4.08064e-06
25 -0.225709955187067 1.33664e-05
26 -0.225559053063387 1.15335e-05
27 -0.225491348921267 2.88372e-06
28 -0.225491348920953 6.00574e-06
29 -0.22517542010588 2.31756e-06
30 -0.225175420105786 1.69539e-06
31 -0.225175420105449 6.41684e-06
32 -0.224942942878134 4.6486e-06
33 -0.224942942877928 3.19129e-06
34 -0.224942942877767 4.38664e-06
35 -0.22494110458899 2.37223e-06
36 -0.22494110458895 1.09234e-06
37 -0.224941104588708 3.03474e-06
38 -0.224094104997803 1.15629e-06
39 -0.224094104997762 1.36269e-06
40 -0.224015137187066 3.51101e-06
41 -0.224015137186969 1.52204e-06
42 -0.224015137186912 9.15869e-07
43 -0.223794980862851 1.66108e-06
44 -0.223337545189771 3.45036e-06
45 -0.223337545189723 8.53327e-07
46 -0.223337545189555 7.34718e-07
47 -0.223128506712216 8.10373e-07
48 -0.223128506712194 5.59395e-07
49 -0.223092983926015 3.36324e-06
50 -0.223092983925974 7.82249e-07
51 -0.223092983925959 7.69816e-07
52 -0.223021745850128 3.48845e-06
53 -0.223021745850113 5.15384e-07
54 -0.223021745850092 7.90095e-07
55 -0.222560334482504 4.49447e-05
56 -0.222100950334195 5.69628e-07
57 -0.222100950334187 8.54099e-07
58 -0.222100950334126 1.64338e-06
59 -0.221411951493969 4.63862e-07
60 -0.221411951493904 3.86282e-07
61 -0.221411951493901 3.82147e-07
62 -0.221116076717476 3.11435e-07
63 -0.221116076717472 2.94757e-07
64 -0.221052636250913 3.15222e-07
65 -0.2210526362509 3.38674e-07
66 -0.221052636250867 2.95051e-07
67 -0.22072982685174 2.88211e-07
68 -0.220729826851693 2.82754e-07
69 -0.220729826851669 3.45228e-07
70 -0.219969036068024 7.86544e-07
71 -0.219969036068008 6.50685e-07
72 -0.219951964199049 9.78545e-06
73 -0.21995196419904 1.13098e-06
74 -0.219951964199035 2.81951e-06
75 -0.219366129621781 6.01187e-07
76 -0.219366129621751 5.67181e-07
77 -0.219366129621747 4.85047e-07
78 -0.21921855983208 9.50157e-07
79 -0.219021572463874 1.92457e-07
80 -0.219021572463816 3.50058e-07
81 -0.218533328738721 1.08833e-07
82 -0.218533328738703 2.22116e-07
83 -0.218533328738669 1.94144e-07
84 -0.218120397039238 1.72955e-07
85 -0.218120397039197 1.54835e-07
86 -0.218120397039172 1.91825e-07
87 -0.217668137373197 1.69101e-07
88 -0.217668137373159 1.72935e-07
89 -0.217668137373153 1.61503e-07
90 -0.136183716122085 2.23517e-08
91 -0.136183716122076 3.90267e-08
92 -0.13618300136267 5.7138e-08
93 -0.135357202022951 3.73459e-08
94 -0.135357202022879 3.45469e-08
95 -0.135357202022875 2.51285e-08
96 -0.133555508070425 1.33019e-08
97 -0.133555508070417 4.165e-08
98 -0.133554168830948 1.03708e-08
99 -0.131321234874041 3.89377e-08
100 -0.131321234874022 2.92144e-08
101 -0.131321234874019 3.03788e-08
102 -0.130867617834878 2.80636e-08
103 -0.130867617834876 9.12506e-09
104 -0.130867617834791 2.99764e-08
105 -0.130836255924785 1.6131e-08
106 -0.130836255924698 4.53584e-08
107 -0.130836255924697 4.12314e-08
108 -0.129282948133755 5.4877e-08
109 -0.129282948133553 1.69695e-08
110 -0.129282948133552 4.85361e-08
111 -0.129281801153215 4.20232e-08
112 -0.129281801153214 2.04043e-08
113 -0.129281801153025 2.76275e-08
114 -0.128466955959638 8.32375e-08
115 -0.128466955959637 6.00685e-08
116 -0.128457307257083 9.39667e-08
117 -0.127502870171099 7.45989e-08
118 -0.127502870170208 8.30915e-08
119 -0.127502870170207 9.49218e-08
120 -0.126914696057267 1.31827e-07
121 -0.126914696057247 1.35077e-07
122 -0.126914696057246 1.00927e-07
123 -0.126826315718452 1.28496e-07
124 -0.12682631571845 7.78755e-08
125 -0.126826315718434 1.20699e-07
126 -0.126161939678397 1.39412e-07
127 -0.126161939678395 1.34098e-07
128 -0.126092294652178 1.37924e-07
129 -0.125734247640983 1.40577e-07
130 -0.12573424764011 1.29678e-07
131 -0.125734247640108 1.32902e-07
132 -0.125564223329918 1.31458e-07
133 -0.125358908793548 1.39798e-07
134 -0.125358908793083 1.42477e-07
135 -0.12535890879308 1.82834e-07
136 -0.124852217262448 1.85176e-07
137 -0.12482371418952 1.55651e-07
138 -0.124823714189519 1.49517e-07
139 -0.124076787384215 2.08292e-07
140 -0.12407678738364 1.88532e-07
141 -0.124076787383629 2.54709e-07
142 -0.12400722614503 2.03097e-07
143 -0.12400722614503 2.04654e-07
144 -0.124007226144994 1.66157e-07
145 -0.123915099208061 1.95666e-07
146 -0.123915099207925 1.88863e-07
147 -0.12391509920792 2.58884e-07
148 -0.123688427832793 2.34242e-07
149 -0.123688427832648 1.74885e-07
