0 -0.213392962415934 3.98632e-07
1 -0.213392962415932 2.43344e-07
2 -0.21316049851143 2.79509e-07
3 -0.213026315795859 6.55979e-07
4 -0.212930231036135 1.99312e-07
5 -0.212930231036126 3.22038e-07
6 -0.212872247068955 1.92782e-07
7 -0.212872247068945 3.10498e-07
8 -0.212872247068841 2.78015e-07
9 -0.212728954960463 2.89508e-07
10 -0.212728954960417 1.6992e-07
11 -0.212728954960409 2.0928e-07
12 -0.21202442803756 1.5862e-07
13 -0.212024428037555 1.94448e-07
14 -0.211713538435279 2.23082e-07
15 -0.211713538434952 1.23301e-07
16 -0.211713538434939 1.73236e-07
17 -0.211623806410765 1.93894e-07
18 -0.211623806410758 2.04586e-07
19 -0.211623806410696 1.94073e-07
20 -0.211227015481383 1.90792e-07
21 -0.211227015480763 1.74274e-07
22 -0.211227015480754 2.02266e-07
23 -0.211203872910064 1.18626e-07
24 -0.210724234735532 2.05229e-07
25 -0.210724234735527 1.56573e-07
26 -0.210619655679363 1.35398e-07
27 -0.210619655679353 1.10164e-07
28 -0.210619655679336 9.72508e-08
29 -0.210118409054879 7.2667e-08
30 -0.210118409054811 3.01288e-07
31 -0.210118409054805 2.92986e-07
32 -0.210014806061922 5.3606e-07
33 -0.210014806061906 1.0474e-07
34 -0.210014806061902 2.78177e-07
35 -0.209944846747641 4.11851e-07
36 -0.209944846747637 2.99625e-07
37 -0.209754497412243 1.61227e-06
38 -0.20975449741223 7.03187e-07
39 -0.209754497412144 2.61756e-06
40 -0.208984651478702 1.2561e-06
41 -0.208984651478691 9.4815e-07
42 -0.208984651478685 4.20933e-07
43 -0.208817582007676 9.3095e-08
44 -0.208257219938104 1.50125e-07
45 -0.208257219938089 1.53891e-07
46 -0.208257219937984 1.2707e-07
47 -0.208211274695723 9.15543e-08
48 -0.208211274695711 8.79595e-08
49 -0.207866723596039 1.14185e-07
50 -0.207866723596029 1.03205e-07
51 -0.207866723596021 1.03473e-07
52 -0.207630395811933 1.1179e-07
53 -0.207630395811927 5.68641e-08
54 -0.20763039581192 1.13147e-07
55 -0.206727654872589 1.13881e-07
56 -0.206595973283089 1.07937e-07
57 -0.206595973283077 1.30784e-07
58 -0.206595973283056 7.81867e-08
59 -0.206280896437693 1.30784e-07
60 -0.206280896437609 1.38213e-07
61 -0.2062808964376 1.46783e-07
62 -0.205762509367132 1.01202e-07
63 -0.205762509367128 1.06056e-07
64 -0.205165111227426 1.33202e-07
65 -0.205165111227247 1.34007e-07
66 -0.205165111227241 1.28617e-07
67 -0.205156697610232 1.40775e-07
68 -0.20515669761023 1.0635e-07
69 -0.205156697609874 1.07228e-07
70 -0.204225178587336 1.31814e-07
71 -0.204225178587331 1.35654e-07
72 -0.204225178587281 1.09247e-07
73 -0.203467808753762 1.36749e-07
74 -0.20346780875376 1.40108e-07
75 -0.203182533693165 1.22709e-07
76 -0.203182533693104 1.39263e-07
77 -0.203182533693098 1.39885e-07
78 -0.203170156210917 1.02699e-07
79 -0.203145222329323 1.27397e-07
80 -0.203145222329317 1.3134e-07
81 -0.20270158786118 1.42878e-07
82 -0.202701587861175 1.30119e-07
83 -0.202701587861059 1.38413e-07
84 -0.202256143582098 1.38614e-07
85 -0.20225614358198 1.32103e-07
86 -0.202256143581978 1.18421e-07
87 -0.201320946297425 1.27615e-07
88 -0.201320946297418 1.37836e-07
89 -0.201320946297391 1.30199e-07
90 -0.132991501346398 5.47504e-08
91 -0.131729371999307 7.10252e-08
92 -0.131696339251693 3.50949e-08
93 -0.131696339251093 0
94 -0.131696339251082 2.53347e-08
95 -0.129622403746279 3.77157e-08
96 -0.129289865910787 3.72994e-08
97 -0.129289865910768 1.39388e-08
98 -0.129289865908904 4.17748e-08
99 -0.128454289685185 1.98876e-08
100 -0.12833428562028 4.02521e-08
101 -0.128334285620263 3.17197e-08
102 -0.127345934475293 1.52964e-07
103 -0.127345934475167 1.29088e-07
104 -0.127345934475162 1.31775e-07
105 -0.127236007803972 6.46582e-08
106 -0.126424668812087 1.60231e-08
107 -0.126424668812084 3.08323e-08
108 -0.12642466881163 1.81548e-08
109 -0.125250823665011 1.45477e-08
110 -0.125250823664999 2.54031e-08
111 -0.125164474562842 3.83542e-08
112 -0.123633429157132 3.97097e-08
113 -0.12345915249994 2.05314e-08
114 -0.123459152499934 6.2113e-08
115 -0.12345915249824 5.95173e-08
116 -0.12323820464375 5.49243e-08
117 -0.123238204639259 1.666e-08
118 -0.123238204639252 5.80865e-08
119 -0.122817957491427 2.69279e-08
120 -0.122817957491413 4.64916e-08
121 -0.122817957491405 8.36948e-08
122 -0.122692830512624 8.8353e-08
123 -0.122692830512265 3.87815e-08
124 -0.122692830512244 8.77324e-08
125 -0.122449931994094 7.57068e-08
126 -0.122449931994039 7.80202e-08
127 -0.122449931994029 8.93779e-08
128 -0.121463923880632 2.21784e-07
129 -0.121463923880618 3.85651e-07
130 -0.121463923880548 1.62291e-07
131 -0.121382546288714 1.40842e-07
132 -0.121382546288419 2.68231e-07
133 -0.121382546288388 1.48428e-07
134 -0.121363829640133 1.3981e-07
135 -0.121363829640116 1.47866e-07
136 -0.120670397329003 3.56737e-07
137 -0.120670397328991 4.77364e-07
138 -0.120670397328978 3.13055e-07
139 -0.120618593111322 5.35385e-07
140 -0.120618593111313 1.42891e-07
141 -0.120618593111307 3.15679e-07
142 -0.119913058677907 2.17742e-07
143 -0.11991305866874 1.64957e-07
144 -0.119913058668728 1.41579e-07
145 -0.11971566840799 1.89033e-07
146 -0.119531321099585 1.75237e-07
147 -0.11953132109958 2.36093e-07
148 -0.119377039468091 1.19333e-07
149 -0.119212368542835 2.23808e-07
