0 -0.242138624358079 3.22568e-06
1 -0.242138619259099 2.43617e-06
2 -0.242138619257983 2.34245e-06
3 -0.241220661977004 9.7877e-07
4 -0.241220661976673 1.71614e-06
5 -0.241220659547424 2.09796e-06
6 -0.241085682101336 1.44334e-06
7 -0.241085680342261 3.69084e-06
8 -0.241085680340653 2.40051e-06
9 -0.240720879869643 1.46308e-06
10 -0.24071361813578 1.293e-06
11 -0.240713618135651 5.40732e-07
12 -0.240177196850855 1.43728e-06
13 -0.240177195860402 1.20581e-06
14 -0.240177195860153 1.24058e-06
15 -0.239755717927827 9.24349e-07
16 -0.239755716843496 8.36263e-07
17 -0.239755716843476 6.05764e-07
18 -0.238703373760978 2.83587e-07
19 -0.238703373760974 3.03617e-07
20 -0.238641763462535 3.51137e-07
21 -0.238641751336239 3.9931e-07
22 -0.238641751336233 2.85611e-07
23 -0.238057655432583 3.40686e-07
24 -0.238057655357859 4.19868e-07
25 -0.238057655357838 3.34271e-07
26 -0.237943834935981 2.00682e-07
27 -0.237943834935964 2.53703e-07
28 -0.237240290990278 2.375e-07
29 -0.237240290990268 2.30427e-07
30 -0.23724029078078 2.21663e-07
31 -0.236695583754338 1.33514e-07
32 -0.236695583188719 1.65639e-07
33 -0.236695583188709 3.07861e-07
34 -0.236506378253287 1.93876e-07
35 -0.236374662918436 1.99573e-07
36 -0.236148868609904 1.63574e-07
37 -0.236148868609887 1.45023e-07
38 -0.23570833106921 2.11145e-07
39 -0.235708326313768 2.22693e-07
40 -0.23570832631375 1.32025e-07
41 -0.23480088695459 1.24783e-07
42 -0.234800886845012 1.72413e-07
43 -0.234800886844986 1.37987e-07
44 -0.23478876729074 1.96948e-07
45 -0.234788767159254 1.50287e-07
46 -0.23478876715925 1.50817e-07
47 -0.233954375417105 5.15519e-08
48 -0.233954375417085 2.51285e-08
49 -0.232568683994052 1.84862e-07
50 -0.232568681867659 1.54902e-07
51 -0.232568681867658 2.14002e-08
52 -0.232325786929298 1.92511e-07
53 -0.232325786285509 1.95587e-07
54 -0.232325786285506 1.67327e-07
55 -0.232122631731107 1.79414e-07
56 -0.231508263957867 2.19318e-07
57 -0.231508263957849 5.39447e-07
58 -0.231508263003512 4.86204e-07
59 -0.23040420521447 3.53412e-08
60 -0.230404205214463 1.64061e-07
61 -0.230404203968707 5.1282e-08
62 -0.22905945315661 3.66899e-08
63 -0.229059453156608 1.51322e-08
64 -0.228579415427688 3.83542e-08
65 -0.228579415353119 4.30428e-08
66 -0.228579415353109 4.14831e-08
67 -0.228491456560287 2.58096e-08
68 -0.228491456560283 3.59254e-08
69 -0.228491456152919 4.59285e-08
70 -0.226722234632439 5.78321e-08
71 -0.226722233599168 5.28151e-08
72 -0.226722233599141 4.20644e-08
73 -0.225762960452276 5.3273e-08
74 -0.225762960452261 2.69923e-08
75 -0.224948593991973 3.26893e-08
76 -0.224179722505308 1.64504e-08
77 -0.224179721941404 2.8976e-08
78 -0.224179721941401 3.42443e-08
79 -0.223862203784639 5.03948e-08
80 -0.223862203784631 5.93129e-08
81 -0.223862202700863 4.3364e-08
82 -0.223535394078157 2.62097e-08
83 -0.223535394078154 3.65002e-08
84 -0.221626800450689 2.59436e-08
85 -0.22162680037443 4.64542e-08
86 -0.221626800374421 5.77119e-08
87 -0.221308226792229 6.7878e-08
88 -0.221308226792218 3.91599e-08
89 -0.221308226531773 4.77797e-08
90 -0.131469121981206 3.72529e-08
91 -0.13132504874326 2.499e-08
92 -0.131325048743253 7.90253e-09
93 -0.12869362459493 2.9392e-08
94 -0.128693624594927 3.8309e-08
95 -0.128693620223568 2.8493e-08
96 -0.124500286769672 3.03788e-08
97 -0.123902843263514 2.28127e-08
98 -0.123902843263511 1.31709e-08
99 -0.123036548307617 2.41785e-08
100 -0.123036548307611 1.4428e-08
101 -0.123036539463624 2.86145e-08
102 -0.12248613255153 2.38898e-08
103 -0.122486126021758 9.67859e-09
104 -0.122486126021755 3.00054e-08
105 -0.120933446284686 2.05736e-08
106 -0.120933446284677 1.55283e-08
107 -0.120933445002757 1.51322e-08
108 -0.119818362423421 1.73736e-08
109 -0.119194976495872 2.33017e-08
110 -0.119194976495858 1.6131e-08
111 -0.119194970496529 1.49012e-08
112 -0.118311402391802 2.38898e-08
113 -0.118311402391787 3.2503e-08
114 -0.11831138633439 2.42144e-08
115 -0.117978498881949 2.07415e-08
116 -0.117978489290705 1.58599e-08
117 -0.11797848929069 2.8493e-08
118 -0.11782120278601 3.03788e-08
119 -0.117821202785999 2.75016e-08
120 -0.117821200891009 2.13189e-08
121 -0.117555252899025 3.96004e-08
122 -0.116652224402867 1.70714e-08
123 -0.115855535967653 4.68817e-08
124 -0.115855535967646 3.4092e-08
125 -0.115855490724945 2.73117e-08
126 -0.115687237317319 4.29419e-08
127 -0.115687237317307 2.43572e-08
128 -0.115502076690976 2.26601e-08
129 -0.115502076690973 2.99764e-08
130 -0.115502014701254 5.44485e-08
131 -0.114651816254664 5.93129e-08
132 -0.114651816254653 5.38881e-08
133 -0.114008447479568 5.15855e-08
134 -0.113631364754069 7.16937e-08
135 -0.113631364754062 5.70468e-08
136 -0.113631357225586 6.25167e-08
137 -0.112534415037131 7.05104e-08
138 -0.112534409002644 8.20093e-08
139 -0.112534409002634 8.06011e-08
140 -0.112247209997178 8.38087e-08
141 -0.111879997139299 8.7177e-08
142 -0.111879997139286 1.21251e-07
143 -0.111879991009503 8.04288e-08
144 -0.110738021928471 1.36266e-07
145 -0.11073802192846 1.32241e-07
146 -0.110040758263233 1.83855e-07
147 -0.109902270623344 1.72629e-07
148 -0.109902270623337 2.35391e-07
149 -0.109902269633521 1.48551e-07
