1751
P -33.45344123 -7.71620475  7.71620475
P -28.30393791 -18.02025695  2.57061316
P -28.29070983 -12.85894285  7.70276879
Ga -30.85166649 -10.27642441  10.27642441
P -28.29070983 -7.70276879  12.85894285
P -28.30393791 -2.57061316  18.02025695
P -23.15046617 -23.15046617  2.55456939
Ga -25.71161180 -20.57439170  5.13897755
P -23.14479699 -18.00253132  7.71393707
Ga -25.71860379 -15.42974498  10.28502267
P -23.14763158 -12.85824365  12.85824365
Ga -25.71860379 -10.28502267  15.42974498
P -23.14479699 -7.71393707  18.00253132
Ga -25.71161180 -5.13897755  20.57439170
P -23.15046617 -2.55456939  23.15046617
P -18.02025695 -28.30393791  2.57061316
Ga -20.57439170 -25.71161180  5.13897755
P -18.00253132 -23.14479699  7.71393707
Ga -20.57647040 -20.57647040  10.28986036
P -18.00453443 -18.00453443  12.86092706
Ga -20.57836013 -15.43363781  15.43363781
P -18.00453443 -12.86092706  18.00453443
Ga -20.57647040 -10.28986036  20.57647040
P -18.00253132 -7.71393707  23.14479699
Ga -20.57439170 -5.13897755  25.71161180
P -18.02025695 -2.57061316  28.30393791
P -12.85894285 -28.29070983  7.70276879
Ga -15.42974498 -25.71860379  10.28502267
P -12.85824365 -23.14763158  12.85824365
Ga -15.43363781 -20.57836013  15.43363781
P -12.86092706 -18.00453443  18.00453443
Ga -15.43363781 -15.43363781  20.57836013
P -12.85824365 -12.85824365  23.14763158
Ga -15.42974498 -10.28502267  25.71860379
P -12.85894285 -7.70276879  28.29070983
P -7.71620475 -33.45344123  7.71620475
Ga -10.27642441 -30.85166649  10.27642441
P -7.70276879 -28.29070983  12.85894285
Ga -10.28502267 -25.71860379  15.42974498
P -7.71393707 -23.14479699  18.00253132
Ga -10.28986036 -20.57647040  20.57647040
P -7.71393707 -18.00253132  23.14479699
Ga -10.28502267 -15.42974498  25.71860379
P -7.70276879 -12.85894285  28.29070983
Ga -10.27642441 -10.27642441  30.85166649
P -7.71620475 -7.71620475  33.45344123
P -2.57061316 -28.30393791  18.02025695
Ga -5.13897755 -25.71161180  20.57439170
P -2.55456939 -23.15046617  23.15046617
Ga -5.13897755 -20.57439170  25.71161180
P -2.57061316 -18.02025695  28.30393791
P -33.46950390 -7.72799664 -2.58678921
P -33.45306329 -2.58176254  2.58176254
P -33.46950390  2.58678921  7.72799664
P -28.29335545 -18.02035144 -7.71374810
P -28.30488277 -12.86364826 -2.57902244
Ga -30.87812265 -10.28613760 -0.00582482
P -28.30526072 -7.71605357  2.56919587
Ga -30.87642190 -5.14753800  5.14753800
P -28.30526072 -2.56919587  7.71605357
Ga -30.87812265  0.00582482  10.28613760
P -28.30488277  2.57902244  12.86364826
P -28.29335545  7.71374810  18.02035144
P -23.13950576 -23.13950576 -7.72196841
Ga -25.71444639 -20.57684834 -5.14026256
P -23.14971028 -18.00173764 -2.57008404
Ga -25.73277673 -15.43622674 -0.00103040
P -23.15443459 -12.86215538  2.56702268
Ga -25.72332810 -10.28519274  5.13548155
P -23.15367870 -7.71342685  7.71342685
Ga -25.72332810 -5.13548155  10.28519274
P -23.15443459 -2.56702268  12.86215538
Ga -25.73277673  0.00103040  15.43622674
P -23.14971028  2.57008404  18.00173764
Ga -25.71444639  5.14026256  20.57684834
P -23.13950576  7.72196841  23.13950576
P -18.02035144 -28.29335545 -7.71374810
Ga -20.57684834 -25.71444639 -5.14026256
P -18.00173764 -23.14971028 -2.57008404
Ga -20.57458067 -20.57458067 -0.00444505
P -18.00394862 -18.00394862  2.56974389
Ga -20.57665937 -15.43055756  5.13997910
P -18.00576275 -12.85958535  7.71461738
Ga -20.57798218 -10.28543841  10.28543841
P -18.00576275 -7.71461738  12.85958535
Ga -20.57665937 -5.13997910  15.43055756
P -18.00394862 -2.56974389  18.00394862
Ga -20.57458067  0.00444505  20.57458067
P -18.00173764  2.57008404  23.14971028
Ga -20.57684834  5.14026256  25.71444639
P -18.02035144  7.71374810  28.29335545
P -12.86364826 -28.30488277 -2.57902244
Ga -15.43622674 -25.73277673 -0.00103040
P -12.86215538 -23.15443459  2.56702268
Ga -15.43055756 -20.57665937  5.13997910
P -12.85958535 -18.00576275  7.71461738
Ga -15.43263626 -15.43263626  10.28687460
P -12.86083257 -12.86083257  12.86083257
Ga -15.43263626 -10.28687460  15.43263626
P -12.85958535 -7.71461738  18.00576275
Ga -15.43055756 -5.13997910  20.57665937
P -12.86215538 -2.56702268  23.15443459
Ga -15.43622674  0.00103040  25.73277673
P -12.86364826  2.57902244  28.30488277
P -7.72799664 -33.46950390 -2.58678921
Ga -10.28613760 -30.87812265 -0.00582482
P -7.71605357 -28.30526072  2.56919587
Ga -10.28519274 -25.72332810  5.13548155
P -7.71342685 -23.15367870  7.71342685
Ga -10.28543841 -20.57798218  10.28543841
P -7.71461738 -18.00576275  12.85958535
Ga -10.28687460 -15.43263626  15.43263626
P -7.71461738 -12.85958535  18.00576275
Ga -10.28543841 -10.28543841  20.57798218
P -7.71342685 -7.71342685  23.15367870
Ga -10.28519274 -5.13548155  25.72332810
P -7.71605357 -2.56919587  28.30526072
Ga -10.28613760  0.00582482  30.87812265
P -7.72799664  2.58678921  33.46950390
P -2.58176254 -33.45306329  2.58176254
Ga -5.14753800 -30.87642190  5.14753800
P -2.56919587 -28.30526072  7.71605357
Ga -5.13548155 -25.72332810  10.28519274
P -2.56702268 -23.15443459  12.86215538
Ga -5.13997910 -20.57665937  15.43055756
P -2.56974389 -18.00394862  18.00394862
Ga -5.13997910 -15.43055756  20.57665937
P -2.56702268 -12.86215538  23.15443459
Ga -5.13548155 -10.28519274  25.72332810
P -2.56919587 -7.71605357  28.30526072
Ga -5.14753800 -5.14753800  30.87642190
P -2.58176254 -2.58176254  33.45306329
P  2.58678921 -33.46950390  7.72799664
Ga  0.00582482 -30.87812265  10.28613760
P  2.57902244 -28.30488277  12.86364826
Ga  0.00103040 -25.73277673  15.43622674
P  2.57008404 -23.14971028  18.00173764
Ga  0.00444505 -20.57458067  20.57458067
P  2.57008404 -18.00173764  23.14971028
Ga  0.00103040 -15.43622674  25.73277673
P  2.57902244 -12.86364826  28.30488277
Ga  0.00582482 -10.28613760  30.87812265
P  2.58678921 -7.72799664  33.46950390
P  7.71374810 -28.29335545  18.02035144
Ga  5.14026256 -25.71444639  20.57684834
P  7.72196841 -23.13950576  23.13950576
Ga  5.14026256 -20.57684834  25.71444639
P  7.71374810 -18.02035144  28.29335545
P -33.46950390 -2.58678921 -7.72799664
P -33.45306329  2.58176254 -2.58176254
P -33.46950390  7.72799664  2.58678921
P -28.28050531 -12.86544350 -12.86544350
Ga -30.87283142 -10.30333411 -10.30333411
P -28.31111887 -7.72272430 -7.72272430
Ga -30.89135074 -5.15126076 -5.15126076
P -28.31659908 -2.57522409 -2.57522409
Ga -30.88946101 -0.00000000  0.00000000
P -28.31659908  2.57522409  2.57522409
Ga -30.89135074  5.15126076  5.15126076
P -28.31111887  7.72272430  7.72272430
Ga -30.87283142  10.30333411  10.30333411
P -28.28050531  12.86544350  12.86544350
P -23.14271829 -18.00224786 -12.86257112
Ga -25.71954865 -15.43875897 -10.28483369
P -23.15160000 -12.86062470 -7.71514650
Ga -25.73239879 -10.29001154 -5.14914427
P -23.16029274 -7.71656379 -2.57467607
Ga -25.73561132 -5.14290818 -0.00359798
P -23.16142658 -2.57046198  2.57046198
Ga -25.73561132  0.00359798  5.14290818
P -23.16029274  2.57467607  7.71656379
Ga -25.73239879  5.14914427  10.29001154
P -23.15160000  7.71514650  12.86062470
Ga -25.71954865  10.28483369  15.43875897
P -23.14271829  12.86257112  18.00224786
P -18.00224786 -23.14271829 -12.86257112
Ga -20.56872252 -20.56872252 -10.28935014
P -18.00049042 -18.00049042 -7.71265206
Ga -20.57722629 -15.43027410 -5.14254913
P -18.00561158 -12.85848931 -2.57169030
Ga -20.58289547 -10.28744151 -0.00307158
P -18.00988236 -7.71565673  2.57065095
Ga -20.58308444 -5.14132081  5.14132081
P -18.00988236 -2.57065095  7.71565673
Ga -20.58289547  0.00307158  10.28744151
P -18.00561158  2.57169030  12.85848931
Ga -20.57722629  5.14254913  15.43027410
P -18.00049042  7.71265206  18.00049042
Ga -20.56872252  10.28935014  20.56872252
P -18.00224786  12.86257112  23.14271829
P -12.86544350 -28.28050531 -12.86544350
Ga -15.43875897 -25.71954865 -10.28483369
P -12.86062470 -23.15160000 -7.71514650
Ga -15.43027410 -20.57722629 -5.14254913
P -12.85848931 -18.00561158 -2.57169030
Ga -15.43191816 -15.43191816 -0.00129051
P -12.86081367 -12.86081367  2.57235171
Ga -15.43475275 -10.28744151  5.14262472
P -12.86289237 -7.71701733  7.71701733
Ga -15.43475275 -5.14262472  10.28744151
P -12.86081367 -2.57235171  12.86081367
Ga -15.43191816  0.00129051  15.43191816
P -12.85848931  2.57169030  18.00561158
Ga -15.43027410  5.14254913  20.57722629
P -12.86062470  7.71514650  23.15160000
Ga -15.43875897  10.28483369  25.71954865
P -12.86544350  12.86544350  28.28050531
Ga -10.30333411 -30.87283142 -10.30333411
P -7.72272430 -28.31111887 -7.72272430
Ga -10.29001154 -25.73239879 -5.14914427
P -7.71656379 -23.16029274 -2.57467607
Ga -10.28744151 -20.58289547 -0.00307158
P -7.71565673 -18.00988236  2.57065095
Ga -10.28744151 -15.43475275  5.14262472
P -7.71701733 -12.86289237  7.71701733
Ga -10.28883991 -10.28883991  10.28883991
P -7.71701733 -7.71701733  12.86289237
Ga -10.28744151 -5.14262472  15.43475275
P -7.71565673 -2.57065095  18.00988236
Ga -10.28744151  0.00307158  20.58289547
P -7.71656379  2.57467607  23.16029274
Ga -10.29001154  5.14914427  25.73239879
P -7.72272430  7.72272430  28.31111887
Ga -10.30333411  10.30333411  30.87283142
P -2.58678921 -33.46950390 -7.72799664
Ga -5.15126076 -30.89135074 -5.15126076
P -2.57522409 -28.31659908 -2.57522409
Ga -5.14290818 -25.73561132 -0.00359798
P -2.57046198 -23.16142658  2.57046198
Ga -5.14132081 -20.58308444  5.14132081
P -2.57065095 -18.00988236  7.71565673
Ga -5.14262472 -15.43475275  10.28744151
P -2.57235171 -12.86081367  12.86081367
Ga -5.14262472 -10.28744151  15.43475275
P -2.57065095 -7.71565673  18.00988236
Ga -5.14132081 -5.14132081  20.58308444
P -2.57046198 -2.57046198  23.16142658
Ga -5.14290818  0.00359798  25.73561132
P -2.57522409  2.57522409  28.31659908
Ga -5.15126076  5.15126076  30.89135074
P -2.58678921  7.72799664  33.46950390
P  2.58176254 -33.45306329 -2.58176254
Ga  0.00000000 -30.88946101  0.00000000
P  2.57522409 -28.31659908  2.57522409
Ga  0.00359798 -25.73561132  5.14290818
P  2.57467607 -23.16029274  7.71656379
Ga  0.00307158 -20.58289547  10.28744151
P  2.57169030 -18.00561158  12.85848931
Ga  0.00129051 -15.43191816  15.43191816
P  2.57169030 -12.85848931  18.00561158
Ga  0.00307158 -10.28744151  20.58289547
P  2.57467607 -7.71656379  23.16029274
Ga  0.00359798 -5.14290818  25.73561132
P  2.57522409 -2.57522409  28.31659908
Ga  0.00000000  0.00000000  30.88946101
P  2.58176254  2.58176254  33.45306329
P  7.72799664 -33.46950390  2.58678921
Ga  5.15126076 -30.89135074  5.15126076
P  7.72272430 -28.31111887  7.72272430
Ga  5.14914427 -25.73239879  10.29001154
P  7.71514650 -23.15160000  12.86062470
Ga  5.14254913 -20.57722629  15.43027410
P  7.71265206 -18.00049042  18.00049042
Ga  5.14254913 -15.43027410  20.57722629
P  7.71514650 -12.86062470  23.15160000
Ga  5.14914427 -10.29001154  25.73239879
P  7.72272430 -7.72272430  28.31111887
Ga  5.15126076 -5.15126076  30.89135074
P  7.72799664 -2.58678921  33.46950390
Ga  10.30333411 -30.87283142  10.30333411
P  12.86544350 -28.28050531  12.86544350
Ga  10.28483369 -25.71954865  15.43875897
P  12.86257112 -23.14271829  18.00224786
Ga  10.28935014 -20.56872252  20.56872252
P  12.86257112 -18.00224786  23.14271829
Ga  10.28483369 -15.43875897  25.71954865
P  12.86544350 -12.86544350  28.28050531
Ga  10.30333411 -10.30333411  30.87283142
P -33.45344123  7.71620475 -7.71620475
P -28.29335545 -7.71374810 -18.02035144
P -28.30488277 -2.57902244 -12.86364826
Ga -30.87812265 -0.00582482 -10.28613760
P -28.30526072  2.56919587 -7.71605357
Ga -30.87642190  5.14753800 -5.14753800
P -28.30526072  7.71605357 -2.56919587
Ga -30.87812265  10.28613760  0.00582482
P -28.30488277  12.86364826  2.57902244
P -28.29335545  18.02035144  7.71374810
P -23.14271829 -12.86257112 -18.00224786
Ga -25.71954865 -10.28483369 -15.43875897
P -23.15160000 -7.71514650 -12.86062470
Ga -25.73239879 -5.14914427 -10.29001154
P -23.16029274 -2.57467607 -7.71656379
Ga -25.73561132 -0.00359798 -5.14290818
P -23.16142658  2.57046198 -2.57046198
Ga -25.73561132  5.14290818  0.00359798
P -23.16029274  7.71656379  2.57467607
Ga -25.73239879  10.29001154  5.14914427
P -23.15160000  12.86062470  7.71514650
Ga -25.71954865  15.43875897  10.28483369
P -23.14271829  18.00224786  12.86257112
P -18.00077388 -18.00077388 -18.00077388
Ga -20.56985636 -15.42811981 -15.42811981
P -18.00073608 -12.85578700 -12.85578700
Ga -20.57911602 -10.28683680 -10.28683680
P -18.00748240 -7.71474966 -7.71474966
Ga -20.58440725 -5.14430657 -5.14430657
P -18.01082722 -2.57214384 -2.57214384
Ga -20.58497417  0.00000000 -0.00000000
P -18.01082722  2.57214384  2.57214384
Ga -20.58440725  5.14430657  5.14430657
P -18.00748240  7.71474966  7.71474966
Ga -20.57911602  10.28683680  10.28683680
P -18.00073608  12.85578700  12.85578700
Ga -20.56985636  15.42811981  15.42811981
P -18.00077388  18.00077388  18.00077388
P -12.86257112 -23.14271829 -18.00224786
Ga -15.42811981 -20.56985636 -15.42811981
P -12.85578700 -18.00073608 -12.85578700
Ga -15.42859224 -15.42859224 -10.28436126
P -12.85756335 -12.85756335 -7.71308670
Ga -15.43339215 -10.28640217 -5.14338061
P -12.86153177 -7.71510870 -2.57101000
Ga -15.43628343 -5.14343730 -0.00042323
P -12.86338370 -2.57225722  2.57225722
Ga -15.43628343  0.00042323  5.14343730
P -12.86153177  2.57101000  7.71510870
Ga -15.43339215  5.14338061  10.28640217
P -12.85756335  7.71308670  12.85756335
Ga -15.42859224  10.28436126  15.42859224
P -12.85578700  12.85578700  18.00073608
Ga -15.42811981  15.42811981  20.56985636
P -12.86257112  18.00224786  23.14271829
P -7.71374810 -28.29335545 -18.02035144
Ga -10.28483369 -25.71954865 -15.43875897
P -7.71514650 -23.15160000 -12.86062470
Ga -10.28683680 -20.57911602 -10.28683680
P -7.71474966 -18.00748240 -7.71474966
Ga -10.28640217 -15.43339215 -5.14338061
P -7.71510870 -12.86153177 -2.57101000
Ga -10.28855645 -10.28855645  0.00001675
P -7.71707402 -7.71707402  2.57323988
Ga -10.29042728 -5.14483570  5.14483570
P -7.71707402 -2.57323988  7.71707402
Ga -10.28855645 -0.00001675  10.28855645
P -7.71510870  2.57101000  12.86153177
Ga -10.28640217  5.14338061  15.43339215
P -7.71474966  7.71474966  18.00748240
Ga -10.28683680  10.28683680  20.57911602
P -7.71514650  12.86062470  23.15160000
Ga -10.28483369  15.43875897  25.71954865
P -7.71374810  18.02035144  28.29335545
P -2.57902244 -28.30488277 -12.86364826
Ga -5.14914427 -25.73239879 -10.29001154
P -2.57467607 -23.16029274 -7.71656379
Ga -5.14430657 -20.58440725 -5.14430657
P -2.57214384 -18.01082722 -2.57214384
Ga -5.14343730 -15.43628343 -0.00042323
P -2.57225722 -12.86338370  2.57225722
Ga -5.14483570 -10.29042728  5.14483570
P -2.57323988 -7.71707402  7.71707402
Ga -5.14483570 -5.14483570  10.29042728
P -2.57225722 -2.57225722  12.86338370
Ga -5.14343730  0.00042323  15.43628343
P -2.57214384  2.57214384  18.01082722
Ga -5.14430657  5.14430657  20.58440725
P -2.57467607  7.71656379  23.16029274
Ga -5.14914427  10.29001154  25.73239879
P -2.57902244  12.86364826  28.30488277
Ga -0.00582482 -30.87812265 -10.28613760
P  2.56919587 -28.30526072 -7.71605357
Ga -0.00359798 -25.73561132 -5.14290818
P  2.57046198 -23.16142658 -2.57046198
Ga -0.00000000 -20.58497417 -0.00000000
P  2.57214384 -18.01082722  2.57214384
Ga  0.00042323 -15.43628343  5.14343730
P  2.57101000 -12.86153177  7.71510870
Ga -0.00001675 -10.28855645  10.28855645
P  2.57101000 -7.71510870  12.86153177
Ga  0.00042323 -5.14343730  15.43628343
P  2.57214384 -2.57214384  18.01082722
Ga -0.00000000  0.00000000  20.58497417
P  2.57046198  2.57046198  23.16142658
Ga -0.00359798  5.14290818  25.73561132
P  2.56919587  7.71605357  28.30526072
Ga -0.00582482  10.28613760  30.87812265
P  7.71620475 -33.45344123 -7.71620475
Ga  5.14753800 -30.87642190 -5.14753800
P  7.71605357 -28.30526072 -2.56919587
Ga  5.14290818 -25.73561132  0.00359798
P  7.71656379 -23.16029274  2.57467607
Ga  5.14430657 -20.58440725  5.14430657
P  7.71474966 -18.00748240  7.71474966
Ga  5.14338061 -15.43339215  10.28640217
P  7.71308670 -12.85756335  12.85756335
Ga  5.14338061 -10.28640217  15.43339215
P  7.71474966 -7.71474966  18.00748240
Ga  5.14430657 -5.14430657  20.58440725
P  7.71656379 -2.57467607  23.16029274
Ga  5.14290818 -0.00359798  25.73561132
P  7.71605357  2.56919587  28.30526072
Ga  5.14753800  5.14753800  30.87642190
P  7.71620475  7.71620475  33.45344123
Ga  10.28613760 -30.87812265  0.00582482
P  12.86364826 -28.30488277  2.57902244
Ga  10.29001154 -25.73239879  5.14914427
P  12.86062470 -23.15160000  7.71514650
Ga  10.28683680 -20.57911602  10.28683680
P  12.85578700 -18.00073608  12.85578700
Ga  10.28436126 -15.42859224  15.42859224
P  12.85578700 -12.85578700  18.00073608
Ga  10.28683680 -10.28683680  20.57911602
P  12.86062470 -7.71514650  23.15160000
Ga  10.29001154 -5.14914427  25.73239879
P  12.86364826 -2.57902244  28.30488277
Ga  10.28613760 -0.00582482  30.87812265
P  18.02035144 -28.29335545  7.71374810
Ga  15.43875897 -25.71954865  10.28483369
P  18.00224786 -23.14271829  12.86257112
Ga  15.42811981 -20.56985636  15.42811981
P  18.00077388 -18.00077388  18.00077388
Ga  15.42811981 -15.42811981  20.56985636
P  18.00224786 -12.86257112  23.14271829
Ga  15.43875897 -10.28483369  25.71954865
P  18.02035144 -7.71374810  28.29335545
P -28.30393791  2.57061316 -18.02025695
P -28.29070983  7.70276879 -12.85894285
Ga -30.85166649  10.27642441 -10.27642441
P -28.29070983  12.85894285 -7.70276879
P -28.30393791  18.02025695 -2.57061316
P -23.13950576 -7.72196841 -23.13950576
Ga -25.71444639 -5.14026256 -20.57684834
P -23.14971028 -2.57008404 -18.00173764
Ga -25.73277673 -0.00103040 -15.43622674
P -23.15443459  2.56702268 -12.86215538
Ga -25.72332810  5.13548155 -10.28519274
P -23.15367870  7.71342685 -7.71342685
Ga -25.72332810  10.28519274 -5.13548155
P -23.15443459  12.86215538 -2.56702268
Ga -25.73277673  15.43622674  0.00103040
P -23.14971028  18.00173764  2.57008404
Ga -25.71444639  20.57684834  5.14026256
P -23.13950576  23.13950576  7.72196841
P -18.00224786 -12.86257112 -23.14271829
Ga -20.56872252 -10.28935014 -20.56872252
P -18.00049042 -7.71265206 -18.00049042
Ga -20.57722629 -5.14254913 -15.43027410
P -18.00561158 -2.57169030 -12.85848931
Ga -20.58289547 -0.00307158 -10.28744151
P -18.00988236  2.57065095 -7.71565673
Ga -20.58308444  5.14132081 -5.14132081
P -18.00988236  7.71565673 -2.57065095
Ga -20.58289547  10.28744151  0.00307158
P -18.00561158  12.85848931  2.57169030
Ga -20.57722629  15.43027410  5.14254913
P -18.00049042  18.00049042  7.71265206
Ga -20.56872252  20.56872252  10.28935014
P -18.00224786  23.14271829  12.86257112
P -12.86257112 -18.00224786 -23.14271829
Ga -15.42811981 -15.42811981 -20.56985636
P -12.85578700 -12.85578700 -18.00073608
Ga -15.42859224 -10.28436126 -15.42859224
P -12.85756335 -7.71308670 -12.85756335
Ga -15.43339215 -5.14338061 -10.28640217
P -12.86153177 -2.57101000 -7.71510870
Ga -15.43628343 -0.00042323 -5.14343730
P -12.86338370  2.57225722 -2.57225722
Ga -15.43628343  5.14343730  0.00042323
P -12.86153177  7.71510870  2.57101000
Ga -15.43339215  10.28640217  5.14338061
P -12.85756335  12.85756335  7.71308670
Ga -15.42859224  15.42859224  10.28436126
P -12.85578700  18.00073608  12.85578700
Ga -15.42811981  20.56985636  15.42811981
P -12.86257112  23.14271829  18.00224786
P -7.72196841 -23.13950576 -23.13950576
Ga -10.28935014 -20.56872252 -20.56872252
P -7.71265206 -18.00049042 -18.00049042
Ga -10.28436126 -15.42859224 -15.42859224
P -7.71308670 -12.85756335 -12.85756335
Ga -10.28632658 -10.28632658 -10.28632658
P -7.71480635 -7.71480635 -7.71480635
Ga -10.28861314 -5.14334281 -5.14334281
P -7.71639372 -2.57136905 -2.57136905
Ga -10.28999264  0.00000000 -0.00000000
P -7.71639372  2.57136905  2.57136905
Ga -10.28861314  5.14334281  5.14334281
P -7.71480635  7.71480635  7.71480635
Ga -10.28632658  10.28632658  10.28632658
P -7.71308670  12.85756335  12.85756335
Ga -10.28436126  15.42859224  15.42859224
P -7.71265206  18.00049042  18.00049042
Ga -10.28935014  20.56872252  20.56872252
P -7.72196841  23.13950576  23.13950576
Ga -5.14026256 -25.71444639 -20.57684834
P -2.57008404 -23.14971028 -18.00173764
Ga -5.14254913 -20.57722629 -15.43027410
P -2.57169030 -18.00561158 -12.85848931
Ga -5.14338061 -15.43339215 -10.28640217
P -2.57101000 -12.86153177 -7.71510870
Ga -5.14334281 -10.28861314 -5.14334281
P -2.57136905 -7.71639372 -2.57136905
Ga -5.14428768 -5.14428768  0.00078614
P -2.57189817 -2.57189817  2.57189817
Ga -5.14428768 -0.00078614  5.14428768
P -2.57136905  2.57136905  7.71639372
Ga -5.14334281  5.14334281  10.28861314
P -2.57101000  7.71510870  12.86153177
Ga -5.14338061  10.28640217  15.43339215
P -2.57169030  12.85848931  18.00561158
Ga -5.14254913  15.43027410  20.57722629
P -2.57008404  18.00173764  23.14971028
Ga -5.14026256  20.57684834  25.71444639
P  2.57061316 -28.30393791 -18.02025695
Ga -0.00103040 -25.73277673 -15.43622674
P  2.56702268 -23.15443459 -12.86215538
Ga -0.00307158 -20.58289547 -10.28744151
P  2.57065095 -18.00988236 -7.71565673
Ga -0.00042323 -15.43628343 -5.14343730
P  2.57225722 -12.86338370 -2.57225722
Ga  0.00000000 -10.28999264  0.00000000
P  2.57136905 -7.71639372  2.57136905
Ga -0.00078614 -5.14428768  5.14428768
P  2.57136905 -2.57136905  7.71639372
Ga  0.00000000 -0.00000000  10.28999264
P  2.57225722  2.57225722  12.86338370
Ga -0.00042323  5.14343730  15.43628343
P  2.57065095  7.71565673  18.00988236
Ga -0.00307158  10.28744151  20.58289547
P  2.56702268  12.86215538  23.15443459
Ga -0.00103040  15.43622674  25.73277673
P  2.57061316  18.02025695  28.30393791
P  7.70276879 -28.29070983 -12.85894285
Ga  5.13548155 -25.72332810 -10.28519274
P  7.71342685 -23.15367870 -7.71342685
Ga  5.14132081 -20.58308444 -5.14132081
P  7.71565673 -18.00988236 -2.57065095
Ga  5.14343730 -15.43628343  0.00042323
P  7.71510870 -12.86153177  2.57101000
Ga  5.14334281 -10.28861314  5.14334281
P  7.71480635 -7.71480635  7.71480635
Ga  5.14334281 -5.14334281  10.28861314
P  7.71510870 -2.57101000  12.86153177
Ga  5.14343730 -0.00042323  15.43628343
P  7.71565673  2.57065095  18.00988236
Ga  5.14132081  5.14132081  20.58308444
P  7.71342685  7.71342685  23.15367870
Ga  5.13548155  10.28519274  25.72332810
P  7.70276879  12.85894285  28.29070983
Ga  10.27642441 -30.85166649 -10.27642441
P  12.85894285 -28.29070983 -7.70276879
Ga  10.28519274 -25.72332810 -5.13548155
P  12.86215538 -23.15443459 -2.56702268
Ga  10.28744151 -20.58289547  0.00307158
P  12.85848931 -18.00561158  2.57169030
Ga  10.28640217 -15.43339215  5.14338061
P  12.85756335 -12.85756335  7.71308670
Ga  10.28632658 -10.28632658  10.28632658
P  12.85756335 -7.71308670  12.85756335
Ga  10.28640217 -5.14338061  15.43339215
P  12.85848931 -2.57169030  18.00561158
Ga  10.28744151 -0.00307158  20.58289547
P  12.86215538  2.56702268  23.15443459
Ga  10.28519274  5.13548155  25.72332810
P  12.85894285  7.70276879  28.29070983
Ga  10.27642441  10.27642441  30.85166649
P  18.02025695 -28.30393791 -2.57061316
Ga  15.43622674 -25.73277673  0.00103040
P  18.00173764 -23.14971028  2.57008404
Ga  15.43027410 -20.57722629  5.14254913
P  18.00049042 -18.00049042  7.71265206
Ga  15.42859224 -15.42859224  10.28436126
P  18.00073608 -12.85578700  12.85578700
Ga  15.42859224 -10.28436126  15.42859224
P  18.00049042 -7.71265206  18.00049042
Ga  15.43027410 -5.14254913  20.57722629
P  18.00173764 -2.57008404  23.14971028
Ga  15.43622674 -0.00103040  25.73277673
P  18.02025695  2.57061316  28.30393791
Ga  20.57684834 -25.71444639  5.14026256
P  23.13950576 -23.13950576  7.72196841
Ga  20.56872252 -20.56872252  10.28935014
P  23.14271829 -18.00224786  12.86257112
Ga  20.56985636 -15.42811981  15.42811981
P  23.14271829 -12.86257112  18.00224786
Ga  20.56872252 -10.28935014  20.56872252
P  23.13950576 -7.72196841  23.13950576
Ga  20.57684834 -5.14026256  25.71444639
P -23.15046617  2.55456939 -23.15046617
Ga -25.71161180  5.13897755 -20.57439170
P -23.14479699  7.71393707 -18.00253132
Ga -25.71860379  10.28502267 -15.42974498
P -23.14763158  12.85824365 -12.85824365
Ga -25.71860379  15.42974498 -10.28502267
P -23.14479699  18.00253132 -7.71393707
Ga -25.71161180  20.57439170 -5.13897755
P -23.15046617  23.15046617 -2.55456939
P -18.02035144 -7.71374810 -28.29335545
Ga -20.57684834 -5.14026256 -25.71444639
P -18.00173764 -2.57008404 -23.14971028
Ga -20.57458067 -0.00444505 -20.57458067
P -18.00394862  2.56974389 -18.00394862
Ga -20.57665937  5.13997910 -15.43055756
P -18.00576275  7.71461738 -12.85958535
Ga -20.57798218  10.28543841 -10.28543841
P -18.00576275  12.85958535 -7.71461738
Ga -20.57665937  15.43055756 -5.13997910
P -18.00394862  18.00394862 -2.56974389
Ga -20.57458067  20.57458067  0.00444505
P -18.00173764  23.14971028  2.57008404
Ga -20.57684834  25.71444639  5.14026256
P -18.02035144  28.29335545  7.71374810
P -12.86544350 -12.86544350 -28.28050531
Ga -15.43875897 -10.28483369 -25.71954865
P -12.86062470 -7.71514650 -23.15160000
Ga -15.43027410 -5.14254913 -20.57722629
P -12.85848931 -2.57169030 -18.00561158
Ga -15.43191816 -0.00129051 -15.43191816
P -12.86081367  2.57235171 -12.86081367
Ga -15.43475275  5.14262472 -10.28744151
P -12.86289237  7.71701733 -7.71701733
Ga -15.43475275  10.28744151 -5.14262472
P -12.86081367  12.86081367 -2.57235171
Ga -15.43191816  15.43191816  0.00129051
P -12.85848931  18.00561158  2.57169030
Ga -15.43027410  20.57722629  5.14254913
P -12.86062470  23.15160000  7.71514650
Ga -15.43875897  25.71954865  10.28483369
P -12.86544350  28.28050531  12.86544350
P -7.71374810 -18.02035144 -28.29335545
Ga -10.28483369 -15.43875897 -25.71954865
P -7.71514650 -12.86062470 -23.15160000
Ga -10.28683680 -10.28683680 -20.57911602
P -7.71474966 -7.71474966 -18.00748240
Ga -10.28640217 -5.14338061 -15.43339215
P -7.71510870 -2.57101000 -12.86153177
Ga -10.28855645  0.00001675 -10.28855645
P -7.71707402  2.57323988 -7.71707402
Ga -10.29042728  5.14483570 -5.14483570
P -7.71707402  7.71707402 -2.57323988
Ga -10.28855645  10.28855645 -0.00001675
P -7.71510870  12.86153177  2.57101000
Ga -10.28640217  15.43339215  5.14338061
P -7.71474966  18.00748240  7.71474966
Ga -10.28683680  20.57911602  10.28683680
P -7.71514650  23.15160000  12.86062470
Ga -10.28483369  25.71954865  15.43875897
P -7.71374810  28.29335545  18.02035144
Ga -5.14026256 -20.57684834 -25.71444639
P -2.57008404 -18.00173764 -23.14971028
Ga -5.14254913 -15.43027410 -20.57722629
P -2.57169030 -12.85848931 -18.00561158
Ga -5.14338061 -10.28640217 -15.43339215
P -2.57101000 -7.71510870 -12.86153177
Ga -5.14334281 -5.14334281 -10.28861314
P -2.57136905 -2.57136905 -7.71639372
Ga -5.14428768  0.00078614 -5.14428768
P -2.57189817  2.57189817 -2.57189817
Ga -5.14428768  5.14428768 -0.00078614
P -2.57136905  7.71639372  2.57136905
Ga -5.14334281  10.28861314  5.14334281
P -2.57101000  12.86153177  7.71510870
Ga -5.14338061  15.43339215  10.28640217
P -2.57169030  18.00561158  12.85848931
Ga -5.14254913  20.57722629  15.43027410
P -2.57008404  23.14971028  18.00173764
Ga -5.14026256  25.71444639  20.57684834
P  2.55456939 -23.15046617 -23.15046617
Ga -0.00444505 -20.57458067 -20.57458067
P  2.56974389 -18.00394862 -18.00394862
Ga -0.00129051 -15.43191816 -15.43191816
P  2.57235171 -12.86081367 -12.86081367
Ga  0.00001675 -10.28855645 -10.28855645
P  2.57323988 -7.71707402 -7.71707402
Ga  0.00078614 -5.14428768 -5.14428768
P  2.57189817 -2.57189817 -2.57189817
Ga  0.00000000  0.00000000  0.00000000
P  2.57189817  2.57189817  2.57189817
Ga  0.00078614  5.14428768  5.14428768
P  2.57323988  7.71707402  7.71707402
Ga  0.00001675  10.28855645  10.28855645
P  2.57235171  12.86081367  12.86081367
Ga -0.00129051  15.43191816  15.43191816
P  2.56974389  18.00394862  18.00394862
Ga -0.00444505  20.57458067  20.57458067
P  2.55456939  23.15046617  23.15046617
Ga  5.13897755 -25.71161180 -20.57439170
P  7.71393707 -23.14479699 -18.00253132
Ga  5.13997910 -20.57665937 -15.43055756
P  7.71461738 -18.00576275 -12.85958535
Ga  5.14262472 -15.43475275 -10.28744151
P  7.71701733 -12.86289237 -7.71701733
Ga  5.14483570 -10.29042728 -5.14483570
P  7.71707402 -7.71707402 -2.57323988
Ga  5.14428768 -5.14428768 -0.00078614
P  7.71639372 -2.57136905  2.57136905
Ga  5.14428768  0.00078614  5.14428768
P  7.71707402  2.57323988  7.71707402
Ga  5.14483570  5.14483570  10.29042728
P  7.71701733  7.71701733  12.86289237
Ga  5.14262472  10.28744151  15.43475275
P  7.71461738  12.85958535  18.00576275
Ga  5.13997910  15.43055756  20.57665937
P  7.71393707  18.00253132  23.14479699
Ga  5.13897755  20.57439170  25.71161180
Ga  10.28502267 -25.71860379 -15.42974498
P  12.85824365 -23.14763158 -12.85824365
Ga  10.28543841 -20.57798218 -10.28543841
P  12.85958535 -18.00576275 -7.71461738
Ga  10.28744151 -15.43475275 -5.14262472
P  12.86081367 -12.86081367 -2.57235171
Ga  10.28855645 -10.28855645 -0.00001675
P  12.86153177 -7.71510870  2.57101000
Ga  10.28861314 -5.14334281  5.14334281
P  12.86153177 -2.57101000  7.71510870
Ga  10.28855645  0.00001675  10.28855645
P  12.86081367  2.57235171  12.86081367
Ga  10.28744151  5.14262472  15.43475275
P  12.85958535  7.71461738  18.00576275
Ga  10.28543841  10.28543841  20.57798218
P  12.85824365  12.85824365  23.14763158
Ga  10.28502267  15.42974498  25.71860379
Ga  15.42974498 -25.71860379 -10.28502267
P  18.00253132 -23.14479699 -7.71393707
Ga  15.43055756 -20.57665937 -5.13997910
P  18.00394862 -18.00394862 -2.56974389
Ga  15.43191816 -15.43191816  0.00129051
P  18.00561158 -12.85848931  2.57169030
Ga  15.43339215 -10.28640217  5.14338061
P  18.00748240 -7.71474966  7.71474966
Ga  15.43339215 -5.14338061  10.28640217
P  18.00561158 -2.57169030  12.85848931
Ga  15.43191816 -0.00129051  15.43191816
P  18.00394862  2.56974389  18.00394862
Ga  15.43055756  5.13997910  20.57665937
P  18.00253132  7.71393707  23.14479699
Ga  15.42974498  10.28502267  25.71860379
Ga  20.57439170 -25.71161180 -5.13897755
P  23.15046617 -23.15046617 -2.55456939
Ga  20.57458067 -20.57458067  0.00444505
P  23.14971028 -18.00173764  2.57008404
Ga  20.57722629 -15.43027410  5.14254913
P  23.15160000 -12.86062470  7.71514650
Ga  20.57911602 -10.28683680  10.28683680
P  23.15160000 -7.71514650  12.86062470
Ga  20.57722629 -5.14254913  15.43027410
P  23.14971028 -2.57008404  18.00173764
Ga  20.57458067 -0.00444505  20.57458067
P  23.15046617  2.55456939  23.15046617
Ga  20.57439170  5.13897755  25.71161180
Ga  25.71444639 -20.57684834  5.14026256
P  28.29335545 -18.02035144  7.71374810
Ga  25.71954865 -15.43875897  10.28483369
P  28.28050531 -12.86544350  12.86544350
Ga  25.71954865 -10.28483369  15.43875897
P  28.29335545 -7.71374810  18.02035144
Ga  25.71444639 -5.14026256  20.57684834
P -18.02025695  2.57061316 -28.30393791
Ga -20.57439170  5.13897755 -25.71161180
P -18.00253132  7.71393707 -23.14479699
Ga -20.57647040  10.28986036 -20.57647040
P -18.00453443  12.86092706 -18.00453443
Ga -20.57836013  15.43363781 -15.43363781
P -18.00453443  18.00453443 -12.86092706
Ga -20.57647040  20.57647040 -10.28986036
P -18.00253132  23.14479699 -7.71393707
Ga -20.57439170  25.71161180 -5.13897755
P -18.02025695  28.30393791 -2.57061316
P -12.86364826 -2.57902244 -28.30488277
Ga -15.43622674 -0.00103040 -25.73277673
P -12.86215538  2.56702268 -23.15443459
Ga -15.43055756  5.13997910 -20.57665937
P -12.85958535  7.71461738 -18.00576275
Ga -15.43263626  10.28687460 -15.43263626
P -12.86083257  12.86083257 -12.86083257
Ga -15.43263626  15.43263626 -10.28687460
P -12.85958535  18.00576275 -7.71461738
Ga -15.43055756  20.57665937 -5.13997910
P -12.86215538  23.15443459 -2.56702268
Ga -15.43622674  25.73277673  0.00103040
P -12.86364826  28.30488277  2.57902244
Ga -10.30333411 -10.30333411 -30.87283142
P -7.72272430 -7.72272430 -28.31111887
Ga -10.29001154 -5.14914427 -25.73239879
P -7.71656379 -2.57467607 -23.16029274
Ga -10.28744151 -0.00307158 -20.58289547
P -7.71565673  2.57065095 -18.00988236
Ga -10.28744151  5.14262472 -15.43475275
P -7.71701733  7.71701733 -12.86289237
Ga -10.28883991  10.28883991 -10.28883991
P -7.71701733  12.86289237 -7.71701733
Ga -10.28744151  15.43475275 -5.14262472
P -7.71565673  18.00988236 -2.57065095
Ga -10.28744151  20.58289547  0.00307158
P -7.71656379  23.16029274  2.57467607
Ga -10.29001154  25.73239879  5.14914427
P -7.72272430  28.31111887  7.72272430
Ga -10.30333411  30.87283142  10.30333411
P -2.57902244 -12.86364826 -28.30488277
Ga -5.14914427 -10.29001154 -25.73239879
P -2.57467607 -7.71656379 -23.16029274
Ga -5.14430657 -5.14430657 -20.58440725
P -2.57214384 -2.57214384 -18.01082722
Ga -5.14343730 -0.00042323 -15.43628343
P -2.57225722  2.57225722 -12.86338370
Ga -5.14483570  5.14483570 -10.29042728
P -2.57323988  7.71707402 -7.71707402
Ga -5.14483570  10.29042728 -5.14483570
P -2.57225722  12.86338370 -2.57225722
Ga -5.14343730  15.43628343  0.00042323
P -2.57214384  18.01082722  2.57214384
Ga -5.14430657  20.58440725  5.14430657
P -2.57467607  23.16029274  7.71656379
Ga -5.14914427  25.73239879  10.29001154
P -2.57902244  28.30488277  12.86364826
P  2.57061316 -18.02025695 -28.30393791
Ga -0.00103040 -15.43622674 -25.73277673
P  2.56702268 -12.86215538 -23.15443459
Ga -0.00307158 -10.28744151 -20.58289547
P  2.57065095 -7.71565673 -18.00988236
Ga -0.00042323 -5.14343730 -15.43628343
P  2.57225722 -2.57225722 -12.86338370
Ga  0.00000000 -0.00000000 -10.28999264
P  2.57136905  2.57136905 -7.71639372
Ga -0.00078614  5.14428768 -5.14428768
P  2.57136905  7.71639372 -2.57136905
Ga  0.00000000  10.28999264  0.00000000
P  2.57225722  12.86338370  2.57225722
Ga -0.00042323  15.43628343  5.14343730
P  2.57065095  18.00988236  7.71565673
Ga -0.00307158  20.58289547  10.28744151
P  2.56702268  23.15443459  12.86215538
Ga -0.00103040  25.73277673  15.43622674
P  2.57061316  28.30393791  18.02025695
Ga  5.13897755 -20.57439170 -25.71161180
P  7.71393707 -18.00253132 -23.14479699
Ga  5.13997910 -15.43055756 -20.57665937
P  7.71461738 -12.85958535 -18.00576275
Ga  5.14262472 -10.28744151 -15.43475275
P  7.71701733 -7.71701733 -12.86289237
Ga  5.14483570 -5.14483570 -10.29042728
P  7.71707402 -2.57323988 -7.71707402
Ga  5.14428768 -0.00078614 -5.14428768
P  7.71639372  2.57136905 -2.57136905
Ga  5.14428768  5.14428768  0.00078614
P  7.71707402  7.71707402  2.57323988
Ga  5.14483570  10.29042728  5.14483570
P  7.71701733  12.86289237  7.71701733
Ga  5.14262472  15.43475275  10.28744151
P  7.71461738  18.00576275  12.85958535
Ga  5.13997910  20.57665937  15.43055756
P  7.71393707  23.14479699  18.00253132
Ga  5.13897755  25.71161180  20.57439170
Ga  10.28986036 -20.57647040 -20.57647040
P  12.86092706 -18.00453443 -18.00453443
Ga  10.28687460 -15.43263626 -15.43263626
P  12.86083257 -12.86083257 -12.86083257
Ga  10.28883991 -10.28883991 -10.28883991
P  12.86289237 -7.71701733 -7.71701733
Ga  10.29042728 -5.14483570 -5.14483570
P  12.86338370 -2.57225722 -2.57225722
Ga  10.28999264 -0.00000000 -0.00000000
P  12.86338370  2.57225722  2.57225722
Ga  10.29042728  5.14483570  5.14483570
P  12.86289237  7.71701733  7.71701733
Ga  10.28883991  10.28883991  10.28883991
P  12.86083257  12.86083257  12.86083257
Ga  10.28687460  15.43263626  15.43263626
P  12.86092706  18.00453443  18.00453443
Ga  10.28986036  20.57647040  20.57647040
Ga  15.43363781 -20.57836013 -15.43363781
P  18.00453443 -18.00453443 -12.86092706
Ga  15.43263626 -15.43263626 -10.28687460
P  18.00576275 -12.85958535 -7.71461738
Ga  15.43475275 -10.28744151 -5.14262472
P  18.00988236 -7.71565673 -2.57065095
Ga  15.43628343 -5.14343730  0.00042323
P  18.01082722 -2.57214384  2.57214384
Ga  15.43628343 -0.00042323  5.14343730
P  18.00988236  2.57065095  7.71565673
Ga  15.43475275  5.14262472  10.28744151
P  18.00576275  7.71461738  12.85958535
Ga  15.43263626  10.28687460  15.43263626
P  18.00453443  12.86092706  18.00453443
Ga  15.43363781  15.43363781  20.57836013
Ga  20.57647040 -20.57647040 -10.28986036
P  23.14479699 -18.00253132 -7.71393707
Ga  20.57665937 -15.43055756 -5.13997910
P  23.15443459 -12.86215538 -2.56702268
Ga  20.58289547 -10.28744151  0.00307158
P  23.16029274 -7.71656379  2.57467607
Ga  20.58440725 -5.14430657  5.14430657
P  23.16029274 -2.57467607  7.71656379
Ga  20.58289547 -0.00307158  10.28744151
P  23.15443459  2.56702268  12.86215538
Ga  20.57665937  5.13997910  15.43055756
P  23.14479699  7.71393707  18.00253132
Ga  20.57647040  10.28986036  20.57647040
Ga  25.71161180 -20.57439170 -5.13897755
P  28.30393791 -18.02025695 -2.57061316
Ga  25.73277673 -15.43622674  0.00103040
P  28.30488277 -12.86364826  2.57902244
Ga  25.73239879 -10.29001154  5.14914427
P  28.31111887 -7.72272430  7.72272430
Ga  25.73239879 -5.14914427  10.29001154
P  28.30488277 -2.57902244  12.86364826
Ga  25.73277673 -0.00103040  15.43622674
P  28.30393791  2.57061316  18.02025695
Ga  25.71161180  5.13897755  20.57439170
Ga  30.87283142 -10.30333411  10.30333411
P -12.85894285  7.70276879 -28.29070983
Ga -15.42974498  10.28502267 -25.71860379
P -12.85824365  12.85824365 -23.14763158
Ga -15.43363781  15.43363781 -20.57836013
P -12.86092706  18.00453443 -18.00453443
Ga -15.43363781  20.57836013 -15.43363781
P -12.85824365  23.14763158 -12.85824365
Ga -15.42974498  25.71860379 -10.28502267
P -12.85894285  28.29070983 -7.70276879
P -7.72799664 -2.58678921 -33.46950390
Ga -10.28613760 -0.00582482 -30.87812265
P -7.71605357  2.56919587 -28.30526072
Ga -10.28519274  5.13548155 -25.72332810
P -7.71342685  7.71342685 -23.15367870
Ga -10.28543841  10.28543841 -20.57798218
P -7.71461738  12.85958535 -18.00576275
Ga -10.28687460  15.43263626 -15.43263626
P -7.71461738  18.00576275 -12.85958535
Ga -10.28543841  20.57798218 -10.28543841
P -7.71342685  23.15367870 -7.71342685
Ga -10.28519274  25.72332810 -5.13548155
P -7.71605357  28.30526072 -2.56919587
Ga -10.28613760  30.87812265  0.00582482
P -7.72799664  33.46950390  2.58678921
P -2.58678921 -7.72799664 -33.46950390
Ga -5.15126076 -5.15126076 -30.89135074
P -2.57522409 -2.57522409 -28.31659908
Ga -5.14290818 -0.00359798 -25.73561132
P -2.57046198  2.57046198 -23.16142658
Ga -5.14132081  5.14132081 -20.58308444
P -2.57065095  7.71565673 -18.00988236
Ga -5.14262472  10.28744151 -15.43475275
P -2.57235171  12.86081367 -12.86081367
Ga -5.14262472  15.43475275 -10.28744151
P -2.57065095  18.00988236 -7.71565673
Ga -5.14132081  20.58308444 -5.14132081
P -2.57046198  23.16142658 -2.57046198
Ga -5.14290818  25.73561132  0.00359798
P -2.57522409  28.31659908  2.57522409
Ga -5.15126076  30.89135074  5.15126076
P -2.58678921  33.46950390  7.72799664
Ga -0.00582482 -10.28613760 -30.87812265
P  2.56919587 -7.71605357 -28.30526072
Ga -0.00359798 -5.14290818 -25.73561132
P  2.57046198 -2.57046198 -23.16142658
Ga  0.00000000  0.00000000 -20.58497417
P  2.57214384  2.57214384 -18.01082722
Ga  0.00042323  5.14343730 -15.43628343
P  2.57101000  7.71510870 -12.86153177
Ga -0.00001675  10.28855645 -10.28855645
P  2.57101000  12.86153177 -7.71510870
Ga  0.00042323  15.43628343 -5.14343730
P  2.57214384  18.01082722 -2.57214384
Ga  0.00000000  20.58497417  0.00000000
P  2.57046198  23.16142658  2.57046198
Ga -0.00359798  25.73561132  5.14290818
P  2.56919587  28.30526072  7.71605357
Ga -0.00582482  30.87812265  10.28613760
P  7.70276879 -12.85894285 -28.29070983
Ga  5.13548155 -10.28519274 -25.72332810
P  7.71342685 -7.71342685 -23.15367870
Ga  5.14132081 -5.14132081 -20.58308444
P  7.71565673 -2.57065095 -18.00988236
Ga  5.14343730  0.00042323 -15.43628343
P  7.71510870  2.57101000 -12.86153177
Ga  5.14334281  5.14334281 -10.28861314
P  7.71480635  7.71480635 -7.71480635
Ga  5.14334281  10.28861314 -5.14334281
P  7.71510870  12.86153177 -2.57101000
Ga  5.14343730  15.43628343 -0.00042323
P  7.71565673  18.00988236  2.57065095
Ga  5.14132081  20.58308444  5.14132081
P  7.71342685  23.15367870  7.71342685
Ga  5.13548155  25.72332810  10.28519274
P  7.70276879  28.29070983  12.85894285
Ga  10.28502267 -15.42974498 -25.71860379
P  12.85824365 -12.85824365 -23.14763158
Ga  10.28543841 -10.28543841 -20.57798218
P  12.85958535 -7.71461738 -18.00576275
Ga  10.28744151 -5.14262472 -15.43475275
P  12.86081367 -2.57235171 -12.86081367
Ga  10.28855645 -0.00001675 -10.28855645
P  12.86153177  2.57101000 -7.71510870
Ga  10.28861314  5.14334281 -5.14334281
P  12.86153177  7.71510870 -2.57101000
Ga  10.28855645  10.28855645  0.00001675
P  12.86081367  12.86081367  2.57235171
Ga  10.28744151  15.43475275  5.14262472
P  12.85958535  18.00576275  7.71461738
Ga  10.28543841  20.57798218  10.28543841
P  12.85824365  23.14763158  12.85824365
Ga  10.28502267  25.71860379  15.42974498
Ga  15.43363781 -15.43363781 -20.57836013
P  18.00453443 -12.86092706 -18.00453443
Ga  15.43263626 -10.28687460 -15.43263626
P  18.00576275 -7.71461738 -12.85958535
Ga  15.43475275 -5.14262472 -10.28744151
P  18.00988236 -2.57065095 -7.71565673
Ga  15.43628343  0.00042323 -5.14343730
P  18.01082722  2.57214384 -2.57214384
Ga  15.43628343  5.14343730 -0.00042323
P  18.00988236  7.71565673  2.57065095
Ga  15.43475275  10.28744151  5.14262472
P  18.00576275  12.85958535  7.71461738
Ga  15.43263626  15.43263626  10.28687460
P  18.00453443  18.00453443  12.86092706
Ga  15.43363781  20.57836013  15.43363781
Ga  20.57836013 -15.43363781 -15.43363781
P  23.14763158 -12.85824365 -12.85824365
Ga  20.57798218 -10.28543841 -10.28543841
P  23.15367870 -7.71342685 -7.71342685
Ga  20.58308444 -5.14132081 -5.14132081
P  23.16142658 -2.57046198 -2.57046198
Ga  20.58497417 -0.00000000  0.00000000
P  23.16142658  2.57046198  2.57046198
Ga  20.58308444  5.14132081  5.14132081
P  23.15367870  7.71342685  7.71342685
Ga  20.57798218  10.28543841  10.28543841
P  23.14763158  12.85824365  12.85824365
Ga  20.57836013  15.43363781  15.43363781
Ga  25.71860379 -15.42974498 -10.28502267
P  28.29070983 -12.85894285 -7.70276879
Ga  25.72332810 -10.28519274 -5.13548155
P  28.30526072 -7.71605357 -2.56919587
Ga  25.73561132 -5.14290818  0.00359798
P  28.31659908 -2.57522409  2.57522409
Ga  25.73561132 -0.00359798  5.14290818
P  28.30526072  2.56919587  7.71605357
Ga  25.72332810  5.13548155  10.28519274
P  28.29070983  7.70276879  12.85894285
Ga  25.71860379  10.28502267  15.42974498
Ga  30.87812265 -10.28613760  0.00582482
P  33.46950390 -7.72799664  2.58678921
Ga  30.89135074 -5.15126076  5.15126076
P  33.46950390 -2.58678921  7.72799664
Ga  30.87812265 -0.00582482  10.28613760
P -7.71620475  7.71620475 -33.45344123
Ga -10.27642441  10.27642441 -30.85166649
P -7.70276879  12.85894285 -28.29070983
Ga -10.28502267  15.42974498 -25.71860379
P -7.71393707  18.00253132 -23.14479699
Ga -10.28986036  20.57647040 -20.57647040
P -7.71393707  23.14479699 -18.00253132
Ga -10.28502267  25.71860379 -15.42974498
P -7.70276879  28.29070983 -12.85894285
Ga -10.27642441  30.85166649 -10.27642441
P -7.71620475  33.45344123 -7.71620475
P -2.58176254  2.58176254 -33.45306329
Ga -5.14753800  5.14753800 -30.87642190
P -2.56919587  7.71605357 -28.30526072
Ga -5.13548155  10.28519274 -25.72332810
P -2.56702268  12.86215538 -23.15443459
Ga -5.13997910  15.43055756 -20.57665937
P -2.56974389  18.00394862 -18.00394862
Ga -5.13997910  20.57665937 -15.43055756
P -2.56702268  23.15443459 -12.86215538
Ga -5.13548155  25.72332810 -10.28519274
P -2.56919587  28.30526072 -7.71605357
Ga -5.14753800  30.87642190 -5.14753800
P -2.58176254  33.45306329 -2.58176254
P  2.58176254 -2.58176254 -33.45306329
Ga  0.00000000 -0.00000000 -30.88946101
P  2.57522409  2.57522409 -28.31659908
Ga  0.00359798  5.14290818 -25.73561132
P  2.57467607  7.71656379 -23.16029274
Ga  0.00307158  10.28744151 -20.58289547
P  2.57169030  12.85848931 -18.00561158
Ga  0.00129051  15.43191816 -15.43191816
P  2.57169030  18.00561158 -12.85848931
Ga  0.00307158  20.58289547 -10.28744151
P  2.57467607  23.16029274 -7.71656379
Ga  0.00359798  25.73561132 -5.14290818
P  2.57522409  28.31659908 -2.57522409
Ga  0.00000000  30.88946101  0.00000000
P  2.58176254  33.45306329  2.58176254
P  7.71620475 -7.71620475 -33.45344123
Ga  5.14753800 -5.14753800 -30.87642190
P  7.71605357 -2.56919587 -28.30526072
Ga  5.14290818  0.00359798 -25.73561132
P  7.71656379  2.57467607 -23.16029274
Ga  5.14430657  5.14430657 -20.58440725
P  7.71474966  7.71474966 -18.00748240
Ga  5.14338061  10.28640217 -15.43339215
P  7.71308670  12.85756335 -12.85756335
Ga  5.14338061  15.43339215 -10.28640217
P  7.71474966  18.00748240 -7.71474966
Ga  5.14430657  20.58440725 -5.14430657
P  7.71656379  23.16029274 -2.57467607
Ga  5.14290818  25.73561132 -0.00359798
P  7.71605357  28.30526072  2.56919587
Ga  5.14753800  30.87642190  5.14753800
P  7.71620475  33.45344123  7.71620475
Ga  10.27642441 -10.27642441 -30.85166649
P  12.85894285 -7.70276879 -28.29070983
Ga  10.28519274 -5.13548155 -25.72332810
P  12.86215538 -2.56702268 -23.15443459
Ga  10.28744151  0.00307158 -20.58289547
P  12.85848931  2.57169030 -18.00561158
Ga  10.28640217  5.14338061 -15.43339215
P  12.85756335  7.71308670 -12.85756335
Ga  10.28632658  10.28632658 -10.28632658
P  12.85756335  12.85756335 -7.71308670
Ga  10.28640217  15.43339215 -5.14338061
P  12.85848931  18.00561158 -2.57169030
Ga  10.28744151  20.58289547 -0.00307158
P  12.86215538  23.15443459  2.56702268
Ga  10.28519274  25.72332810  5.13548155
P  12.85894285  28.29070983  7.70276879
Ga  10.27642441  30.85166649  10.27642441
Ga  15.42974498 -10.28502267 -25.71860379
P  18.00253132 -7.71393707 -23.14479699
Ga  15.43055756 -5.13997910 -20.57665937
P  18.00394862 -2.56974389 -18.00394862
Ga  15.43191816  0.00129051 -15.43191816
P  18.00561158  2.57169030 -12.85848931
Ga  15.43339215  5.14338061 -10.28640217
P  18.00748240  7.71474966 -7.71474966
Ga  15.43339215  10.28640217 -5.14338061
P  18.00561158  12.85848931 -2.57169030
Ga  15.43191816  15.43191816 -0.00129051
P  18.00394862  18.00394862  2.56974389
Ga  15.43055756  20.57665937  5.13997910
P  18.00253132  23.14479699  7.71393707
Ga  15.42974498  25.71860379  10.28502267
Ga  20.57647040 -10.28986036 -20.57647040
P  23.14479699 -7.71393707 -18.00253132
Ga  20.57665937 -5.13997910 -15.43055756
P  23.15443459 -2.56702268 -12.86215538
Ga  20.58289547  0.00307158 -10.28744151
P  23.16029274  2.57467607 -7.71656379
Ga  20.58440725  5.14430657 -5.14430657
P  23.16029274  7.71656379 -2.57467607
Ga  20.58289547  10.28744151 -0.00307158
P  23.15443459  12.86215538  2.56702268
Ga  20.57665937  15.43055756  5.13997910
P  23.14479699  18.00253132  7.71393707
Ga  20.57647040  20.57647040  10.28986036
Ga  25.71860379 -10.28502267 -15.42974498
P  28.29070983 -7.70276879 -12.85894285
Ga  25.72332810 -5.13548155 -10.28519274
P  28.30526072 -2.56919587 -7.71605357
Ga  25.73561132  0.00359798 -5.14290818
P  28.31659908  2.57522409 -2.57522409
Ga  25.73561132  5.14290818 -0.00359798
P  28.30526072  7.71605357  2.56919587
Ga  25.72332810  10.28519274  5.13548155
P  28.29070983  12.85894285  7.70276879
Ga  25.71860379  15.42974498  10.28502267
Ga  30.85166649 -10.27642441 -10.27642441
P  33.45344123 -7.71620475 -7.71620475
Ga  30.87642190 -5.14753800 -5.14753800
P  33.45306329 -2.58176254 -2.58176254
Ga  30.88946101 -0.00000000  0.00000000
P  33.45306329  2.58176254  2.58176254
Ga  30.87642190  5.14753800  5.14753800
P  33.45344123  7.71620475  7.71620475
Ga  30.85166649  10.27642441  10.27642441
P -2.57061316  18.02025695 -28.30393791
Ga -5.13897755  20.57439170 -25.71161180
P -2.55456939  23.15046617 -23.15046617
Ga -5.13897755  25.71161180 -20.57439170
P -2.57061316  28.30393791 -18.02025695
P  2.58678921  7.72799664 -33.46950390
Ga  0.00582482  10.28613760 -30.87812265
P  2.57902244  12.86364826 -28.30488277
Ga  0.00103040  15.43622674 -25.73277673
P  2.57008404  18.00173764 -23.14971028
Ga  0.00444505  20.57458067 -20.57458067
P  2.57008404  23.14971028 -18.00173764
Ga  0.00103040  25.73277673 -15.43622674
P  2.57902244  28.30488277 -12.86364826
Ga  0.00582482  30.87812265 -10.28613760
P  2.58678921  33.46950390 -7.72799664
P  7.72799664  2.58678921 -33.46950390
Ga  5.15126076  5.15126076 -30.89135074
P  7.72272430  7.72272430 -28.31111887
Ga  5.14914427  10.29001154 -25.73239879
P  7.71514650  12.86062470 -23.15160000
Ga  5.14254913  15.43027410 -20.57722629
P  7.71265206  18.00049042 -18.00049042
Ga  5.14254913  20.57722629 -15.43027410
P  7.71514650  23.15160000 -12.86062470
Ga  5.14914427  25.73239879 -10.29001154
P  7.72272430  28.31111887 -7.72272430
Ga  5.15126076  30.89135074 -5.15126076
P  7.72799664  33.46950390 -2.58678921
Ga  10.28613760  0.00582482 -30.87812265
P  12.86364826  2.57902244 -28.30488277
Ga  10.29001154  5.14914427 -25.73239879
P  12.86062470  7.71514650 -23.15160000
Ga  10.28683680  10.28683680 -20.57911602
P  12.85578700  12.85578700 -18.00073608
Ga  10.28436126  15.42859224 -15.42859224
P  12.85578700  18.00073608 -12.85578700
Ga  10.28683680  20.57911602 -10.28683680
P  12.86062470  23.15160000 -7.71514650
Ga  10.29001154  25.73239879 -5.14914427
P  12.86364826  28.30488277 -2.57902244
Ga  10.28613760  30.87812265 -0.00582482
P  18.02025695 -2.57061316 -28.30393791
Ga  15.43622674  0.00103040 -25.73277673
P  18.00173764  2.57008404 -23.14971028
Ga  15.43027410  5.14254913 -20.57722629
P  18.00049042  7.71265206 -18.00049042
Ga  15.42859224  10.28436126 -15.42859224
P  18.00073608  12.85578700 -12.85578700
Ga  15.42859224  15.42859224 -10.28436126
P  18.00049042  18.00049042 -7.71265206
Ga  15.43027410  20.57722629 -5.14254913
P  18.00173764  23.14971028 -2.57008404
Ga  15.43622674  25.73277673 -0.00103040
P  18.02025695  28.30393791  2.57061316
Ga  20.57439170 -5.13897755 -25.71161180
P  23.15046617 -2.55456939 -23.15046617
Ga  20.57458067  0.00444505 -20.57458067
P  23.14971028  2.57008404 -18.00173764
Ga  20.57722629  5.14254913 -15.43027410
P  23.15160000  7.71514650 -12.86062470
Ga  20.57911602  10.28683680 -10.28683680
P  23.15160000  12.86062470 -7.71514650
Ga  20.57722629  15.43027410 -5.14254913
P  23.14971028  18.00173764 -2.57008404
Ga  20.57458067  20.57458067 -0.00444505
P  23.15046617  23.15046617  2.55456939
Ga  20.57439170  25.71161180  5.13897755
Ga  25.71161180 -5.13897755 -20.57439170
P  28.30393791 -2.57061316 -18.02025695
Ga  25.73277673  0.00103040 -15.43622674
P  28.30488277  2.57902244 -12.86364826
Ga  25.73239879  5.14914427 -10.29001154
P  28.31111887  7.72272430 -7.72272430
Ga  25.73239879  10.29001154 -5.14914427
P  28.30488277  12.86364826 -2.57902244
Ga  25.73277673  15.43622674 -0.00103040
P  28.30393791  18.02025695  2.57061316
Ga  25.71161180  20.57439170  5.13897755
Ga  30.87812265  0.00582482 -10.28613760
P  33.46950390  2.58678921 -7.72799664
Ga  30.89135074  5.15126076 -5.15126076
P  33.46950390  7.72799664 -2.58678921
Ga  30.87812265  10.28613760 -0.00582482
P  7.71374810  18.02035144 -28.29335545
Ga  5.14026256  20.57684834 -25.71444639
P  7.72196841  23.13950576 -23.13950576
Ga  5.14026256  25.71444639 -20.57684834
P  7.71374810  28.29335545 -18.02035144
Ga  10.30333411  10.30333411 -30.87283142
P  12.86544350  12.86544350 -28.28050531
Ga  10.28483369  15.43875897 -25.71954865
P  12.86257112  18.00224786 -23.14271829
Ga  10.28935014  20.56872252 -20.56872252
P  12.86257112  23.14271829 -18.00224786
Ga  10.28483369  25.71954865 -15.43875897
P  12.86544350  28.28050531 -12.86544350
Ga  10.30333411  30.87283142 -10.30333411
P  18.02035144  7.71374810 -28.29335545
Ga  15.43875897  10.28483369 -25.71954865
P  18.00224786  12.86257112 -23.14271829
Ga  15.42811981  15.42811981 -20.56985636
P  18.00077388  18.00077388 -18.00077388
Ga  15.42811981  20.56985636 -15.42811981
P  18.00224786  23.14271829 -12.86257112
Ga  15.43875897  25.71954865 -10.28483369
P  18.02035144  28.29335545 -7.71374810
Ga  20.57684834  5.14026256 -25.71444639
P  23.13950576  7.72196841 -23.13950576
Ga  20.56872252  10.28935014 -20.56872252
P  23.14271829  12.86257112 -18.00224786
Ga  20.56985636  15.42811981 -15.42811981
P  23.14271829  18.00224786 -12.86257112
Ga  20.56872252  20.56872252 -10.28935014
P  23.13950576  23.13950576 -7.72196841
Ga  20.57684834  25.71444639 -5.14026256
Ga  25.71444639  5.14026256 -20.57684834
P  28.29335545  7.71374810 -18.02035144
Ga  25.71954865  10.28483369 -15.43875897
P  28.28050531  12.86544350 -12.86544350
Ga  25.71954865  15.43875897 -10.28483369
P  28.29335545  18.02035144 -7.71374810
Ga  25.71444639  20.57684834 -5.14026256
Ga  30.87283142  10.30333411 -10.30333411
P2 -34.09727087 -8.36128633  7.07072632
P2 -34.09727087 -7.07072632  8.36128633
P2 -28.94937382 -18.66474328  1.92776759
P2 -28.94743685 -17.37620999  3.21454201
P2 -29.06687699 -13.63448072  6.93583673
P1 -32.25759428 -11.69345245  11.69345245
P2 -29.06687699 -6.93583673  13.63448072
P2 -28.94743685 -3.21454201  17.37620999
P2 -28.94937382 -1.92776759  18.66474328
P2 -23.92578295 -23.92578295  1.78394990
P1 -27.12232060 -21.98312573  6.56345772
P1 -27.12920865 -16.84693931  11.70852585
P1 -27.12920865 -11.70852585  16.84693931
P1 -27.12232060 -6.56345772  21.98312573
P2 -23.92578295 -1.78394990  23.92578295
P2 -18.66474328 -28.94937382  1.92776759
P2 -17.37620999 -28.94743685  3.21454201
P1 -21.98312573 -27.12232060  6.56345772
P1 -21.99279168 -21.99279168  11.70964268
P1 -21.99374599 -16.85197543  16.85197543
P1 -21.99279168 -11.70964268  21.99279168
P1 -21.98312573 -6.56345772  27.12232060
P2 -18.66474328 -1.92776759  28.94937382
P2 -17.37620999 -3.21454201  28.94743685
P2 -13.63448072 -29.06687699  6.93583673
P1 -16.84693931 -27.12920865  11.70852585
P1 -16.85197543 -21.99374599  16.85197543
P1 -16.85197543 -16.85197543  21.99374599
P1 -16.84693931 -11.70852585  27.12920865
P2 -13.63448072 -6.93583673  29.06687699
P2 -8.36128633 -34.09727087  7.07072632
P2 -7.07072632 -34.09727087  8.36128633
P1 -11.69345245 -32.25759428  11.69345245
P2 -6.93583673 -29.06687699  13.63448072
P1 -11.70852585 -27.12920865  16.84693931
P1 -11.70964268 -21.99279168  21.99279168
P1 -11.70852585 -16.84693931  27.12920865
P2 -6.93583673 -13.63448072  29.06687699
P1 -11.69345245 -11.69345245  32.25759428
P2 -8.36128633 -7.07072632  34.09727087
P2 -7.07072632 -8.36128633  34.09727087
P2 -3.21454201 -28.94743685  17.37620999
P2 -1.92776759 -28.94937382  18.66474328
P1 -6.56345772 -27.12232060  21.98312573
P2 -1.78394990 -23.92578295  23.92578295
P1 -6.56345772 -21.98312573  27.12232060
P2 -3.21454201 -17.37620999  28.94743685
P2 -1.92776759 -18.66474328  28.94937382
P2 -34.10969582 -8.37532227 -3.23524396
P2 -34.11172728 -7.08425675 -1.93813047
P2 -34.09939682 -3.22458118  1.93828334
P2 -34.09939682 -1.93828334  3.22458118
P2 -34.11172728  1.93813047  7.08425675
P2 -34.10969582  3.23524396  8.37532227
P2 -28.92872857 -18.66542830 -8.36510358
P2 -28.93959449 -17.37976740 -7.06973893
P2 -29.07691143 -13.64195837 -3.34662914
P1 -32.29413213 -11.70740619  1.40277655
P1 -32.29413213 -1.40277655  11.70740619
P2 -29.07691143  3.34662914  13.64195837
P2 -28.93959449  7.06973893  17.37976740
P2 -28.92872857  8.36510358  18.66542830
P2 -23.90722584 -23.90722584 -8.50449071
P1 -27.14095330 -21.99649554 -3.74165179
P1 -27.14095330  3.74165179  21.99649554
P2 -23.90722584  8.50449071  23.90722584
P2 -18.66542830 -28.92872857 -8.36510358
P2 -17.37976740 -28.93959449 -7.06973893
P1 -21.99649554 -27.14095330 -3.74165179
P1 -21.99649554  3.74165179  27.14095330
P2 -18.66542830  8.36510358  28.92872857
P2 -17.37976740  7.06973893  28.93959449
P2 -13.64195837 -29.07691143 -3.34662914
P2 -13.64195837  3.34662914  29.07691143
P2 -8.37532227 -34.10969582 -3.23524396
P2 -7.08425675 -34.11172728 -1.93813047
P1 -11.70740619 -32.29413213  1.40277655
P1 -11.70740619 -1.40277655  32.29413213
P2 -8.37532227  3.23524396  34.10969582
P2 -7.08425675  1.93813047  34.11172728
P2 -3.22458118 -34.09939682  1.93828334
P2 -1.93828334 -34.09939682  3.22458118
P2 -3.22458118 -1.93828334  34.09939682
P2 -1.93828334 -3.22458118  34.09939682
P2  1.93813047 -34.11172728  7.08425675
P2  3.23524396 -34.10969582  8.37532227
P1 -1.40277655 -32.29413213  11.70740619
P2  3.34662914 -29.07691143  13.64195837
P2  3.34662914 -13.64195837  29.07691143
P1 -1.40277655 -11.70740619  32.29413213
P2  1.93813047 -7.08425675  34.11172728
P2  3.23524396 -8.37532227  34.10969582
P2  7.06973893 -28.93959449  17.37976740
P2  8.36510358 -28.92872857  18.66542830
P1  3.74165179 -27.14095330  21.99649554
P2  8.50449071 -23.90722584  23.90722584
P1  3.74165179 -21.99649554  27.14095330
P2  7.06973893 -17.37976740  28.93959449
P2  8.36510358 -18.66542830  28.92872857
P2 -34.10969582 -3.23524396 -8.37532227
P2 -34.11172728 -1.93813047 -7.08425675
P2 -34.09939682  1.93828334 -3.22458118
P2 -34.09939682  3.22458118 -1.93828334
P2 -34.11172728  7.08425675  1.93813047
P2 -34.10969582  8.37532227  3.23524396
P2 -29.04618449 -13.64032375 -13.64032375
P1 -32.28759368 -11.73317733 -8.89673074
P1 -32.28759368 -8.89673074 -11.73317733
P1 -32.28759368  8.89673074  11.73317733
P1 -32.28759368  11.73317733  8.89673074
P2 -29.04618449  13.64032375  13.64032375
P2 -23.91145882 -18.77417447 -13.64000817
P2 -23.91145882  13.64000817  18.77417447
P2 -18.77417447 -23.91145882 -13.64000817
P2 -18.77417447  13.64000817  23.91145882
P2 -13.64032375 -29.04618449 -13.64032375
P2 -13.64032375  13.64032375  29.04618449
P1 -11.73317733 -32.28759368 -8.89673074
P1 -8.89673074 -32.28759368 -11.73317733
P1 -11.73317733  8.89673074  32.28759368
P1 -8.89673074  11.73317733  32.28759368
P2 -3.23524396 -34.10969582 -8.37532227
P2 -1.93813047 -34.11172728 -7.08425675
P2 -3.23524396  8.37532227  34.10969582
P2 -1.93813047  7.08425675  34.11172728
P2  1.93828334 -34.09939682 -3.22458118
P2  3.22458118 -34.09939682 -1.93828334
P2  1.93828334  3.22458118  34.09939682
P2  3.22458118  1.93828334  34.09939682
P2  7.08425675 -34.11172728  1.93813047
P2  8.37532227 -34.10969582  3.23524396
P2  7.08425675 -1.93813047  34.11172728
P2  8.37532227 -3.23524396  34.10969582
P1  8.89673074 -32.28759368  11.73317733
P1  11.73317733 -32.28759368  8.89673074
P2  13.64032375 -29.04618449  13.64032375
P2  13.64000817 -23.91145882  18.77417447
P2  13.64000817 -18.77417447  23.91145882
P2  13.64032375 -13.64032375  29.04618449
P1  8.89673074 -11.73317733  32.28759368
P1  11.73317733 -8.89673074  32.28759368
P2 -34.09727087  7.07072632 -8.36128633
P2 -34.09727087  8.36128633 -7.07072632
P2 -28.92872857 -8.36510358 -18.66542830
P2 -28.93959449 -7.06973893 -17.37976740
P2 -29.07691143 -3.34662914 -13.64195837
P1 -32.29413213  1.40277655 -11.70740619
P1 -32.29413213  11.70740619 -1.40277655
P2 -29.07691143  13.64195837  3.34662914
P2 -28.93959449  17.37976740  7.06973893
P2 -28.92872857  18.66542830  8.36510358
P2 -23.91145882 -13.64000817 -18.77417447
P2 -23.91145882  18.77417447  13.64000817
P2 -18.77353953 -18.77353953 -18.77353953
P2 -18.77353953  18.77353953  18.77353953
P2 -13.64000817 -23.91145882 -18.77417447
P2 -13.64000817  18.77417447  23.91145882
P2 -8.36510358 -28.92872857 -18.66542830
P2 -7.06973893 -28.93959449 -17.37976740
P2 -8.36510358  18.66542830  28.92872857
P2 -7.06973893  17.37976740  28.93959449
P2 -3.34662914 -29.07691143 -13.64195837
P2 -3.34662914  13.64195837  29.07691143
P1  1.40277655 -32.29413213 -11.70740619
P1  1.40277655  11.70740619  32.29413213
P2  7.07072632 -34.09727087 -8.36128633
P2  8.36128633 -34.09727087 -7.07072632
P2  7.07072632  8.36128633  34.09727087
P2  8.36128633  7.07072632  34.09727087
P1  11.70740619 -32.29413213 -1.40277655
P2  13.64195837 -29.07691143  3.34662914
P2  13.64195837 -3.34662914  29.07691143
P1  11.70740619  1.40277655  32.29413213
P2  17.37976740 -28.93959449  7.06973893
P2  18.66542830 -28.92872857  8.36510358
P2  18.77417447 -23.91145882  13.64000817
P2  18.77353953 -18.77353953  18.77353953
P2  18.77417447 -13.64000817  23.91145882
P2  17.37976740 -7.06973893  28.93959449
P2  18.66542830 -8.36510358  28.92872857
P2 -28.94937382  1.92776759 -18.66474328
P2 -28.94743685  3.21454201 -17.37620999
P2 -29.06687699  6.93583673 -13.63448072
P1 -32.25759428  11.69345245 -11.69345245
P2 -29.06687699  13.63448072 -6.93583673
P2 -28.94743685  17.37620999 -3.21454201
P2 -28.94937382  18.66474328 -1.92776759
P2 -23.90722584 -8.50449071 -23.90722584
P1 -27.14095330 -3.74165179 -21.99649554
P1 -27.14095330  21.99649554  3.74165179
P2 -23.90722584  23.90722584  8.50449071
P2 -18.77417447 -13.64000817 -23.91145882
P2 -18.77417447  23.91145882  13.64000817
P2 -13.64000817 -18.77417447 -23.91145882
P2 -13.64000817  23.91145882  18.77417447
P2 -8.50449071 -23.90722584 -23.90722584
P2 -8.50449071  23.90722584  23.90722584
P1 -3.74165179 -27.14095330 -21.99649554
P1 -3.74165179  21.99649554  27.14095330
P2  1.92776759 -28.94937382 -18.66474328
P2  3.21454201 -28.94743685 -17.37620999
P2  1.92776759  18.66474328  28.94937382
P2  3.21454201  17.37620999  28.94743685
P2  6.93583673 -29.06687699 -13.63448072
P2  6.93583673  13.63448072  29.06687699
P1  11.69345245 -32.25759428 -11.69345245
P2  13.63448072 -29.06687699 -6.93583673
P2  13.63448072  6.93583673  29.06687699
P1  11.69345245  11.69345245  32.25759428
P2  17.37620999 -28.94743685 -3.21454201
P2  18.66474328 -28.94937382 -1.92776759
P2  17.37620999  3.21454201  28.94743685
P2  18.66474328  1.92776759  28.94937382
P1  21.99649554 -27.14095330  3.74165179
P2  23.90722584 -23.90722584  8.50449071
P2  23.91145882 -18.77417447  13.64000817
P2  23.91145882 -13.64000817  18.77417447
P2  23.90722584 -8.50449071  23.90722584
P1  21.99649554 -3.74165179  27.14095330
P2 -23.92578295  1.78394990 -23.92578295
P1 -27.12232060  6.56345772 -21.98312573
P1 -27.12920865  11.70852585 -16.84693931
P1 -27.12920865  16.84693931 -11.70852585
P1 -27.12232060  21.98312573 -6.56345772
P2 -23.92578295  23.92578295 -1.78394990
P2 -18.66542830 -8.36510358 -28.92872857
P2 -17.37976740 -7.06973893 -28.93959449
P1 -21.99649554 -3.74165179 -27.14095330
P1 -21.99649554  27.14095330  3.74165179
P2 -18.66542830  28.92872857  8.36510358
P2 -17.37976740  28.93959449  7.06973893
P2 -13.64032375 -13.64032375 -29.04618449
P2 -13.64032375  29.04618449  13.64032375
P2 -8.36510358 -18.66542830 -28.92872857
P2 -7.06973893 -17.37976740 -28.93959449
P2 -8.36510358  28.92872857  18.66542830
P2 -7.06973893  28.93959449  17.37976740
P1 -3.74165179 -21.99649554 -27.14095330
P1 -3.74165179  27.14095330  21.99649554
P2  1.78394990 -23.92578295 -23.92578295
P2  1.78394990  23.92578295  23.92578295
P1  6.56345772 -27.12232060 -21.98312573
P1  6.56345772  21.98312573  27.12232060
P1  11.70852585 -27.12920865 -16.84693931
P1  11.70852585  16.84693931  27.12920865
P1  16.84693931 -27.12920865 -11.70852585
P1  16.84693931  11.70852585  27.12920865
P1  21.98312573 -27.12232060 -6.56345772
P2  23.92578295 -23.92578295 -1.78394990
P2  23.92578295  1.78394990  23.92578295
P1  21.98312573  6.56345772  27.12232060
P1  27.14095330 -21.99649554  3.74165179
P2  28.92872857 -18.66542830  8.36510358
P2  28.93959449 -17.37976740  7.06973893
P2  29.04618449 -13.64032375  13.64032375
P2  28.92872857 -8.36510358  18.66542830
P2  28.93959449 -7.06973893  17.37976740
P1  27.14095330 -3.74165179  21.99649554
P2 -18.66474328  1.92776759 -28.94937382
P2 -17.37620999  3.21454201 -28.94743685
P1 -21.98312573  6.56345772 -27.12232060
P1 -21.99279168  11.70964268 -21.99279168
P1 -21.99374599  16.85197543 -16.85197543
P1 -21.99279168  21.99279168 -11.70964268
P1 -21.98312573  27.12232060 -6.56345772
P2 -18.66474328  28.94937382 -1.92776759
P2 -17.37620999  28.94743685 -3.21454201
P2 -13.64195837 -3.34662914 -29.07691143
P2 -13.64195837  29.07691143  3.34662914
P1 -11.73317733 -8.89673074 -32.28759368
P1 -8.89673074 -11.73317733 -32.28759368
P1 -11.73317733  32.28759368  8.89673074
P1 -8.89673074  32.28759368  11.73317733
P2 -3.34662914 -13.64195837 -29.07691143
P2 -3.34662914  29.07691143  13.64195837
P2  1.92776759 -18.66474328 -28.94937382
P2  3.21454201 -17.37620999 -28.94743685
P2  1.92776759  28.94937382  18.66474328
P2  3.21454201  28.94743685  17.37620999
P1  6.56345772 -21.98312573 -27.12232060
P1  6.56345772  27.12232060  21.98312573
P1  11.70964268 -21.99279168 -21.99279168
P1  11.70964268  21.99279168  21.99279168
P1  16.85197543 -21.99374599 -16.85197543
P1  16.85197543  16.85197543  21.99374599
P1  21.99279168 -21.99279168 -11.70964268
P1  21.99279168  11.70964268  21.99279168
P1  27.12232060 -21.98312573 -6.56345772
P2  28.94937382 -18.66474328 -1.92776759
P2  28.94743685 -17.37620999 -3.21454201
P2  29.07691143 -13.64195837  3.34662914
P2  29.07691143 -3.34662914  13.64195837
P2  28.94937382  1.92776759  18.66474328
P2  28.94743685  3.21454201  17.37620999
P1  27.12232060  6.56345772  21.98312573
P1  32.28759368 -11.73317733  8.89673074
P1  32.28759368 -8.89673074  11.73317733
P2 -13.63448072  6.93583673 -29.06687699
P1 -16.84693931  11.70852585 -27.12920865
P1 -16.85197543  16.85197543 -21.99374599
P1 -16.85197543  21.99374599 -16.85197543
P1 -16.84693931  27.12920865 -11.70852585
P2 -13.63448072  29.06687699 -6.93583673
P2 -8.37532227 -3.23524396 -34.10969582
P2 -7.08425675 -1.93813047 -34.11172728
P1 -11.70740619  1.40277655 -32.29413213
P1 -11.70740619  32.29413213 -1.40277655
P2 -8.37532227  34.10969582  3.23524396
P2 -7.08425675  34.11172728  1.93813047
P2 -3.23524396 -8.37532227 -34.10969582
P2 -1.93813047 -7.08425675 -34.11172728
P2 -3.23524396  34.10969582  8.37532227
P2 -1.93813047  34.11172728  7.08425675
P1  1.40277655 -11.70740619 -32.29413213
P1  1.40277655  32.29413213  11.70740619
P2  6.93583673 -13.63448072 -29.06687699
P2  6.93583673  29.06687699  13.63448072
P1  11.70852585 -16.84693931 -27.12920865
P1  11.70852585  27.12920865  16.84693931
P1  16.85197543 -16.85197543 -21.99374599
P1  16.85197543  21.99374599  16.85197543
P1  21.99374599 -16.85197543 -16.85197543
P1  21.99374599  16.85197543  16.85197543
P1  27.12920865 -16.84693931 -11.70852585
P2  29.06687699 -13.63448072 -6.93583673
P2  29.06687699  6.93583673  13.63448072
P1  27.12920865  11.70852585  16.84693931
P1  32.29413213 -11.70740619 -1.40277655
P2  34.10969582 -8.37532227  3.23524396
P2  34.11172728 -7.08425675  1.93813047
P2  34.10969582 -3.23524396  8.37532227
P2  34.11172728 -1.93813047  7.08425675
P1  32.29413213  1.40277655  11.70740619
P2 -8.36128633  7.07072632 -34.09727087
P2 -7.07072632  8.36128633 -34.09727087
P1 -11.69345245  11.69345245 -32.25759428
P2 -6.93583673  13.63448072 -29.06687699
P1 -11.70852585  16.84693931 -27.12920865
P1 -11.70964268  21.99279168 -21.99279168
P1 -11.70852585  27.12920865 -16.84693931
P2 -6.93583673  29.06687699 -13.63448072
P1 -11.69345245  32.25759428 -11.69345245
P2 -8.36128633  34.09727087 -7.07072632
P2 -7.07072632  34.09727087 -8.36128633
P2 -3.22458118  1.93828334 -34.09939682
P2 -1.93828334  3.22458118 -34.09939682
P2 -3.22458118  34.09939682 -1.93828334
P2 -1.93828334  34.09939682 -3.22458118
P2  1.93828334 -3.22458118 -34.09939682
P2  3.22458118 -1.93828334 -34.09939682
P2  1.93828334  34.09939682  3.22458118
P2  3.22458118  34.09939682  1.93828334
P2  7.07072632 -8.36128633 -34.09727087
P2  8.36128633 -7.07072632 -34.09727087
P2  7.07072632  34.09727087  8.36128633
P2  8.36128633  34.09727087  7.07072632
P1  11.69345245 -11.69345245 -32.25759428
P2  13.63448072 -6.93583673 -29.06687699
P2  13.63448072  29.06687699  6.93583673
P1  11.69345245  32.25759428  11.69345245
P1  16.84693931 -11.70852585 -27.12920865
P1  16.84693931  27.12920865  11.70852585
P1  21.99279168 -11.70964268 -21.99279168
P1  21.99279168  21.99279168  11.70964268
P1  27.12920865 -11.70852585 -16.84693931
P2  29.06687699 -6.93583673 -13.63448072
P2  29.06687699  13.63448072  6.93583673
P1  27.12920865  16.84693931  11.70852585
P1  32.25759428 -11.69345245 -11.69345245
P2  34.09727087 -8.36128633 -7.07072632
P2  34.09727087 -7.07072632 -8.36128633
P2  34.09939682 -3.22458118 -1.93828334
P2  34.09939682 -1.93828334 -3.22458118
P2  34.09939682  1.93828334  3.22458118
P2  34.09939682  3.22458118  1.93828334
P2  34.09727087  7.07072632  8.36128633
P2  34.09727087  8.36128633  7.07072632
P1  32.25759428  11.69345245  11.69345245
P2 -3.21454201  17.37620999 -28.94743685
P2 -1.92776759  18.66474328 -28.94937382
P1 -6.56345772  21.98312573 -27.12232060
P2 -1.78394990  23.92578295 -23.92578295
P1 -6.56345772  27.12232060 -21.98312573
P2 -3.21454201  28.94743685 -17.37620999
P2 -1.92776759  28.94937382 -18.66474328
P2  1.93813047  7.08425675 -34.11172728
P2  3.23524396  8.37532227 -34.10969582
P1 -1.40277655  11.70740619 -32.29413213
P2  3.34662914  13.64195837 -29.07691143
P2  3.34662914  29.07691143 -13.64195837
P1 -1.40277655  32.29413213 -11.70740619
P2  1.93813047  34.11172728 -7.08425675
P2  3.23524396  34.10969582 -8.37532227
P2  7.08425675  1.93813047 -34.11172728
P2  8.37532227  3.23524396 -34.10969582
P2  7.08425675  34.11172728 -1.93813047
P2  8.37532227  34.10969582 -3.23524396
P1  11.70740619 -1.40277655 -32.29413213
P2  13.64195837  3.34662914 -29.07691143
P2  13.64195837  29.07691143 -3.34662914
P1  11.70740619  32.29413213  1.40277655
P2  17.37620999 -3.21454201 -28.94743685
P2  18.66474328 -1.92776759 -28.94937382
P2  17.37620999  28.94743685  3.21454201
P2  18.66474328  28.94937382  1.92776759
P1  21.98312573 -6.56345772 -27.12232060
P2  23.92578295 -1.78394990 -23.92578295
P2  23.92578295  23.92578295  1.78394990
P1  21.98312573  27.12232060  6.56345772
P1  27.12232060 -6.56345772 -21.98312573
P2  28.94743685 -3.21454201 -17.37620999
P2  28.94937382 -1.92776759 -18.66474328
P2  29.07691143  3.34662914 -13.64195837
P2  29.07691143  13.64195837 -3.34662914
P2  28.94743685  17.37620999  3.21454201
P2  28.94937382  18.66474328  1.92776759
P1  27.12232060  21.98312573  6.56345772
P1  32.29413213 -1.40277655 -11.70740619
P2  34.11172728  1.93813047 -7.08425675
P2  34.10969582  3.23524396 -8.37532227
P2  34.11172728  7.08425675 -1.93813047
P2  34.10969582  8.37532227 -3.23524396
P1  32.29413213  11.70740619  1.40277655
P2  7.06973893  17.37976740 -28.93959449
P2  8.36510358  18.66542830 -28.92872857
P1  3.74165179  21.99649554 -27.14095330
P2  8.50449071  23.90722584 -23.90722584
P1  3.74165179  27.14095330 -21.99649554
P2  7.06973893  28.93959449 -17.37976740
P2  8.36510358  28.92872857 -18.66542830
P1  8.89673074  11.73317733 -32.28759368
P1  11.73317733  8.89673074 -32.28759368
P2  13.64032375  13.64032375 -29.04618449
P2  13.64000817  18.77417447 -23.91145882
P2  13.64000817  23.91145882 -18.77417447
P2  13.64032375  29.04618449 -13.64032375
P1  8.89673074  32.28759368 -11.73317733
P1  11.73317733  32.28759368 -8.89673074
P2  17.37976740  7.06973893 -28.93959449
P2  18.66542830  8.36510358 -28.92872857
P2  18.77417447  13.64000817 -23.91145882
P2  18.77353953  18.77353953 -18.77353953
P2  18.77417447  23.91145882 -13.64000817
P2  17.37976740  28.93959449 -7.06973893
P2  18.66542830  28.92872857 -8.36510358
P1  21.99649554  3.74165179 -27.14095330
P2  23.90722584  8.50449071 -23.90722584
P2  23.91145882  13.64000817 -18.77417447
P2  23.91145882  18.77417447 -13.64000817
P2  23.90722584  23.90722584 -8.50449071
P1  21.99649554  27.14095330 -3.74165179
P1  27.14095330  3.74165179 -21.99649554
P2  28.93959449  7.06973893 -17.37976740
P2  28.92872857  8.36510358 -18.66542830
P2  29.04618449  13.64032375 -13.64032375
P2  28.93959449  17.37976740 -7.06973893
P2  28.92872857  18.66542830 -8.36510358
P1  27.14095330  21.99649554 -3.74165179
P1  32.28759368  8.89673074 -11.73317733
P1  32.28759368  11.73317733 -8.89673074
