0 -0.204942515748198 0.000195354
1 -0.204942413950954 0.00020848
2 -0.204919062965351 0.000195906
3 -0.204919026240995 0.000186462
4 -0.204918973442128 0.000146768
5 -0.204716593805234 0.000132987
6 -0.204716574555597 0.000117706
7 -0.204580211030241 9.658e-05
8 -0.204580200976148 0.000129815
9 -0.20458018000372 5.25391e-05
10 -0.204469328883048 0.000154602
11 -0.204469289274536 0.000137081
12 -0.204469273299375 6.39722e-05
13 -0.204309249161044 0.000106452
14 -0.204309214915261 5.25428e-05
15 -0.204309205838776 5.52413e-05
16 -0.204231379328611 8.75931e-05
17 -0.204157906183599 0.000143284
18 -0.204106867711634 9.03199e-05
19 -0.204106861618546 7.32642e-05
20 -0.204106854417791 4.03618e-05
21 -0.203995842063595 0.000106856
22 -0.203995835411233 4.78597e-05
23 -0.203995827562978 5.41153e-05
24 -0.203954003575674 6.33955e-05
25 -0.203953992921039 5.28596e-05
26 -0.203953984765251 4.3001e-05
27 -0.203924330584411 5.18485e-05
28 -0.203924317188218 5.33797e-05
29 -0.203625075584304 3.94153e-05
30 -0.203625067359665 5.02569e-05
31 -0.203625061349855 3.04227e-05
32 -0.203574862757561 3.31344e-05
33 -0.203574860386805 3.29805e-05
34 -0.203265900737018 4.25305e-05
35 -0.203265898398695 3.28454e-05
36 -0.203265895175612 3.27661e-05
37 -0.203093607256809 1.91713e-05
38 -0.203093606905712 2.53703e-05
39 -0.203093605677145 3.96081e-05
40 -0.202995628233724 2.92235e-05
41 -0.202995626363911 1.88504e-05
42 -0.202995626138418 1.4084e-05
43 -0.202714550950871 2.22358e-05
44 -0.202714550373501 1.41639e-05
45 -0.20271455001798 1.25381e-05
46 -0.202655349984576 1.35188e-05
47 -0.20261727648427 1.6142e-05
48 -0.202617276293131 1.9208e-05
49 -0.202617275853173 1.30043e-05
50 -0.202401144815302 2.78744e-05
51 -0.202401143904558 1.43692e-05
52 -0.202221411097694 7.62661e-06
53 -0.202221410975334 8.18941e-06
54 -0.202221410848622 5.52546e-06
55 -0.201892423306804 1.50351e-05
56 -0.201892422630856 6.06076e-06
57 -0.201892422626646 8.02702e-06
58 -0.201872635799578 1.10122e-05
59 -0.20187263567875 4.485e-06
60 -0.201872635646043 4.5864e-06
61 -0.201680967618443 6.72563e-06
62 -0.201680967514836 3.21718e-06
63 -0.201604715283128 3.2065e-06
64 -0.201316810868133 6.82233e-06
65 -0.201316810865042 3.73512e-06
66 -0.201316810833259 4.26989e-06
67 -0.201030191999179 5.9788e-06
68 -0.201030191965766 1.75844e-06
69 -0.201030191955013 2.39603e-06
70 -0.200821417223671 4.66508e-06
71 -0.200821417196968 3.42389e-06
72 -0.200753907319672 6.19111e-06
73 -0.200753907313022 2.42696e-06
74 -0.20075390730443 1.45669e-06
75 -0.200698653411946 7.19229e-06
76 -0.200698653381581 3.24089e-06
77 -0.200698653372951 1.869e-06
78 -0.200377550556989 1.55013e-06
79 -0.200377550544205 2.88084e-06
80 -0.20012712008214 2.89757e-06
81 -0.200127120076812 1.09337e-06
82 -0.200127120076773 2.01451e-06
83 -0.200085048769586 2.79349e-06
84 -0.199995356440384 3.25859e-06
85 -0.199995356438006 1.69631e-06
86 -0.1999953564355 1.49833e-06
87 -0.199538003659138 5.32054e-06
88 -0.199538003657888 1.49021e-06
89 -0.199538003656246 1.53106e-06
90 -0.138669464008738 1.58631e-07
91 -0.136453217518115 2.47634e-07
92 -0.136453217516834 2.17699e-07
93 -0.13645321751681 2.71403e-07
94 -0.136372408130408 2.71512e-07
95 -0.135346022461499 7.11575e-06
96 -0.135346022460725 3.70486e-06
97 -0.135346022460633 4.49573e-07
98 -0.135313804545934 1.4665e-05
99 -0.134075725956352 2.16688e-06
100 -0.134075725950008 1.01607e-06
101 -0.134075725949902 2.04404e-06
102 -0.134007657038168 7.02356e-07
103 -0.132769444398604 6.11359e-06
104 -0.132769444395488 8.59801e-06
105 -0.132769444390187 3.0027e-05
106 -0.132564660871135 2.88823e-06
107 -0.132564660868091 9.77286e-06
108 -0.132564660860888 2.13312e-05
109 -0.132502871041131 6.90673e-06
110 -0.131477970730813 2.44616e-05
111 -0.131477970700049 1.40881e-05
112 -0.131458211845028 9.74469e-06
113 -0.131283997212195 9.76643e-06
114 -0.131283997203573 1.67498e-05
115 -0.131279501391428 3.98e-05
116 -0.131279501335439 1.37358e-05
117 -0.13127950133184 2.09468e-05
118 -0.131183101669868 1.39918e-05
119 -0.131183101665118 1.53945e-05
120 -0.131183101650303 1.12708e-05
121 -0.13099094879322 0.000133262
122 -0.130990948529786 1.87611e-05
123 -0.130990948494012 1.43293e-05
124 -0.130866070198177 0.000248343
125 -0.13086606963244 1.45036e-05
126 -0.130866069591519 1.8822e-05
127 -0.130852403492095 0.000192139
128 -0.130653710424451 0.000151897
129 -0.130652103536678 4.30998e-05
130 -0.130652103245085 0.000153143
131 -0.129861279769537 5.70266e-05
132 -0.129861279438729 7.56492e-05
133 -0.129861278588236 0.000101804
134 -0.129652792035765 0.000186864
135 -0.129652789873605 5.17586e-05
136 -0.129652788184717 0.000174685
137 -0.1296294249833 0.000155028
138 -0.12962942361014 6.5697e-05
139 -0.129607156805228 0.000161619
140 -0.129607155509492 4.20971e-05
141 -0.129607154850654 6.50177e-05
142 -0.129084369352801 7.18763e-05
143 -0.128982396188307 0.00727951
144 -0.128982269930615 0.000216034
145 -0.128982269195785 9.77938e-05
146 -0.128740093623148 0.000318797
147 -0.128740091722668 0.000131558
148 -0.128731839543132 0.000249493
149 -0.128516588698585 0.00107654
