0 -0.197158157497455 9.32406e-07
1 -0.196880822126255 1.6867e-07
2 -0.196880820076144 6.84724e-07
3 -0.196880805510192 1.79373e-06
4 -0.196817078458701 4.26916e-07
5 -0.195888457634814 2.62983e-07
6 -0.195888455743799 2.85271e-07
7 -0.195888445132116 7.63544e-07
8 -0.195615957266452 2.06056e-07
9 -0.195615926869248 1.78425e-07
10 -0.195615926062457 2.92323e-07
11 -0.195388078090238 4.18909e-07
12 -0.195388046494517 2.51119e-07
13 -0.195105298832979 1.94911e-07
14 -0.195105278819164 2.31583e-07
15 -0.195105247820199 2.57274e-07
16 -0.194528680804116 2.6643e-07
17 -0.19452867754012 1.7584e-07
18 -0.19441476453349 1.19151e-07
19 -0.194414745757107 9.9438e-08
20 -0.194414723258861 1.82577e-07
21 -0.193417524746787 2.9451e-08
22 -0.193417520212923 1.84336e-07
23 -0.193417499451423 1.67514e-07
24 -0.192833665502549 1.08386e-07
25 -0.192833642477779 7.92446e-08
26 -0.192833629379304 1.04441e-07
27 -0.192826436818244 8.58031e-08
28 -0.192826435768248 7.36628e-08
29 -0.192826413299607 1.04872e-07
30 -0.192387903942209 6.22246e-08
31 -0.192387888846229 8.92516e-08
32 -0.191736393594388 4.32037e-08
33 -0.191736352358421 1.28617e-07
34 -0.191736350111329 1.19267e-07
35 -0.191575823356441 1.19151e-07
36 -0.191575794051338 8.65278e-08
37 -0.1915757823 8.25889e-08
38 -0.190761661091675 1.28994e-07
39 -0.190527950602885 1.05334e-07
40 -0.19052794549839 1.26851e-07
41 -0.190527929979843 9.67142e-08
42 -0.190468284496086 1.24533e-07
43 -0.190468271856827 1.26193e-07
44 -0.19043510467191 5.60653e-08
45 -0.190235231472313 1.38539e-07
46 -0.190050651084203 1.16976e-07
47 -0.190050598890682 1.09056e-07
48 -0.190050596855399 1.36037e-07
49 -0.188768916630031 1.12007e-07
50 -0.188768907936119 1.19587e-07
51 -0.188768898533777 1.37458e-07
52 -0.188569021723321 1.49824e-07
53 -0.188569000768337 1.32758e-07
54 -0.188568984055121 1.32732e-07
55 -0.187034114288307 1.09469e-07
56 -0.187034095104121 1.23582e-07
57 -0.187034069234667 1.2375e-07
58 -0.187027023923703 1.22255e-07
59 -0.187027006015106 1.2417e-07
60 -0.185982583475802 1.19326e-07
61 -0.185982536469182 1.14549e-07
62 -0.185982525772095 1.21544e-07
63 -0.185970374284994 1.3367e-07
64 -0.18597033462684 1.26276e-07
65 -0.185970327514488 1.46404e-07
66 -0.185643446301464 1.13514e-07
67 -0.184387251266579 1.24114e-07
68 -0.184387249802069 1.33332e-07
69 -0.184387232858732 9.58855e-08
70 -0.18424684511608 1.30279e-07
71 -0.184246843205249 1.40083e-07
72 -0.183432678466594 1.39288e-07
73 -0.183432669457876 1.00029e-07
74 -0.18343265223569 9.9682e-08
75 -0.182786243556098 1.16173e-07
76 -0.181130341577483 1.11479e-07
77 -0.181130294787692 1.1886e-07
78 -0.18113024648479 1.29102e-07
79 -0.180906917585442 1.1382e-07
80 -0.180906877534737 1.01339e-07
81 -0.180906844537177 1.1029e-07
82 -0.179779764779505 1.33618e-07
83 -0.179779757995512 1.02733e-07
84 -0.179105423878397 1.28212e-07
85 -0.179105386895896 1.32811e-07
86 -0.179105368223297 7.1074e-08
87 -0.176881101290958 1.35116e-07
88 -0.176881069425672 1.31102e-07
89 -0.176881052344713 8.30915e-08
90 -0.108275863329328 5.1434e-08
91 -0.0996155506949465 3.40156e-08
92 -0.0993550116702547 4.58907e-08
93 -0.0993549832630066 4.09994e-08
94 -0.0993549772551133 3.67371e-08
95 -0.0956667501484326 1.48428e-08
96 -0.0956667232808771 9.02951e-09
97 -0.0956667229553338 3.53167e-08
98 -0.0949987472581199 4.52627e-08
99 -0.0940571078269155 2.31897e-08
100 -0.0940570884133988 3.69959e-08
101 -0.0940570816225393 4.9281e-09
102 -0.0920221387026721 5.93421e-08
103 -0.0920221244493176 5.46711e-08
104 -0.0920221111362279 5.47504e-08
105 -0.0910807794265778 3.44967e-08
106 -0.0892731730939652 2.44284e-08
107 -0.0892731434835689 3.48469e-08
108 -0.0892731424894269 2.19207e-08
109 -0.0890803197861347 3.06064e-08
110 -0.0890803142082643 3.93807e-08
111 -0.0876634653456528 1.98651e-07
112 -0.0871853649332208 4.71584e-08
113 -0.0871853563459112 3.39646e-08
114 -0.0871853518033929 3.00631e-08
115 -0.0868127315766909 4.17955e-08
116 -0.0868127179488596 2.87958e-08
117 -0.0862585137474138 4.82224e-08
118 -0.0862585128530112 3.4396e-08
119 -0.0862584951452509 4.85808e-08
120 -0.0859330765909038 5.60885e-08
121 -0.0858730030957438 3.73923e-08
122 -0.0858729581096381 7.40621e-08
123 -0.0858729292889515 5.84882e-08
124 -0.0843553318677205 2.12878e-07
125 -0.0843553064980814 1.35042e-07
126 -0.084355301738174 3.38797e-07
127 -0.0839431592775114 2.0994e-06
128 -0.0836427299586713 1.43131e-06
129 -0.0836427049730623 1.53408e-07
130 -0.0836426991240919 1.47131e-07
131 -0.0828693866328403 3.33441e-07
132 -0.0828693769253497 2.60486e-07
133 -0.0828693375233101 2.79324e-07
134 -0.0827402832815551 3.63483e-07
135 -0.0827402579070342 2.18845e-07
136 -0.0827402566751883 6.60433e-07
137 -0.0825156713027179 2.2888e-07
138 -0.0825156320725122 3.35338e-07
139 -0.0816578194922554 5.41798e-07
140 -0.0809684985313047 1.23532e-06
141 -0.0809684821762448 2.23333e-06
142 -0.0809684816711573 1.26708e-06
143 -0.0806039196007591 1.99068e-06
144 -0.0806039178235574 1.09467e-06
145 -0.0805377371983129 5.55321e-07
146 -0.0805377196589749 1.043e-06
147 -0.0805376872574868 1.20777e-06
148 -0.0799838643040201 8.85339e-07
149 -0.0799838509245895 1.89513e-06
