2028
Ga  34.72182531 -34.72182531 -40.06389171
Ga  29.37994789 -29.37994789 -40.06389171
Ga  24.03807047 -24.03807047 -40.06408068
Ga  18.69638201 -18.69638201 -40.06426966
Ga  13.35467466 -13.35467466 -40.06445863
Ga  8.01260827 -8.01260827 -40.06483657
Ga  2.67084423 -2.67084423 -40.06483657
Ga -2.67084423  2.67084423 -40.06483657
Ga -8.01260827  8.01260827 -40.06483657
Ga -13.35467466  13.35467466 -40.06445863
Ga -18.69638201  18.69638201 -40.06426966
Ga -24.03807047  24.03807047 -40.06408068
Ga -29.37994789  29.37994789 -40.06389171
Ga -34.72182531  34.72182531 -40.06389171
Ga  34.72182531 -40.06389171 -34.72182531
Ga  29.37994789 -40.06389171 -29.37994789
Ga  24.03807047 -29.38013686 -34.72201429
Ga  24.03807047 -34.72201429 -29.38013686
Ga  18.69640091 -29.38013686 -29.38013686
As  32.05088660 -32.05088660 -37.39276403
As  26.70919815 -32.05088660 -32.05088660
As  32.05088660 -37.39276403 -32.05088660
Ga  29.37994789 -34.72201429 -34.72201429
Ga  34.72201429 -29.37994789 -34.72201429
Ga  34.72201429 -34.72201429 -29.37994789
Ga  29.37994789 -29.37994789 -29.37994789
As  37.39257505 -37.39257505 -37.39257505
As  37.39276403 -32.05088660 -32.05088660
Ga  40.06389171 -34.72182531 -34.72182531
Ga  40.06389171 -29.37994789 -29.37994789
Ga  13.35465577 -18.69658988 -34.72239223
Ga  13.35469356 -24.03844841 -29.38032583
Ga  8.01279724 -18.69664657 -29.38051481
As  21.36713175 -21.36713175 -37.39295300
As  16.02565117 -21.36732073 -32.05126455
As  21.36732073 -26.70900918 -32.05088660
Ga  18.69632532 -24.03825944 -34.72220326
Ga  24.03825944 -18.69632532 -34.72220326
Ga  24.03825944 -24.03825944 -29.37994789
Ga  18.69651429 -18.69651429 -29.38013686
As  26.70900918 -26.70900918 -37.39276403
As  26.70900918 -21.36732073 -32.05088660
As  32.05088660 -26.70919815 -32.05088660
Ga  29.38013686 -24.03807047 -34.72201429
Ga  34.72201429 -24.03807047 -29.38013686
Ga  29.38013686 -18.69640091 -29.38013686
Ga  2.67069305 -8.01279724 -34.72277018
Ga  2.67088202 -13.35490143 -29.38070378
Ga -2.67110879 -8.01289173 -29.38108173
As  10.68366036 -10.68366036 -37.39333094
As  5.34187742 -10.68369816 -32.05164249
As  10.68379264 -16.02555668 -32.05145352
Ga  8.01268386 -13.35480694 -34.72258120
Ga  13.35480694 -8.01268386 -34.72258120
Ga  13.35480694 -13.35480694 -29.38032583
Ga  8.01281614 -8.01281614 -29.38070378
As  16.02553779 -16.02553779 -37.39314197
As  16.02555668 -10.68379264 -32.05145352
As  21.36732073 -16.02565117 -32.05126455
Ga  18.69658988 -13.35465577 -34.72239223
Ga  24.03844841 -13.35469356 -29.38032583
Ga  18.69664657 -8.01279724 -29.38051481
Ga -8.01279724  2.67069305 -34.72277018
Ga -8.01289173 -2.67110879 -29.38108173
Ga -13.35490143  2.67088202 -29.38070378
As  0.00000007 -0.00000060 -37.39351992
As -5.34176404 -0.00004219 -32.05183146
As -0.00004143 -5.34176404 -32.05183146
Ga -2.67105210 -2.67105210 -34.72295915
Ga  2.67105210  2.67105210 -34.72295915
Ga  2.67090092 -2.67090092 -29.38089275
Ga -2.67090092  2.67090092 -29.38089275
As  5.34170735 -5.34170735 -37.39351992
As  5.34176404  0.00004058 -32.05183146
As  10.68369816 -5.34187742 -32.05164249
Ga  8.01279724 -2.67071195 -34.72277018
Ga  13.35490143 -2.67088202 -29.38070378
Ga  8.01289173  2.67110879 -29.38108173
Ga -18.69658988  13.35465577 -34.72239223
Ga -18.69664657  8.01279724 -29.38051481
Ga -24.03844841  13.35469356 -29.38032583
As -10.68366036  10.68366036 -37.39333094
As -16.02555668  10.68379264 -32.05145352
As -10.68369816  5.34187742 -32.05164249
Ga -13.35480694  8.01268386 -34.72258120
Ga -8.01268386  13.35480694 -34.72258120
Ga -8.01281614  8.01281614 -29.38070378
Ga -13.35480694  13.35480694 -29.38032583
As -5.34170735  5.34170735 -37.39351992
As -5.34187742  10.68369816 -32.05164249
As  0.00004095  5.34176404 -32.05183146
Ga -2.67071195  8.01279724 -34.72277018
Ga  2.67110879  8.01289173 -29.38108173
Ga -2.67088202  13.35490143 -29.38070378
Ga -29.38013686  24.03807047 -34.72201429
Ga -29.38013686  18.69640091 -29.38013686
Ga -34.72201429  24.03807047 -29.38013686
As -21.36713175  21.36713175 -37.39295300
As -26.70900918  21.36732073 -32.05088660
As -21.36732073  16.02563227 -32.05126455
Ga -24.03825944  18.69632532 -34.72220326
Ga -18.69632532  24.03825944 -34.72220326
Ga -18.69651429  18.69651429 -29.38013686
Ga -24.03825944  24.03825944 -29.37994789
As -16.02553779  16.02553779 -37.39314197
As -16.02565117  21.36732073 -32.05126455
As -10.68379264  16.02555668 -32.05145352
Ga -13.35465577  18.69658988 -34.72239223
Ga -8.01279724  18.69664657 -29.38051481
Ga -13.35469356  24.03844841 -29.38032583
Ga -40.06389171  34.72182531 -34.72182531
Ga -40.06389171  29.37994789 -29.37994789
As -32.05088660  32.05088660 -37.39276403
As -37.39276403  32.05088660 -32.05088660
As -32.05088660  26.70919815 -32.05088660
Ga -34.72201429  29.37994789 -34.72201429
Ga -29.37994789  34.72201429 -34.72201429
Ga -29.37994789  29.37994789 -29.37994789
Ga -34.72201429  34.72201429 -29.37994789
As -26.70900918  26.70900918 -37.39276403
As -26.70919815  32.05088660 -32.05088660
As -21.36732073  26.70900918 -32.05088660
Ga -24.03807047  29.38013686 -34.72201429
Ga -18.69640091  29.38013686 -29.38013686
Ga -24.03807047  34.72201429 -29.38013686
As -37.39257505  37.39257505 -37.39257505
As -32.05088660  37.39276403 -32.05088660
Ga -34.72182531  40.06389171 -34.72182531
Ga -29.37994789  40.06389171 -29.37994789
Ga  24.03807047 -40.06408068 -24.03807047
Ga  18.69638201 -40.06426966 -18.69638201
Ga  13.35469356 -29.38032583 -24.03844841
Ga  13.35465577 -34.72239223 -18.69658988
Ga  8.01279724 -29.38051481 -18.69664657
As  21.36732073 -32.05088660 -26.70900918
As  16.02565117 -32.05126455 -21.36732073
As  21.36713175 -37.39295300 -21.36713175
Ga  18.69632532 -34.72220326 -24.03825944
Ga  24.03825944 -29.37994789 -24.03825944
Ga  24.03825944 -34.72220326 -18.69632532
Ga  18.69651429 -29.38013686 -18.69651429
As  26.70900918 -37.39276403 -26.70900918
As  32.05088660 -32.05088660 -26.70919815
As  26.70900918 -32.05088660 -21.36732073
Ga  29.38013686 -34.72201429 -24.03807047
Ga  34.72201429 -29.38013686 -24.03807047
Ga  29.38013686 -29.38013686 -18.69640091
Ga  2.67090092 -18.69685444 -24.03863738
Ga  2.67090092 -24.03863738 -18.69685444
Ga -2.67095761 -18.69700562 -18.69700562
As  10.68384934 -21.36732073 -26.70938712
As  5.34195301 -21.36750970 -21.36750970
As  10.68384934 -26.70938712 -21.36732073
Ga  8.01275944 -24.03863738 -24.03863738
Ga  13.35484474 -18.69658988 -24.03844841
Ga  13.35484474 -24.03844841 -18.69658988
Ga  8.01296731 -18.69672216 -18.69672216
As  16.02567007 -26.70919815 -26.70919815
As  21.36732073 -21.36732073 -26.70919815
As  16.02567007 -21.36750970 -21.36750970
As  21.36732073 -26.70919815 -21.36732073
Ga  18.69653319 -24.03825944 -24.03825944
Ga  24.03825944 -18.69653319 -24.03825944
Ga  24.03825944 -24.03825944 -18.69653319
Ga  18.69660878 -18.69660878 -18.69660878
As  26.70900918 -26.70900918 -26.70900918
As  32.05088660 -21.36732073 -26.70900918
As  26.70919815 -21.36732073 -21.36732073
As  32.05088660 -26.70900918 -21.36732073
Ga  29.37994789 -24.03825944 -24.03825944
Ga  34.72220326 -18.69632532 -24.03825944
Ga  34.72220326 -24.03825944 -18.69632532
Ga  29.38013686 -18.69651429 -18.69651429
As  37.39276403 -26.70900918 -26.70900918
As  37.39295300 -21.36713175 -21.36713175
Ga  40.06408068 -24.03807047 -24.03807047
Ga  40.06426966 -18.69638201 -18.69638201
Ga -8.01304290 -8.01304290 -24.03920430
Ga -8.01292952 -13.35522268 -18.69717570
Ga -13.35522268 -8.01292952 -18.69717570
As  0.00003582 -10.68383044 -26.70976507
As -5.34185853 -10.68400051 -21.36788764
As  0.00006883 -16.02587794 -21.36769867
Ga -2.67101430 -13.35509040 -24.03901533
Ga  2.67099540 -8.01292952 -24.03882636
Ga  2.67108989 -13.35503371 -18.69689224
Ga -2.67088202 -8.01302401 -18.69708121
As  5.34195301 -16.02568897 -26.70957610
As  10.68383044 -10.68383044 -26.70957610
As  5.34199081 -10.68396272 -21.36788764
As  10.68388713 -16.02578345 -21.36769867
Ga  8.01294842 -13.35488253 -24.03863738
Ga  13.35488253 -8.01294842 -24.03863738
Ga  13.35490143 -13.35490143 -18.69677886
Ga  8.01302401 -8.01302401 -18.69693003
As  16.02565117 -16.02565117 -26.70938712
As  21.36732073 -10.68384934 -26.70938712
As  16.02578345 -10.68388713 -21.36769867
As  21.36750970 -16.02567007 -21.36750970
Ga  18.69658988 -13.35484474 -24.03844841
Ga  24.03863738 -8.01275944 -24.03863738
Ga  24.03844841 -13.35484474 -18.69658988
Ga  18.69672216 -8.01296731 -18.69672216
As  26.70919815 -16.02567007 -26.70919815
As  26.70938712 -10.68384934 -21.36732073
As  32.05126455 -16.02565117 -21.36732073
Ga  29.38032583 -13.35469356 -24.03844841
Ga  34.72239223 -13.35465577 -18.69658988
Ga  29.38051481 -8.01279724 -18.69664657
Ga -18.69685444  2.67090092 -24.03863738
Ga -18.69700562 -2.67095761 -18.69700562
Ga -24.03863738  2.67090092 -18.69685444
As -10.68383044  0.00003500 -26.70976507
As -16.02587794  0.00006798 -21.36769867
As -10.68400051 -5.34185853 -21.36788764
Ga -13.35509040 -2.67101430 -24.03901533
Ga -8.01291062  2.67099540 -24.03882636
Ga -8.01302401 -2.67088202 -18.69708121
Ga -13.35503371  2.67108989 -18.69689224
As -5.34189632 -5.34189632 -26.70995404
As -0.00000035 -0.00000077 -26.70995404
As -5.34204750  0.00007353 -21.36807662
As  0.00007399 -5.34204750 -21.36807662
Ga -2.67095761 -2.67095761 -24.03901533
Ga  2.67095761  2.67095761 -24.03901533
Ga  2.67107099 -2.67107099 -18.69710011
Ga -2.67107099  2.67107099 -18.69710011
As  5.34191522 -5.34191522 -26.70976507
As  10.68383044 -0.00003634 -26.70976507
As  5.34204750 -0.00007488 -21.36807662
As  10.68396272 -5.34199081 -21.36788764
Ga  8.01291062 -2.67101430 -24.03882636
Ga  13.35509040  2.67101430 -24.03901533
Ga  13.35503371 -2.67108989 -18.69689224
Ga  8.01302401  2.67088202 -18.69708121
As  16.02568897 -5.34195301 -26.70957610
As  16.02587794 -0.00006905 -21.36769867
As  21.36750970 -5.34195301 -21.36750970
Ga  18.69685444 -2.67090092 -24.03863738
Ga  24.03863738 -2.67090092 -18.69685444
Ga  18.69700562  2.67095761 -18.69700562
Ga -29.38032583  13.35469356 -24.03844841
Ga -29.38051481  8.01279724 -18.69664657
Ga -34.72239223  13.35465577 -18.69658988
As -21.36732073  10.68384934 -26.70938712
As -26.70938712  10.68384934 -21.36732073
As -21.36750970  5.34195301 -21.36750970
Ga -24.03863738  8.01275944 -24.03863738
Ga -18.69658988  13.35482584 -24.03844841
Ga -18.69672216  8.01296731 -18.69672216
Ga -24.03844841  13.35482584 -18.69658988
As -16.02568897  5.34195301 -26.70957610
As -10.68383044  10.68383044 -26.70957610
As -16.02578345  10.68388713 -21.36769867
As -10.68396272  5.34199081 -21.36788764
Ga -13.35488253  8.01294842 -24.03863738
Ga -8.01294842  13.35488253 -24.03863738
Ga -8.01302401  8.01302401 -18.69693003
Ga -13.35490143  13.35490143 -18.69677886
As -5.34191522  5.34191522 -26.70976507
As -0.00003621  10.68383044 -26.70976507
As -5.34199081  10.68396272 -21.36788764
As -0.00007474  5.34204750 -21.36807662
Ga -2.67101430  8.01291062 -24.03882636
Ga  2.67101430  13.35509040 -24.03901533
Ga  2.67088202  8.01302401 -18.69708121
Ga -2.67108989  13.35503371 -18.69689224
As  5.34189632  5.34189632 -26.70995404
As  5.34183963  10.68400051 -21.36788764
As  10.68400051  5.34183963 -21.36788764
Ga  8.01304290  8.01304290 -24.03920430
Ga  13.35520379  8.01292952 -18.69717570
Ga  8.01292952  13.35520379 -18.69717570
Ga -40.06408068  24.03807047 -24.03807047
Ga -40.06426966  18.69638201 -18.69638201
As -32.05088660  21.36732073 -26.70900918
As -37.39295300  21.36713175 -21.36713175
As -32.05126455  16.02563227 -21.36732073
Ga -34.72220326  18.69632532 -24.03825944
Ga -29.37994789  24.03825944 -24.03825944
Ga -29.38013686  18.69651429 -18.69651429
Ga -34.72220326  24.03825944 -18.69632532
As -26.70919815  16.02567007 -26.70919815
As -21.36732073  21.36732073 -26.70919815
As -26.70919815  21.36732073 -21.36732073
As -21.36750970  16.02567007 -21.36750970
Ga -24.03825944  18.69653319 -24.03825944
Ga -18.69653319  24.03825944 -24.03825944
Ga -18.69660878  18.69660878 -18.69660878
Ga -24.03825944  24.03825944 -18.69653319
As -16.02565117  16.02565117 -26.70938712
As -10.68384934  21.36732073 -26.70938712
As -16.02567007  21.36750970 -21.36750970
As -10.68388713  16.02578345 -21.36769867
Ga -13.35482584  18.69658988 -24.03844841
Ga -8.01275944  24.03863738 -24.03863738
Ga -8.01296731  18.69672216 -18.69672216
Ga -13.35484474  24.03844841 -18.69658988
As -5.34195301  16.02568897 -26.70957610
As -5.34195301  21.36750970 -21.36750970
As -0.00006897  16.02587794 -21.36769867
Ga -2.67090092  18.69685444 -24.03863738
Ga  2.67095761  18.69700562 -18.69700562
Ga -2.67090092  24.03863738 -18.69685444
As -37.39276403  26.70900918 -26.70900918
As -32.05088660  32.05088660 -26.70919815
As -32.05088660  26.70900918 -21.36732073
Ga -34.72201429  29.38013686 -24.03807047
Ga -29.38013686  34.72201429 -24.03807047
Ga -29.38013686  29.38013686 -18.69640091
As -26.70900918  26.70900918 -26.70900918
As -21.36732073  32.05088660 -26.70900918
As -26.70900918  32.05088660 -21.36732073
As -21.36732073  26.70919815 -21.36732073
Ga -24.03825944  29.37994789 -24.03825944
Ga -18.69632532  34.72220326 -24.03825944
Ga -18.69651429  29.38013686 -18.69651429
Ga -24.03825944  34.72220326 -18.69632532
As -16.02567007  26.70919815 -26.70919815
As -16.02565117  32.05126455 -21.36732073
As -10.68384934  26.70938712 -21.36732073
Ga -13.35469356  29.38032583 -24.03844841
Ga -8.01279724  29.38051481 -18.69664657
Ga -13.35465577  34.72239223 -18.69658988
As -26.70900918  37.39276403 -26.70900918
As -21.36713175  37.39295300 -21.36713175
Ga -24.03807047  40.06408068 -24.03807047
Ga -18.69638201  40.06426966 -18.69638201
Ga  13.35467466 -40.06445863 -13.35467466
Ga  8.01260827 -40.06483657 -8.01260827
Ga  2.67088202 -29.38070378 -13.35490143
Ga  2.67069305 -34.72277018 -8.01279724
Ga -2.67110879 -29.38108173 -8.01289173
As  10.68379264 -32.05145352 -16.02555668
As  5.34187742 -32.05164249 -10.68369816
As  10.68366036 -37.39333094 -10.68366036
Ga  8.01268386 -34.72258120 -13.35480694
Ga  13.35480694 -29.38032583 -13.35480694
Ga  13.35480694 -34.72258120 -8.01268386
Ga  8.01281614 -29.38070378 -8.01281614
As  16.02553779 -37.39314197 -16.02553779
As  21.36732073 -32.05126455 -16.02565117
As  16.02555668 -32.05145352 -10.68379264
Ga  18.69658988 -34.72239223 -13.35465577
Ga  24.03844841 -29.38032583 -13.35469356
Ga  18.69664657 -29.38051481 -8.01279724
Ga -8.01292952 -18.69717570 -13.35522268
Ga -8.01304290 -24.03920430 -8.01304290
Ga -13.35522268 -18.69717570 -8.01292952
As  0.00006883 -21.36769867 -16.02587794
As -5.34185853 -21.36788764 -10.68400051
As  0.00003582 -26.70976507 -10.68383044
Ga -2.67101430 -24.03901533 -13.35509040
Ga  2.67108989 -18.69689224 -13.35503371
Ga  2.67099540 -24.03882636 -8.01292952
Ga -2.67088202 -18.69708121 -8.01302401
As  5.34195301 -26.70957610 -16.02568897
As  10.68388713 -21.36769867 -16.02578345
As  5.34199081 -21.36788764 -10.68396272
As  10.68383044 -26.70957610 -10.68383044
Ga  8.01294842 -24.03863738 -13.35488253
Ga  13.35490143 -18.69677886 -13.35490143
Ga  13.35488253 -24.03863738 -8.01294842
Ga  8.01302401 -18.69693003 -8.01302401
As  16.02565117 -26.70938712 -16.02565117
As  21.36750970 -21.36750970 -16.02567007
As  16.02578345 -21.36769867 -10.68388713
As  21.36732073 -26.70938712 -10.68384934
Ga  18.69658988 -24.03844841 -13.35484474
Ga  24.03844841 -18.69658988 -13.35484474
Ga  24.03863738 -24.03863738 -8.01275944
Ga  18.69672216 -18.69672216 -8.01296731
As  26.70919815 -26.70919815 -16.02567007
As  32.05126455 -21.36732073 -16.02565117
As  26.70938712 -21.36732073 -10.68384934
Ga  29.38032583 -24.03844841 -13.35469356
Ga  34.72239223 -18.69658988 -13.35465577
Ga  29.38051481 -18.69664657 -8.01279724
Ga -18.69717570 -8.01292952 -13.35522268
Ga -18.69717570 -13.35522268 -8.01292952
Ga -24.03920430 -8.01304290 -8.01304290
As -10.68396272 -10.68398162 -16.02604801
As -16.02604801 -10.68398162 -10.68398162
As -10.68396272 -16.02604801 -10.68398162
Ga -13.35516599 -13.35516599 -13.35516599
Ga -8.01296731 -8.01296731 -13.35516599
Ga -8.01296731 -13.35516599 -8.01296731
Ga -13.35516599 -8.01296731 -8.01296731
As -5.34182073 -16.02604801 -16.02604801
As  0.00011365 -10.68411390 -16.02614250
As -5.34197191 -10.68409500 -10.68409500
As  0.00011365 -16.02614250 -10.68411390
Ga -2.67082533 -13.35514710 -13.35514710
Ga  2.67110879 -8.01313739 -13.35516599
Ga  2.67110879 -13.35516599 -8.01313739
Ga -2.67095761 -8.01308070 -8.01308070
As  5.34200971 -16.02595353 -16.02595353
As  10.68400051 -10.68400051 -16.02595353
As  5.34214199 -10.68417059 -10.68417059
As  10.68400051 -16.02595353 -10.68400051
Ga  8.01302401 -13.35507151 -13.35507151
Ga  13.35507151 -8.01302401 -13.35507151
Ga  13.35507151 -13.35507151 -8.01302401
Ga  8.01313739 -8.01313739 -8.01313739
As  16.02580235 -16.02580235 -16.02580235
As  21.36769867 -10.68388713 -16.02578345
As  16.02595353 -10.68401941 -10.68401941
As  21.36769867 -16.02578345 -10.68388713
Ga  18.69677886 -13.35490143 -13.35490143
Ga  24.03863738 -8.01294842 -13.35488253
Ga  24.03863738 -13.35488253 -8.01294842
Ga  18.69693003 -8.01302401 -8.01302401
As  26.70938712 -16.02565117 -16.02565117
As  32.05145352 -10.68379264 -16.02555668
As  26.70957610 -10.68383044 -10.68383044
As  32.05145352 -16.02555668 -10.68379264
Ga  29.38032583 -13.35480694 -13.35480694
Ga  34.72258120 -8.01268386 -13.35480694
Ga  34.72258120 -13.35480694 -8.01268386
Ga  29.38070378 -8.01281614 -8.01281614
As  37.39314197 -16.02553779 -16.02553779
As  37.39333094 -10.68366036 -10.68366036
Ga  40.06445863 -13.35467466 -13.35467466
Ga  40.06483657 -8.01260827 -8.01260827
Ga -29.38070378  2.67088202 -13.35490143
Ga -29.38108173 -2.67110879 -8.01289173
Ga -34.72277018  2.67069305 -8.01279724
As -21.36769867  0.00006796 -16.02587794
As -26.70976507  0.00003496 -10.68383044
As -21.36788764 -5.34185853 -10.68400051
Ga -24.03901533 -2.67101430 -13.35509040
Ga -18.69689224  2.67108989 -13.35503371
Ga -18.69708121 -2.67088202 -8.01302401
Ga -24.03882636  2.67099540 -8.01292952
As -16.02604801 -5.34182073 -16.02604801
As -10.68411390  0.00011315 -16.02614250
As -16.02614250  0.00011313 -10.68411390
As -10.68409500 -5.34197191 -10.68409500
Ga -13.35514710 -2.67082533 -13.35514710
Ga -8.01313739  2.67110879 -13.35516599
Ga -8.01308070 -2.67095761 -8.01308070
Ga -13.35516599  2.67110879 -8.01313739
As -5.34199081 -5.34199081 -16.02612360
As -0.00000042 -0.00000060 -16.02612360
As -5.34206640  0.00004878 -10.68413279
As  0.00004899 -5.34206640 -10.68413279
Ga -2.67101430 -2.67101430 -13.35516599
Ga  2.67101430  2.67101430 -13.35516599
Ga  2.67105210 -2.67105210 -8.01306180
Ga -2.67105210  2.67105210 -8.01306180
As  5.34212309 -5.34212309 -16.02612360
As  10.68411390 -0.00011435 -16.02614250
As  5.34206640 -0.00004994 -10.68413279
As  10.68417059 -5.34214199 -10.68417059
Ga  8.01313739 -2.67110879 -13.35516599
Ga  13.35514710  2.67080643 -13.35514710
Ga  13.35516599 -2.67110879 -8.01313739
Ga  8.01308070  2.67095761 -8.01308070
As  16.02595353 -5.34200971 -16.02595353
As  21.36769867 -0.00006911 -16.02587794
As  16.02612360 -0.00011429 -10.68411390
As  21.36788764 -5.34199081 -10.68396272
Ga  18.69689224 -2.67108989 -13.35503371
Ga  24.03901533  2.67101430 -13.35509040
Ga  24.03882636 -2.67101430 -8.01292952
Ga  18.69708121  2.67088202 -8.01302401
As  26.70957610 -5.34195301 -16.02568897
As  26.70976507 -0.00003630 -10.68383044
As  32.05164249 -5.34187742 -10.68369816
Ga  29.38070378 -2.67088202 -13.35490143
Ga  34.72277018 -2.67071195 -8.01279724
Ga  29.38108173  2.67110879 -8.01289173
Ga -40.06445863  13.35467466 -13.35467466
Ga -40.06483657  8.01260827 -8.01260827
As -32.05145352  10.68379264 -16.02555668
As -37.39333094  10.68366036 -10.68366036
As -32.05164249  5.34187742 -10.68369816
Ga -34.72258120  8.01268386 -13.35480694
Ga -29.38032583  13.35480694 -13.35480694
Ga -29.38070378  8.01281614 -8.01281614
Ga -34.72258120  13.35480694 -8.01268386
As -26.70957610  5.34195301 -16.02568897
As -21.36769867  10.68388713 -16.02578345
As -26.70957610  10.68383044 -10.68383044
As -21.36788764  5.34199081 -10.68396272
Ga -24.03863738  8.01294842 -13.35488253
Ga -18.69677886  13.35490143 -13.35490143
Ga -18.69693003  8.01302401 -8.01302401
Ga -24.03863738  13.35488253 -8.01294842
As -16.02595353  5.34200971 -16.02595353
As -10.68400051  10.68400051 -16.02595353
As -16.02595353  10.68400051 -10.68401941
As -10.68417059  5.34214199 -10.68417059
Ga -13.35507151  8.01302401 -13.35507151
Ga -8.01302401  13.35507151 -13.35507151
Ga -8.01313739  8.01313739 -8.01313739
Ga -13.35507151  13.35507151 -8.01302401
As -5.34212309  5.34212309 -16.02612360
As -0.00011428  10.68411390 -16.02614250
As -5.34214199  10.68417059 -10.68417059
As -0.00004984  5.34206640 -10.68413279
Ga -2.67110879  8.01313739 -13.35516599
Ga  2.67082533  13.35514710 -13.35514710
Ga  2.67095761  8.01308070 -8.01308070
Ga -2.67110879  13.35516599 -8.01313739
As  5.34199081  5.34199081 -16.02612360
As  10.68396272  10.68396272 -16.02604801
As  5.34197191  10.68409500 -10.68409500
As  10.68409500  5.34197191 -10.68409500
Ga  8.01296731  8.01296731 -13.35516599
Ga  13.35516599  13.35516599 -13.35516599
Ga  13.35516599  8.01296731 -8.01296731
Ga  8.01296731  13.35516599 -8.01296731
As  16.02604801  5.34182073 -16.02604801
As  16.02604801  10.68396272 -10.68398162
As  21.36788764  5.34183963 -10.68400051
Ga  18.69717570  8.01292952 -13.35522268
Ga  24.03920430  8.01304290 -8.01304290
Ga  18.69717570  13.35522268 -8.01292952
As -37.39314197  16.02553779 -16.02553779
As -32.05126455  21.36732073 -16.02565117
As -32.05145352  16.02555668 -10.68379264
Ga -34.72239223  18.69658988 -13.35465577
Ga -29.38032583  24.03844841 -13.35469356
Ga -29.38051481  18.69664657 -8.01279724
As -26.70938712  16.02565117 -16.02565117
As -21.36750970  21.36750970 -16.02567007
As -26.70938712  21.36732073 -10.68384934
As -21.36769867  16.02578345 -10.68388713
Ga -24.03844841  18.69658988 -13.35484474
Ga -18.69658988  24.03844841 -13.35484474
Ga -18.69672216  18.69672216 -8.01296731
Ga -24.03863738  24.03863738 -8.01275944
As -16.02580235  16.02580235 -16.02580235
As -10.68388713  21.36769867 -16.02578345
As -16.02578345  21.36769867 -10.68388713
As -10.68400051  16.02595353 -10.68401941
Ga -13.35490143  18.69677886 -13.35490143
Ga -8.01294842  24.03863738 -13.35488253
Ga -8.01302401  18.69693003 -8.01302401
Ga -13.35488253  24.03863738 -8.01294842
As -5.34200971  16.02595353 -16.02595353
As -0.00006901  21.36769867 -16.02587794
As -5.34199081  21.36788764 -10.68396272
As -0.00011419  16.02612360 -10.68411390
Ga -2.67108989  18.69689224 -13.35503371
Ga  2.67101430  24.03901533 -13.35509040
Ga  2.67088202  18.69708121 -8.01302401
Ga -2.67099540  24.03882636 -8.01292952
As  5.34182073  16.02604801 -16.02604801
As  5.34185853  21.36788764 -10.68400051
As  10.68396272  16.02604801 -10.68398162
Ga  8.01292952  18.69717570 -13.35522268
Ga  13.35522268  18.69717570 -8.01292952
Ga  8.01304290  24.03920430 -8.01304290
As -26.70919815  26.70919815 -16.02567007
As -21.36732073  32.05126455 -16.02565117
As -21.36732073  26.70938712 -10.68384934
Ga -24.03844841  29.38032583 -13.35469356
Ga -18.69658988  34.72239223 -13.35465577
Ga -18.69664657  29.38051481 -8.01279724
As -16.02565117  26.70938712 -16.02565117
As -10.68379264  32.05145352 -16.02555668
As -16.02555668  32.05145352 -10.68379264
As -10.68383044  26.70957610 -10.68383044
Ga -13.35480694  29.38032583 -13.35480694
Ga -8.01268386  34.72258120 -13.35480694
Ga -8.01281614  29.38070378 -8.01281614
Ga -13.35480694  34.72258120 -8.01268386
As -5.34195301  26.70957610 -16.02568897
As -5.34187742  32.05164249 -10.68369816
As -0.00003609  26.70976507 -10.68383044
Ga -2.67088202  29.38070378 -13.35490143
Ga  2.67110879  29.38108173 -8.01289173
Ga -2.67071195  34.72277018 -8.01279724
As -16.02553779  37.39314197 -16.02553779
As -10.68366036  37.39333094 -10.68366036
Ga -13.35467466  40.06445863 -13.35467466
Ga -8.01260827  40.06483657 -8.01260827
Ga  2.67084423 -40.06483657 -2.67084423
Ga -2.67084423 -40.06483657  2.67084423
Ga -8.01289173 -29.38108173 -2.67110879
Ga -8.01279724 -34.72277018  2.67069305
Ga -13.35490143 -29.38070378  2.67088202
As -0.00004143 -32.05183146 -5.34176404
As -5.34176404 -32.05183146 -0.00004219
As  0.00000007 -37.39351992 -0.00000060
Ga -2.67105210 -34.72295915 -2.67105210
Ga  2.67090092 -29.38089275 -2.67090092
Ga  2.67105210 -34.72295915  2.67105210
Ga -2.67090092 -29.38089275  2.67090092
As  5.34170735 -37.39351992 -5.34170735
As  10.68369816 -32.05164249 -5.34187742
As  5.34176404 -32.05183146  0.00004058
Ga  8.01279724 -34.72277018 -2.67071195
Ga  13.35490143 -29.38070378 -2.67088202
Ga  8.01289173 -29.38108173  2.67110879
Ga -18.69700562 -18.69700562 -2.67095761
Ga -18.69685444 -24.03863738  2.67090092
Ga -24.03863738 -18.69685444  2.67090092
As -10.68400051 -21.36788764 -5.34185853
As -16.02587794 -21.36769867  0.00006798
As -10.68383044 -26.70976507  0.00003500
Ga -13.35509040 -24.03901533 -2.67101430
Ga -8.01302401 -18.69708121 -2.67088202
Ga -8.01291062 -24.03882636  2.67099540
Ga -13.35503371 -18.69689224  2.67108989
As -5.34189632 -26.70995404 -5.34189632
As  0.00007399 -21.36807662 -5.34204750
As -5.34204750 -21.36807662  0.00007353
As -0.00000035 -26.70995404 -0.00000077
Ga -2.67095761 -24.03901533 -2.67095761
Ga  2.67107099 -18.69710011 -2.67107099
Ga  2.67095761 -24.03901533  2.67095761
Ga -2.67107099 -18.69710011  2.67107099
As  5.34191522 -26.70976507 -5.34191522
As  10.68396272 -21.36788764 -5.34199081
As  5.34204750 -21.36807662 -0.00007488
As  10.68383044 -26.70976507 -0.00003634
Ga  8.01291062 -24.03882636 -2.67101430
Ga  13.35503371 -18.69689224 -2.67108989
Ga  13.35509040 -24.03901533  2.67101430
Ga  8.01302401 -18.69708121  2.67088202
As  16.02568897 -26.70957610 -5.34195301
As  21.36750970 -21.36750970 -5.34195301
As  16.02587794 -21.36769867 -0.00006905
Ga  18.69685444 -24.03863738 -2.67090092
Ga  24.03863738 -18.69685444 -2.67090092
Ga  18.69700562 -18.69700562  2.67095761
Ga -29.38108173 -8.01289173 -2.67110879
Ga -29.38070378 -13.35490143  2.67088202
Ga -34.72277018 -8.01279724  2.67069305
As -21.36788764 -10.68400051 -5.34185853
As -26.70976507 -10.68383044  0.00003496
As -21.36769867 -16.02587794  0.00006796
Ga -24.03901533 -13.35509040 -2.67101430
Ga -18.69708121 -8.01302401 -2.67088202
Ga -18.69689224 -13.35503371  2.67108989
Ga -24.03882636 -8.01292952  2.67099540
As -16.02604801 -16.02604801 -5.34182073
As -10.68409500 -10.68409500 -5.34197191
As -16.02614250 -10.68411390  0.00011313
As -10.68411390 -16.02614250  0.00011315
Ga -13.35514710 -13.35514710 -2.67082533
Ga -8.01308070 -8.01308070 -2.67095761
Ga -8.01313739 -13.35516599  2.67110879
Ga -13.35516599 -8.01313739  2.67110879
As -5.34199081 -16.02612360 -5.34199081
As  0.00004899 -10.68413279 -5.34206640
As -5.34206640 -10.68413279  0.00004878
As -0.00000042 -16.02612360 -0.00000060
Ga -2.67101430 -13.35516599 -2.67101430
Ga  2.67105210 -8.01306180 -2.67105210
Ga  2.67101430 -13.35516599  2.67101430
Ga -2.67105210 -8.01306180  2.67105210
As  5.34212309 -16.02612360 -5.34212309
As  10.68417059 -10.68417059 -5.34214199
As  5.34206640 -10.68413279 -0.00004994
As  10.68411390 -16.02614250 -0.00011435
Ga  8.01313739 -13.35516599 -2.67110879
Ga  13.35516599 -8.01313739 -2.67110879
Ga  13.35514710 -13.35514710  2.67080643
Ga  8.01308070 -8.01308070  2.67095761
As  16.02595353 -16.02595353 -5.34200971
As  21.36788764 -10.68396272 -5.34199081
As  16.02612360 -10.68411390 -0.00011429
As  21.36769867 -16.02587794 -0.00006911
Ga  18.69689224 -13.35503371 -2.67108989
Ga  24.03882636 -8.01292952 -2.67101430
Ga  24.03901533 -13.35509040  2.67101430
Ga  18.69708121 -8.01302401  2.67088202
As  26.70957610 -16.02568897 -5.34195301
As  32.05164249 -10.68369816 -5.34187742
As  26.70976507 -10.68383044 -0.00003630
Ga  29.38070378 -13.35490143 -2.67088202
Ga  34.72277018 -8.01279724 -2.67071195
Ga  29.38108173 -8.01289173  2.67110879
Ga -40.06483657  2.67084423 -2.67084423
Ga -40.06483657 -2.67084423  2.67084423
As -32.05183146 -0.00004219 -5.34176404
As -37.39351992 -0.00000062 -0.00000062
As -32.05183146 -5.34176404 -0.00004219
Ga -34.72295915 -2.67105210 -2.67105210
Ga -29.38089275  2.67090092 -2.67090092
Ga -29.38089275 -2.67090092  2.67090092
Ga -34.72295915  2.67105210  2.67105210
As -26.70995404 -5.34189632 -5.34189632
As -21.36807662  0.00007349 -5.34204750
As -26.70995404 -0.00000077 -0.00000077
As -21.36807662 -5.34204750  0.00007349
Ga -24.03901533 -2.67095761 -2.67095761
Ga -18.69710011  2.67107099 -2.67107099
Ga -18.69710011 -2.67107099  2.67107099
Ga -24.03901533  2.67095761  2.67095761
As -16.02612360 -5.34199081 -5.34199081
As -10.68413279  0.00004876 -5.34206640
As -16.02612360 -0.00000064 -0.00000064
As -10.68413279 -5.34206640  0.00004876
Ga -13.35516599 -2.67101430 -2.67101430
Ga -8.01306180  2.67105210 -2.67105210
Ga -8.01306180 -2.67105210  2.67105210
Ga -13.35516599  2.67101430  2.67101430
As -5.34204750 -5.34204750 -5.34204750
As -0.00000046 -0.00000060 -5.34206640
As -5.34206640 -0.00000062 -0.00000062
As -0.00000046 -5.34206640 -0.00000060
Ga -2.67099540 -2.67099540 -2.67099540
Ga  2.67099540  2.67099540 -2.67099540
Ga  2.67099540 -2.67099540  2.67099540
Ga -2.67099540  2.67099540  2.67099540
As  5.34208529 -5.34208529 -5.34208529
As  10.68413279 -0.00004985 -5.34206640
As  5.34206640 -0.00000051 -0.00000051
As  10.68413279 -5.34206640 -0.00004985
Ga  8.01306180 -2.67105210 -2.67105210
Ga  13.35516599  2.67101430 -2.67101430
Ga  13.35516599 -2.67101430  2.67101430
Ga  8.01306180  2.67105210  2.67105210
As  16.02612360 -5.34212309 -5.34212309
As  21.36807662 -0.00007470 -5.34204750
As  16.02612360 -0.00000044 -0.00000044
As  21.36807662 -5.34204750 -0.00007470
Ga  18.69710011 -2.67107099 -2.67107099
Ga  24.03901533  2.67095761 -2.67095761
Ga  24.03901533 -2.67095761  2.67095761
Ga  18.69710011  2.67107099  2.67107099
As  26.70976507 -5.34191522 -5.34191522
As  32.05183146  0.00004062 -5.34176404
As  26.70995404 -0.00000065 -0.00000065
As  32.05183146 -5.34176404  0.00004062
Ga  29.38089275 -2.67090092 -2.67090092
Ga  34.72295915  2.67105210 -2.67105210
Ga  34.72295915 -2.67105210  2.67105210
Ga  29.38089275  2.67090092  2.67090092
As  37.39351992 -5.34170735 -5.34170735
As  37.39351992 -0.00000077 -0.00000077
Ga  40.06483657 -2.67084423 -2.67084423
Ga  40.06483657  2.67084423  2.67084423
As -37.39351992  5.34170735 -5.34170735
As -32.05164249  10.68369816 -5.34187742
As -32.05183146  5.34176404  0.00004062
Ga -34.72277018  8.01279724 -2.67071195
Ga -29.38070378  13.35490143 -2.67088202
Ga -29.38108173  8.01289173  2.67110879
As -26.70976507  5.34191522 -5.34191522
As -21.36788764  10.68396272 -5.34199081
As -26.70976507  10.68383044 -0.00003625
As -21.36807662  5.34204750 -0.00007487
Ga -24.03882636  8.01291062 -2.67101430
Ga -18.69689224  13.35503371 -2.67108989
Ga -18.69708121  8.01302401  2.67088202
Ga -24.03901533  13.35509040  2.67101430
As -16.02612360  5.34212309 -5.34212309
As -10.68417059  10.68417059 -5.34214199
As -16.02614250  10.68411390 -0.00011433
As -10.68413279  5.34206640 -0.00004998
Ga -13.35516599  8.01313739 -2.67110879
Ga -8.01313739  13.35516599 -2.67110879
Ga -8.01308070  8.01308070  2.67095761
Ga -13.35514710  13.35514710  2.67080643
As -5.34208529  5.34208529 -5.34208529
As -0.00004973  10.68413279 -5.34206640
As -5.34206640  10.68413279 -0.00004989
As -0.00000036  5.34206640 -0.00000054
Ga -2.67105210  8.01306180 -2.67105210
Ga  2.67101430  13.35516599 -2.67101430
Ga  2.67105210  8.01306180  2.67105210
Ga -2.67101430  13.35516599  2.67101430
As  5.34204750  5.34204750 -5.34204750
As  10.68409500  10.68409500 -5.34197191
As  5.34206640  10.68413279  0.00004885
As  10.68413279  5.34206640  0.00004887
Ga  8.01308070  8.01308070 -2.67095761
Ga  13.35514710  13.35514710 -2.67082533
Ga  13.35516599  8.01313739  2.67110879
Ga  8.01313739  13.35516599  2.67110879
As  16.02612360  5.34199081 -5.34199081
As  21.36788764  10.68400051 -5.34185853
As  16.02612360  10.68411390  0.00011301
As  21.36807662  5.34204750  0.00007358
Ga  18.69708121  8.01302401 -2.67088202
Ga  24.03901533  13.35509040 -2.67101430
Ga  24.03882636  8.01291062  2.67099540
Ga  18.69689224  13.35503371  2.67108989
As  26.70995404  5.34189632 -5.34189632
As  26.70976507  10.68383044  0.00003486
As  32.05183146  5.34176404 -0.00004206
Ga  29.38108173  8.01289173 -2.67110879
Ga  34.72277018  8.01279724  2.67069305
Ga  29.38070378  13.35490143  2.67088202
As -26.70957610  16.02568897 -5.34195301
As -21.36750970  21.36750970 -5.34195301
As -21.36769867  16.02587794 -0.00006892
Ga -24.03863738  18.69685444 -2.67090092
Ga -18.69685444  24.03863738 -2.67090092
Ga -18.69700562  18.69700562  2.67095761
As -16.02595353  16.02595353 -5.34200971
As -10.68396272  21.36788764 -5.34199081
As -16.02587794  21.36769867 -0.00006898
As -10.68411390  16.02612360 -0.00011427
Ga -13.35503371  18.69689224 -2.67108989
Ga -8.01291062  24.03882636 -2.67101430
Ga -8.01302401  18.69708121  2.67088202
Ga -13.35509040  24.03901533  2.67101430
As -5.34212309  16.02612360 -5.34212309
As -0.00007451  21.36807662 -5.34204750
As -5.34204750  21.36807662 -0.00007469
As -0.00000022  16.02612360 -0.00000048
Ga -2.67107099  18.69710011 -2.67107099
Ga  2.67095761  24.03901533 -2.67095761
Ga  2.67107099  18.69710011  2.67107099
Ga -2.67095761  24.03901533  2.67095761
As  5.34199081  16.02612360 -5.34199081
As  10.68400051  21.36788764 -5.34185853
As  5.34204750  21.36807662  0.00007353
As  10.68411390  16.02612360  0.00011299
Ga  8.01302401  18.69708121 -2.67088202
Ga  13.35509040  24.03901533 -2.67101430
Ga  13.35503371  18.69689224  2.67108989
Ga  8.01291062  24.03882636  2.67099540
As  16.02604801  16.02604801 -5.34182073
As  16.02587794  21.36769867  0.00006753
As  21.36769867  16.02587794  0.00006756
Ga  18.69700562  18.69700562 -2.67095761
Ga  24.03863738  18.69685444  2.67090092
Ga  18.69685444  24.03863738  2.67090092
As -16.02568897  26.70957610 -5.34195301
As -10.68369816  32.05164249 -5.34187742
As -10.68383044  26.70976507 -0.00003618
Ga -13.35490143  29.38070378 -2.67088202
Ga -8.01279724  34.72277018 -2.67071195
Ga -8.01289173  29.38108173  2.67110879
As -5.34191522  26.70976507 -5.34191522
As  0.00004104  32.05183146 -5.34176404
As -5.34176404  32.05183146  0.00004071
As -0.00000023  26.70995404 -0.00000065
Ga -2.67090092  29.38089275 -2.67090092
Ga  2.67105210  34.72295915 -2.67105210
Ga  2.67090092  29.38089275  2.67090092
Ga -2.67105210  34.72295915  2.67105210
As  5.34189632  26.70995404 -5.34189632
As  5.34176404  32.05183146 -0.00004212
As  10.68383044  26.70976507  0.00003480
Ga  8.01289173  29.38108173 -2.67110879
Ga  13.35490143  29.38070378  2.67088202
Ga  8.01279724  34.72277018  2.67069305
As -5.34170735  37.39351992 -5.34170735
As -0.00000008  37.39351992 -0.00000079
Ga -2.67084423  40.06483657 -2.67084423
Ga  2.67084423  40.06483657  2.67084423
Ga -8.01260827 -40.06483657  8.01260827
Ga -13.35467466 -40.06445863  13.35467466
Ga -18.69664657 -29.38051481  8.01279724
Ga -18.69658988 -34.72239223  13.35465577
Ga -24.03844841 -29.38032583  13.35469356
As -10.68369816 -32.05164249  5.34187742
As -16.02555668 -32.05145352  10.68379264
As -10.68366036 -37.39333094  10.68366036
Ga -13.35480694 -34.72258120  8.01268386
Ga -8.01281614 -29.38070378  8.01281614
Ga -8.01268386 -34.72258120  13.35480694
Ga -13.35480694 -29.38032583  13.35480694
As -5.34170735 -37.39351992  5.34170735
As  0.00004095 -32.05183146  5.34176404
As -5.34187742 -32.05164249  10.68369816
Ga -2.67071195 -34.72277018  8.01279724
Ga  2.67110879 -29.38108173  8.01289173
Ga -2.67088202 -29.38070378  13.35490143
Ga -29.38051481 -18.69664657  8.01279724
Ga -29.38032583 -24.03844841  13.35469356
Ga -34.72239223 -18.69658988  13.35465577
As -21.36750970 -21.36750970  5.34195301
As -26.70938712 -21.36732073  10.68384934
As -21.36732073 -26.70938712  10.68384934
Ga -24.03863738 -24.03863738  8.01275944
Ga -18.69672216 -18.69672216  8.01296731
Ga -18.69658988 -24.03844841  13.35482584
Ga -24.03844841 -18.69658988  13.35482584
As -16.02568897 -26.70957610  5.34195301
As -10.68396272 -21.36788764  5.34199081
As -16.02578345 -21.36769867  10.68388713
As -10.68383044 -26.70957610  10.68383044
Ga -13.35488253 -24.03863738  8.01294842
Ga -8.01302401 -18.69693003  8.01302401
Ga -8.01294842 -24.03863738  13.35488253
Ga -13.35490143 -18.69677886  13.35490143
As -5.34191522 -26.70976507  5.34191522
As -0.00007474 -21.36807662  5.34204750
As -5.34199081 -21.36788764  10.68396272
As -0.00003621 -26.70976507  10.68383044
Ga -2.67101430 -24.03882636  8.01291062
Ga  2.67088202 -18.69708121  8.01302401
Ga  2.67101430 -24.03901533  13.35509040
Ga -2.67108989 -18.69689224  13.35503371
As  5.34189632 -26.70995404  5.34189632
As  10.68400051 -21.36788764  5.34183963
As  5.34183963 -21.36788764  10.68400051
Ga  8.01304290 -24.03920430  8.01304290
Ga  13.35520379 -18.69717570  8.01292952
Ga  8.01292952 -18.69717570  13.35520379
Ga -40.06483657 -8.01260827  8.01260827
Ga -40.06445863 -13.35467466  13.35467466
As -32.05164249 -10.68369816  5.34187742
As -37.39333094 -10.68366036  10.68366036
As -32.05145352 -16.02555668  10.68379264
Ga -34.72258120 -13.35480694  8.01268386
Ga -29.38070378 -8.01281614  8.01281614
Ga -29.38032583 -13.35480694  13.35480694
Ga -34.72258120 -8.01268386  13.35480694
As -26.70957610 -16.02568897  5.34195301
As -21.36788764 -10.68396272  5.34199081
As -26.70957610 -10.68383044  10.68383044
As -21.36769867 -16.02578345  10.68388713
Ga -24.03863738 -13.35488253  8.01294842
Ga -18.69693003 -8.01302401  8.01302401
Ga -18.69677886 -13.35490143  13.35490143
Ga -24.03863738 -8.01294842  13.35488253
As -16.02595353 -16.02595353  5.34200971
As -10.68417059 -10.68417059  5.34214199
As -16.02595353 -10.68401941  10.68400051
As -10.68400051 -16.02595353  10.68400051
Ga -13.35507151 -13.35507151  8.01302401
Ga -8.01313739 -8.01313739  8.01313739
Ga -8.01302401 -13.35507151  13.35507151
Ga -13.35507151 -8.01302401  13.35507151
As -5.34212309 -16.02612360  5.34212309
As -0.00004984 -10.68413279  5.34206640
As -5.34214199 -10.68417059  10.68417059
As -0.00011428 -16.02614250  10.68411390
Ga -2.67110879 -13.35516599  8.01313739
Ga  2.67095761 -8.01308070  8.01308070
Ga  2.67082533 -13.35514710  13.35514710
Ga -2.67110879 -8.01313739  13.35516599
As  5.34199081 -16.02612360  5.34199081
As  10.68409500 -10.68409500  5.34197191
As  5.34197191 -10.68409500  10.68409500
As  10.68396272 -16.02604801  10.68396272
Ga  8.01296731 -13.35516599  8.01296731
Ga  13.35516599 -8.01296731  8.01296731
Ga  13.35516599 -13.35516599  13.35516599
Ga  8.01296731 -8.01296731  13.35516599
As  16.02604801 -16.02604801  5.34182073
As  21.36788764 -10.68400051  5.34183963
As  16.02604801 -10.68398162  10.68396272
Ga  18.69717570 -13.35522268  8.01292952
Ga  24.03920430 -8.01304290  8.01304290
Ga  18.69717570 -8.01292952  13.35522268
As -37.39351992 -5.34170735  5.34170735
As -32.05183146  0.00004062  5.34176404
As -32.05164249 -5.34187742  10.68369816
Ga -34.72277018 -2.67071195  8.01279724
Ga -29.38108173  2.67110879  8.01289173
Ga -29.38070378 -2.67088202  13.35490143
As -26.70976507 -5.34191522  5.34191522
As -21.36807662 -0.00007487  5.34204750
As -26.70976507 -0.00003625  10.68383044
As -21.36788764 -5.34199081  10.68396272
Ga -24.03882636 -2.67101430  8.01291062
Ga -18.69708121  2.67088202  8.01302401
Ga -18.69689224 -2.67108989  13.35503371
Ga -24.03901533  2.67101430  13.35509040
As -16.02612360 -5.34212309  5.34212309
As -10.68413279 -0.00004998  5.34206640
As -16.02614250 -0.00011433  10.68411390
As -10.68417059 -5.34214199  10.68417059
Ga -13.35516599 -2.67110879  8.01313739
Ga -8.01308070  2.67095761  8.01308070
Ga -8.01313739 -2.67110879  13.35516599
Ga -13.35514710  2.67080643  13.35514710
As -5.34208529 -5.34208529  5.34208529
As -0.00000036 -0.00000054  5.34206640
As -5.34206640 -0.00004989  10.68413279
As -0.00004973 -5.34206640  10.68413279
Ga -2.67105210 -2.67105210  8.01306180
Ga  2.67105210  2.67105210  8.01306180
Ga  2.67101430 -2.67101430  13.35516599
Ga -2.67101430  2.67101430  13.35516599
As  5.34204750 -5.34204750  5.34204750
As  10.68413279  0.00004887  5.34206640
As  5.34206640  0.00004885  10.68413279
As  10.68409500 -5.34197191  10.68409500
Ga  8.01308070 -2.67095761  8.01308070
Ga  13.35516599  2.67110879  8.01313739
Ga  13.35514710 -2.67082533  13.35514710
Ga  8.01313739  2.67110879  13.35516599
As  16.02612360 -5.34199081  5.34199081
As  21.36807662  0.00007358  5.34204750
As  16.02612360  0.00011301  10.68411390
As  21.36788764 -5.34185853  10.68400051
Ga  18.69708121 -2.67088202  8.01302401
Ga  24.03882636  2.67099540  8.01291062
Ga  24.03901533 -2.67101430  13.35509040
Ga  18.69689224  2.67108989  13.35503371
As  26.70995404 -5.34189632  5.34189632
As  32.05183146 -0.00004206  5.34176404
As  26.70976507  0.00003486  10.68383044
Ga  29.38108173 -2.67110879  8.01289173
Ga  34.72277018  2.67069305  8.01279724
Ga  29.38070378  2.67088202  13.35490143
As -26.70995404  5.34189632  5.34189632
As -21.36788764  10.68400051  5.34183963
As -21.36788764  5.34183963  10.68400051
Ga -24.03920430  8.01304290  8.01304290
Ga -18.69717570  13.35522268  8.01292952
Ga -18.69717570  8.01292952  13.35522268
As -16.02612360  5.34199081  5.34199081
As -10.68409500  10.68409500  5.34197191
As -16.02604801  10.68396272  10.68396272
As -10.68409500  5.34197191  10.68409500
Ga -13.35516599  8.01296731  8.01296731
Ga -8.01296731  13.35516599  8.01296731
Ga -8.01296731  8.01296731  13.35516599
Ga -13.35516599  13.35516599  13.35516599
As -5.34204750  5.34204750  5.34204750
As  0.00004912  10.68413279  5.34206640
As -5.34197191  10.68409500  10.68409500
As  0.00004912  5.34206640  10.68413279
Ga -2.67095761  8.01308070  8.01308070
Ga  2.67110879  13.35516599  8.01313739
Ga  2.67110879  8.01313739  13.35516599
Ga -2.67082533  13.35514710  13.35514710
As  5.34208529  5.34208529  5.34208529
As  10.68417059  10.68417059  5.34214199
As  5.34214199  10.68417059  10.68417059
As  10.68417059  5.34214199  10.68417059
Ga  8.01313739  8.01313739  8.01313739
Ga  13.35507151  13.35507151  8.01302401
Ga  13.35507151  8.01302401  13.35507151
Ga  8.01302401  13.35507151  13.35507151
As  16.02612360  5.34212309  5.34212309
As  21.36788764  10.68396272  5.34199081
As  16.02595353  10.68400051  10.68400051
As  21.36788764  5.34199081  10.68396272
Ga  18.69693003  8.01302401  8.01302401
Ga  24.03863738  13.35488253  8.01294842
Ga  24.03863738  8.01294842  13.35488253
Ga  18.69677886  13.35490143  13.35490143
As  26.70976507  5.34191522  5.34191522
As  32.05164249  10.68369816  5.34187742
As  26.70957610  10.68383044  10.68383044
As  32.05164249  5.34187742  10.68369816
Ga  29.38070378  8.01281614  8.01281614
Ga  34.72258120  13.35480694  8.01268386
Ga  34.72258120  8.01268386  13.35480694
Ga  29.38032583  13.35480694  13.35480694
As  37.39351992  5.34170735  5.34170735
As  37.39333094  10.68366036  10.68366036
Ga  40.06483657  8.01260827  8.01260827
Ga  40.06445863  13.35467466  13.35467466
As -16.02604801  16.02604801  5.34182073
As -10.68400051  21.36788764  5.34185853
As -10.68396272  16.02604801  10.68396272
Ga -13.35522268  18.69717570  8.01292952
Ga -8.01304290  24.03920430  8.01304290
Ga -8.01292952  18.69717570  13.35522268
As -5.34199081  16.02612360  5.34199081
As  0.00007402  21.36807662  5.34204750
As -5.34185853  21.36788764  10.68400051
As  0.00011348  16.02612360  10.68411390
Ga -2.67088202  18.69708121  8.01302401
Ga  2.67099540  24.03882636  8.01291062
Ga  2.67108989  18.69689224  13.35503371
Ga -2.67101430  24.03901533  13.35509040
As  5.34212309  16.02612360  5.34212309
As  10.68396272  21.36788764  5.34199081
As  5.34199081  21.36788764  10.68396272
As  10.68400051  16.02595353  10.68400051
Ga  8.01302401  18.69693003  8.01302401
Ga  13.35488253  24.03863738  8.01294842
Ga  13.35490143  18.69677886  13.35490143
Ga  8.01294842  24.03863738  13.35488253
As  16.02595353  16.02595353  5.34200971
As  21.36750970  21.36750970  5.34195301
As  16.02578345  21.36769867  10.68388713
As  21.36769867  16.02578345  10.68388713
Ga  18.69672216  18.69672216  8.01296731
Ga  24.03863738  24.03863738  8.01275944
Ga  24.03844841  18.69658988  13.35482584
Ga  18.69658988  24.03844841  13.35482584
As  26.70957610  16.02568897  5.34195301
As  26.70938712  21.36732073  10.68384934
As  32.05145352  16.02555668  10.68379264
Ga  29.38051481  18.69664657  8.01279724
Ga  34.72239223  18.69658988  13.35465577
Ga  29.38032583  24.03844841  13.35469356
As -5.34189632  26.70995404  5.34189632
As -0.00004140  32.05183146  5.34176404
As  0.00003556  26.70976507  10.68383044
Ga -2.67110879  29.38108173  8.01289173
Ga  2.67069305  34.72277018  8.01279724
Ga  2.67088202  29.38070378  13.35490143
As  5.34191522  26.70976507  5.34191522
As  10.68369816  32.05164249  5.34187742
As  5.34187742  32.05164249  10.68369816
As  10.68383044  26.70957610  10.68383044
Ga  8.01281614  29.38070378  8.01281614
Ga  13.35480694  34.72258120  8.01268386
Ga  13.35480694  29.38032583  13.35480694
Ga  8.01268386  34.72258120  13.35480694
As  16.02568897  26.70957610  5.34195301
As  16.02555668  32.05145352  10.68379264
As  21.36732073  26.70938712  10.68384934
Ga  18.69664657  29.38051481  8.01279724
Ga  24.03844841  29.38032583  13.35469356
Ga  18.69658988  34.72239223  13.35465577
As  5.34170735  37.39351992  5.34170735
As  10.68366036  37.39333094  10.68366036
Ga  8.01260827  40.06483657  8.01260827
Ga  13.35467466  40.06445863  13.35467466
Ga -18.69638201 -40.06426966  18.69638201
Ga -24.03807047 -40.06408068  24.03807047
Ga -29.38013686 -29.38013686  18.69640091
Ga -29.38013686 -34.72201429  24.03807047
Ga -34.72201429 -29.38013686  24.03807047
As -21.36732073 -32.05126455  16.02563227
As -26.70900918 -32.05088660  21.36732073
As -21.36713175 -37.39295300  21.36713175
Ga -24.03825944 -34.72220326  18.69632532
Ga -18.69651429 -29.38013686  18.69651429
Ga -18.69632532 -34.72220326  24.03825944
Ga -24.03825944 -29.37994789  24.03825944
As -16.02553779 -37.39314197  16.02553779
As -10.68379264 -32.05145352  16.02555668
As -16.02565117 -32.05126455  21.36732073
Ga -13.35465577 -34.72239223  18.69658988
Ga -8.01279724 -29.38051481  18.69664657
Ga -13.35469356 -29.38032583  24.03844841
Ga -40.06426966 -18.69638201  18.69638201
Ga -40.06408068 -24.03807047  24.03807047
As -32.05126455 -21.36732073  16.02563227
As -37.39295300 -21.36713175  21.36713175
As -32.05088660 -26.70900918  21.36732073
Ga -34.72220326 -24.03825944  18.69632532
Ga -29.38013686 -18.69651429  18.69651429
Ga -29.37994789 -24.03825944  24.03825944
Ga -34.72220326 -18.69632532  24.03825944
As -26.70919815 -26.70919815  16.02567007
As -21.36750970 -21.36750970  16.02567007
As -26.70919815 -21.36732073  21.36732073
As -21.36732073 -26.70919815  21.36732073
Ga -24.03825944 -24.03825944  18.69653319
Ga -18.69660878 -18.69660878  18.69660878
Ga -18.69653319 -24.03825944  24.03825944
Ga -24.03825944 -18.69653319  24.03825944
As -16.02565117 -26.70938712  16.02565117
As -10.68388713 -21.36769867  16.02578345
As -16.02567007 -21.36750970  21.36750970
As -10.68384934 -26.70938712  21.36732073
Ga -13.35482584 -24.03844841  18.69658988
Ga -8.01296731 -18.69672216  18.69672216
Ga -8.01275944 -24.03863738  24.03863738
Ga -13.35484474 -18.69658988  24.03844841
As -5.34195301 -26.70957610  16.02568897
As -0.00006897 -21.36769867  16.02587794
As -5.34195301 -21.36750970  21.36750970
Ga -2.67090092 -24.03863738  18.69685444
Ga  2.67095761 -18.69700562  18.69700562
Ga -2.67090092 -18.69685444  24.03863738
As -37.39314197 -16.02553779  16.02553779
As -32.05145352 -10.68379264  16.02555668
As -32.05126455 -16.02565117  21.36732073
Ga -34.72239223 -13.35465577  18.69658988
Ga -29.38051481 -8.01279724  18.69664657
Ga -29.38032583 -13.35469356  24.03844841
As -26.70938712 -16.02565117  16.02565117
As -21.36769867 -10.68388713  16.02578345
As -26.70938712 -10.68384934  21.36732073
As -21.36750970 -16.02567007  21.36750970
Ga -24.03844841 -13.35484474  18.69658988
Ga -18.69672216 -8.01296731  18.69672216
Ga -18.69658988 -13.35484474  24.03844841
Ga -24.03863738 -8.01275944  24.03863738
As -16.02580235 -16.02580235  16.02580235
As -10.68400051 -10.68401941  16.02595353
As -16.02578345 -10.68388713  21.36769867
As -10.68388713 -16.02578345  21.36769867
Ga -13.35490143 -13.35490143  18.69677886
Ga -8.01302401 -8.01302401  18.69693003
Ga -8.01294842 -13.35488253  24.03863738
Ga -13.35488253 -8.01294842  24.03863738
As -5.34200971 -16.02595353  16.02595353
As -0.00011419 -10.68411390  16.02612360
As -5.34199081 -10.68396272  21.36788764
As -0.00006901 -16.02587794  21.36769867
Ga -2.67108989 -13.35503371  18.69689224
Ga  2.67088202 -8.01302401  18.69708121
Ga  2.67101430 -13.35509040  24.03901533
Ga -2.67099540 -8.01292952  24.03882636
As  5.34182073 -16.02604801  16.02604801
As  10.68396272 -10.68398162  16.02604801
As  5.34185853 -10.68400051  21.36788764
Ga  8.01292952 -13.35522268  18.69717570
Ga  13.35522268 -8.01292952  18.69717570
Ga  8.01304290 -8.01304290  24.03920430
As -26.70957610 -5.34195301  16.02568897
As -21.36769867 -0.00006892  16.02587794
As -21.36750970 -5.34195301  21.36750970
Ga -24.03863738 -2.67090092  18.69685444
Ga -18.69700562  2.67095761  18.69700562
Ga -18.69685444 -2.67090092  24.03863738
As -16.02595353 -5.34200971  16.02595353
As -10.68411390 -0.00011427  16.02612360
As -16.02587794 -0.00006898  21.36769867
As -10.68396272 -5.34199081  21.36788764
Ga -13.35503371 -2.67108989  18.69689224
Ga -8.01302401  2.67088202  18.69708121
Ga -8.01291062 -2.67101430  24.03882636
Ga -13.35509040  2.67101430  24.03901533
As -5.34212309 -5.34212309  16.02612360
As -0.00000022 -0.00000048  16.02612360
As -5.34204750 -0.00007469  21.36807662
As -0.00007451 -5.34204750  21.36807662
Ga -2.67107099 -2.67107099  18.69710011
Ga  2.67107099  2.67107099  18.69710011
Ga  2.67095761 -2.67095761  24.03901533
Ga -2.67095761  2.67095761  24.03901533
As  5.34199081 -5.34199081  16.02612360
As  10.68411390  0.00011299  16.02612360
As  5.34204750  0.00007353  21.36807662
As  10.68400051 -5.34185853  21.36788764
Ga  8.01302401 -2.67088202  18.69708121
Ga  13.35503371  2.67108989  18.69689224
Ga  13.35509040 -2.67101430  24.03901533
Ga  8.01291062  2.67099540  24.03882636
As  16.02604801 -5.34182073  16.02604801
As  21.36769867  0.00006756  16.02587794
As  16.02587794  0.00006753  21.36769867
Ga  18.69700562 -2.67095761  18.69700562
Ga  24.03863738  2.67090092  18.69685444
Ga  18.69685444  2.67090092  24.03863738
As -16.02604801  5.34182073  16.02604801
As -10.68396272  10.68396272  16.02604801
As -10.68400051  5.34185853  21.36788764
Ga -13.35522268  8.01292952  18.69717570
Ga -8.01292952  13.35522268  18.69717570
Ga -8.01304290  8.01304290  24.03920430
As -5.34199081  5.34199081  16.02612360
As  0.00011348  10.68411390  16.02612360
As -5.34185853  10.68400051  21.36788764
As  0.00007402  5.34204750  21.36807662
Ga -2.67088202  8.01302401  18.69708121
Ga  2.67108989  13.35503371  18.69689224
Ga  2.67099540  8.01291062  24.03882636
Ga -2.67101430  13.35509040  24.03901533
As  5.34212309  5.34212309  16.02612360
As  10.68400051  10.68400051  16.02595353
As  5.34199081  10.68396272  21.36788764
As  10.68396272  5.34199081  21.36788764
Ga  8.01302401  8.01302401  18.69693003
Ga  13.35490143  13.35490143  18.69677886
Ga  13.35488253  8.01294842  24.03863738
Ga  8.01294842  13.35488253  24.03863738
As  16.02595353  5.34200971  16.02595353
As  21.36769867  10.68388713  16.02578345
As  16.02578345  10.68388713  21.36769867
As  21.36750970  5.34195301  21.36750970
Ga  18.69672216  8.01296731  18.69672216
Ga  24.03844841  13.35482584  18.69658988
Ga  24.03863738  8.01275944  24.03863738
Ga  18.69658988  13.35482584  24.03844841
As  26.70957610  5.34195301  16.02568897
As  32.05145352  10.68379264  16.02555668
As  26.70938712  10.68384934  21.36732073
Ga  29.38051481  8.01279724  18.69664657
Ga  34.72239223  13.35465577  18.69658988
Ga  29.38032583  13.35469356  24.03844841
As -5.34182073  16.02604801  16.02604801
As  0.00006829  21.36769867  16.02587794
As  0.00006829  16.02587794  21.36769867
Ga -2.67095761  18.69700562  18.69700562
Ga  2.67090092  24.03863738  18.69685444
Ga  2.67090092  18.69685444  24.03863738
As  5.34200971  16.02595353  16.02595353
As  10.68388713  21.36769867  16.02578345
As  5.34195301  21.36750970  21.36750970
As  10.68388713  16.02578345  21.36769867
Ga  8.01296731  18.69672216  18.69672216
Ga  13.35484474  24.03844841  18.69658988
Ga  13.35484474  18.69658988  24.03844841
Ga  8.01275944  24.03863738  24.03863738
As  16.02580235  16.02580235  16.02580235
As  21.36750970  21.36750970  16.02567007
As  16.02567007  21.36750970  21.36750970
As  21.36750970  16.02567007  21.36750970
Ga  18.69660878  18.69660878  18.69660878
Ga  24.03825944  24.03825944  18.69653319
Ga  24.03825944  18.69653319  24.03825944
Ga  18.69653319  24.03825944  24.03825944
As  26.70938712  16.02565117  16.02565117
As  32.05126455  21.36732073  16.02563227
As  26.70919815  21.36732073  21.36732073
As  32.05126455  16.02563227  21.36732073
Ga  29.38013686  18.69651429  18.69651429
Ga  34.72220326  24.03825944  18.69632532
Ga  34.72220326  18.69632532  24.03825944
Ga  29.37994789  24.03825944  24.03825944
As  37.39314197  16.02553779  16.02553779
As  37.39295300  21.36713175  21.36713175
Ga  40.06426966  18.69638201  18.69638201
Ga  40.06408068  24.03807047  24.03807047
As  5.34195301  26.70957610  16.02568897
As  10.68379264  32.05145352  16.02555668
As  10.68384934  26.70938712  21.36732073
Ga  8.01279724  29.38051481  18.69664657
Ga  13.35465577  34.72239223  18.69658988
Ga  13.35469356  29.38032583  24.03844841
As  16.02565117  26.70938712  16.02565117
As  21.36732073  32.05126455  16.02563227
As  16.02565117  32.05126455  21.36732073
As  21.36732073  26.70919815  21.36732073
Ga  18.69651429  29.38013686  18.69651429
Ga  24.03825944  34.72220326  18.69632532
Ga  24.03825944  29.37994789  24.03825944
Ga  18.69632532  34.72220326  24.03825944
As  26.70919815  26.70919815  16.02567007
As  26.70900918  32.05088660  21.36732073
As  32.05088660  26.70900918  21.36732073
Ga  29.38013686  29.38013686  18.69640091
Ga  34.72201429  29.38013686  24.03807047
Ga  29.38013686  34.72201429  24.03807047
As  16.02553779  37.39314197  16.02553779
As  21.36713175  37.39295300  21.36713175
Ga  18.69638201  40.06426966  18.69638201
Ga  24.03807047  40.06408068  24.03807047
Ga -29.37994789 -40.06389171  29.37994789
Ga -34.72182531 -40.06389171  34.72182531
Ga -40.06389171 -29.37994789  29.37994789
Ga -40.06389171 -34.72182531  34.72182531
As -32.05088660 -32.05088660  26.70919815
As -37.39276403 -32.05088660  32.05088660
As -32.05088660 -37.39276403  32.05088660
Ga -34.72201429 -34.72201429  29.37994789
Ga -29.37994789 -29.37994789  29.37994789
Ga -29.37994789 -34.72201429  34.72201429
Ga -34.72201429 -29.37994789  34.72201429
As -26.70900918 -37.39276403  26.70900918
As -21.36732073 -32.05088660  26.70900918
As -26.70919815 -32.05088660  32.05088660
Ga -24.03807047 -34.72201429  29.38013686
Ga -18.69640091 -29.38013686  29.38013686
Ga -24.03807047 -29.38013686  34.72201429
As -37.39276403 -26.70900918  26.70900918
As -32.05088660 -21.36732073  26.70900918
As -32.05088660 -26.70919815  32.05088660
Ga -34.72201429 -24.03807047  29.38013686
Ga -29.38013686 -18.69640091  29.38013686
Ga -29.38013686 -24.03807047  34.72201429
As -26.70900918 -26.70900918  26.70900918
As -21.36732073 -21.36732073  26.70919815
As -26.70900918 -21.36732073  32.05088660
As -21.36732073 -26.70900918  32.05088660
Ga -24.03825944 -24.03825944  29.37994789
Ga -18.69651429 -18.69651429  29.38013686
Ga -18.69632532 -24.03825944  34.72220326
Ga -24.03825944 -18.69632532  34.72220326
As -16.02567007 -26.70919815  26.70919815
As -10.68384934 -21.36732073  26.70938712
As -16.02565117 -21.36732073  32.05126455
Ga -13.35469356 -24.03844841  29.38032583
Ga -8.01279724 -18.69664657  29.38051481
Ga -13.35465577 -18.69658988  34.72239223
As -26.70919815 -16.02567007  26.70919815
As -21.36732073 -10.68384934  26.70938712
As -21.36732073 -16.02565117  32.05126455
Ga -24.03844841 -13.35469356  29.38032583
Ga -18.69664657 -8.01279724  29.38051481
Ga -18.69658988 -13.35465577  34.72239223
As -16.02565117 -16.02565117  26.70938712
As -10.68383044 -10.68383044  26.70957610
As -16.02555668 -10.68379264  32.05145352
As -10.68379264 -16.02555668  32.05145352
Ga -13.35480694 -13.35480694  29.38032583
Ga -8.01281614 -8.01281614  29.38070378
Ga -8.01268386 -13.35480694  34.72258120
Ga -13.35480694 -8.01268386  34.72258120
As -5.34195301 -16.02568897  26.70957610
As -0.00003609 -10.68383044  26.70976507
As -5.34187742 -10.68369816  32.05164249
Ga -2.67088202 -13.35490143  29.38070378
Ga  2.67110879 -8.01289173  29.38108173
Ga -2.67071195 -8.01279724  34.72277018
As -16.02568897 -5.34195301  26.70957610
As -10.68383044 -0.00003618  26.70976507
As -10.68369816 -5.34187742  32.05164249
Ga -13.35490143 -2.67088202  29.38070378
Ga -8.01289173  2.67110879  29.38108173
Ga -8.01279724 -2.67071195  34.72277018
As -5.34191522 -5.34191522  26.70976507
As -0.00000023 -0.00000065  26.70995404
As -5.34176404  0.00004071  32.05183146
As  0.00004104 -5.34176404  32.05183146
Ga -2.67090092 -2.67090092  29.38089275
Ga  2.67090092  2.67090092  29.38089275
Ga  2.67105210 -2.67105210  34.72295915
Ga -2.67105210  2.67105210  34.72295915
As  5.34189632 -5.34189632  26.70995404
As  10.68383044  0.00003480  26.70976507
As  5.34176404 -0.00004212  32.05183146
Ga  8.01289173 -2.67110879  29.38108173
Ga  13.35490143  2.67088202  29.38070378
Ga  8.01279724  2.67069305  34.72277018
As -5.34189632  5.34189632  26.70995404
As  0.00003556  10.68383044  26.70976507
As -0.00004140  5.34176404  32.05183146
Ga -2.67110879  8.01289173  29.38108173
Ga  2.67088202  13.35490143  29.38070378
Ga  2.67069305  8.01279724  34.72277018
As  5.34191522  5.34191522  26.70976507
As  10.68383044  10.68383044  26.70957610
As  5.34187742  10.68369816  32.05164249
As  10.68369816  5.34187742  32.05164249
Ga  8.01281614  8.01281614  29.38070378
Ga  13.35480694  13.35480694  29.38032583
Ga  13.35480694  8.01268386  34.72258120
Ga  8.01268386  13.35480694  34.72258120
As  16.02568897  5.34195301  26.70957610
As  21.36732073  10.68384934  26.70938712
As  16.02555668  10.68379264  32.05145352
Ga  18.69664657  8.01279724  29.38051481
Ga  24.03844841  13.35469356  29.38032583
Ga  18.69658988  13.35465577  34.72239223
As  5.34195301  16.02568897  26.70957610
As  10.68384934  21.36732073  26.70938712
As  10.68379264  16.02555668  32.05145352
Ga  8.01279724  18.69664657  29.38051481
Ga  13.35469356  24.03844841  29.38032583
Ga  13.35465577  18.69658988  34.72239223
As  16.02565117  16.02565117  26.70938712
As  21.36732073  21.36732073  26.70919815
As  16.02565117  21.36732073  32.05126455
As  21.36732073  16.02563227  32.05126455
Ga  18.69651429  18.69651429  29.38013686
Ga  24.03825944  24.03825944  29.37994789
Ga  24.03825944  18.69632532  34.72220326
Ga  18.69632532  24.03825944  34.72220326
As  26.70919815  16.02567007  26.70919815
As  32.05088660  21.36732073  26.70900918
As  26.70900918  21.36732073  32.05088660
Ga  29.38013686  18.69640091  29.38013686
Ga  34.72201429  24.03807047  29.38013686
Ga  29.38013686  24.03807047  34.72201429
As  16.02567007  26.70919815  26.70919815
As  21.36732073  32.05088660  26.70900918
As  21.36732073  26.70900918  32.05088660
Ga  18.69640091  29.38013686  29.38013686
Ga  24.03807047  34.72201429  29.38013686
Ga  24.03807047  29.38013686  34.72201429
As  26.70900918  26.70900918  26.70900918
As  32.05088660  32.05088660  26.70919815
As  26.70919815  32.05088660  32.05088660
As  32.05088660  26.70919815  32.05088660
Ga  29.37994789  29.37994789  29.37994789
Ga  34.72201429  34.72201429  29.37994789
Ga  34.72201429  29.37994789  34.72201429
Ga  29.37994789  34.72201429  34.72201429
As  37.39276403  26.70900918  26.70900918
As  37.39276403  32.05088660  32.05088660
Ga  40.06389171  29.37994789  29.37994789
Ga  40.06389171  34.72182531  34.72182531
As  26.70900918  37.39276403  26.70900918
As  32.05088660  37.39276403  32.05088660
Ga  29.37994789  40.06389171  29.37994789
Ga  34.72182531  40.06389171  34.72182531
As -37.39257505 -37.39257505  37.39257505
As -32.05088660 -32.05088660  37.39276403
Ga -34.72182531 -34.72182531  40.06389171
Ga -29.37994789 -29.37994789  40.06389171
As -26.70900918 -26.70900918  37.39276403
As -21.36713175 -21.36713175  37.39295300
Ga -24.03807047 -24.03807047  40.06408068
Ga -18.69638201 -18.69638201  40.06426966
As -16.02553779 -16.02553779  37.39314197
As -10.68366036 -10.68366036  37.39333094
Ga -13.35467466 -13.35467466  40.06445863
Ga -8.01260827 -8.01260827  40.06483657
As -5.34170735 -5.34170735  37.39351992
As -0.00000008 -0.00000079  37.39351992
Ga -2.67084423 -2.67084423  40.06483657
Ga  2.67084423  2.67084423  40.06483657
As  5.34170735  5.34170735  37.39351992
As  10.68366036  10.68366036  37.39333094
Ga  8.01260827  8.01260827  40.06483657
Ga  13.35467466  13.35467466  40.06445863
As  16.02553779  16.02553779  37.39314197
As  21.36713175  21.36713175  37.39295300
Ga  18.69638201  18.69638201  40.06426966
Ga  24.03807047  24.03807047  40.06408068
As  26.70900918  26.70900918  37.39276403
As  32.05088660  32.05088660  37.39276403
Ga  29.37994789  29.37994789  40.06389171
Ga  34.72182531  34.72182531  40.06389171
As  37.39257505  37.39257505  37.39257505
P1  33.25759003 -36.18626847 -41.52771126
P1  36.18626847 -33.25759003 -41.52771126
P1  27.91571260 -30.84439104 -41.52791913
P1  30.84439104 -27.91571260 -41.52791913
P1  22.57383518 -25.50240969 -41.52810810
P1  25.50240969 -22.57383518 -41.52810810
P1  17.23206358 -20.16051336 -41.52840101
P1  20.16051336 -17.23206358 -41.52840101
P1  11.89020033 -14.81874365 -41.52858998
P1  14.81874365 -11.89020033 -41.52858998
P1  6.54826905 -9.47689552 -41.52886399
P1  9.47689552 -6.54826905 -41.52886399
P1  1.20653741 -4.13516266 -41.52886399
P1  4.13516266 -1.20653755 -41.52886399
P1 -4.13516266  1.20653689 -41.52886399
P1 -1.20653727  4.13516266 -41.52886399
P1 -9.47689552  6.54826905 -41.52886399
P1 -6.54826905  9.47689552 -41.52886399
P1 -14.81874365  11.89020033 -41.52858998
P1 -11.89020033  14.81874365 -41.52858998
P1 -20.16051336  17.23206358 -41.52840101
P1 -17.23206358  20.16051336 -41.52840101
P1 -25.50240969  22.57383518 -41.52810810
P1 -22.57383518  25.50240969 -41.52810810
P1 -30.84439104  27.91571260 -41.52791913
P1 -27.91571260  30.84439104 -41.52791913
P1 -36.18626847  33.25759003 -41.52771126
P1 -33.25759003  36.18626847 -41.52771126
P1  33.25759003 -41.52771126 -36.18626847
P1  36.18626847 -41.52771126 -33.25759003
P1  27.91571260 -41.52791913 -30.84439104
P1  30.84439104 -41.52791913 -27.91571260
P1  22.57404305 -30.84437215 -36.18635351
P1  22.57404305 -36.18635351 -30.84437215
P1  17.23234231 -30.84437215 -30.84437215
P1  27.91592047 -36.18635351 -36.18635351
P1  36.18635351 -27.91592047 -36.18635351
P1  36.18635351 -36.18635351 -27.91592047
P2  38.19385667 -38.19385667 -38.19385667
P1  41.52771126 -33.25759003 -36.18626847
P1  41.52771126 -36.18626847 -33.25759003
P1  41.52791913 -27.91571260 -30.84439104
P1  41.52791913 -30.84439104 -27.91571260
P1  11.89042048 -20.16050297 -36.18683539
P1  11.89048946 -25.50247583 -30.84466505
P1  6.54853077 -20.16063242 -30.84485403
P1  17.23227712 -25.50228685 -36.18664641
P1  25.50228685 -17.23227712 -36.18664641
P1  30.84437215 -22.57404305 -36.18635351
P1  36.18635351 -22.57404305 -30.84437215
P1  30.84437215 -17.23234231 -30.84437215
P1  1.20656261 -9.47688702 -36.18721333
P1  1.20658685 -14.81887688 -30.84514693
P1 -4.13530250 -9.47704386 -30.84531701
P1  6.54844857 -14.81870964 -36.18702436
P1  14.81870964 -6.54845896 -36.18712829
P1  20.16050297 -11.89042048 -36.18683539
P1  25.50247583 -11.89048946 -30.84466505
P1  20.16063242 -6.54853077 -30.84485403
P1 -9.47688702  1.20656207 -36.18721333
P1 -9.47704386 -4.13530250 -30.84531701
P1 -14.81887688  1.20658631 -30.84514693
P1 -4.13516266 -4.13516266 -36.18729837
P1  4.13516266  4.13516266 -36.18729837
P1  9.47688702 -1.20657146 -36.18721333
P1  14.81887688 -1.20658682 -30.84514693
P1  9.47704386  4.13530250 -30.84531701
P1 -20.16050297  11.89042048 -36.18683539
P1 -20.16063242  6.54853077 -30.84485403
P1 -25.50247583  11.89048946 -30.84466505
P1 -14.81870964  6.54844857 -36.18702436
P1 -6.54845896  14.81870964 -36.18712829
P1 -1.20657138  9.47688702 -36.18721333
P1  4.13530250  9.47704386 -30.84531701
P1 -1.20658680  14.81887688 -30.84514693
P1 -30.84437215  22.57404305 -36.18635351
P1 -30.84437215  17.23234231 -30.84437215
P1 -36.18635351  22.57404305 -30.84437215
P1 -25.50228685  17.23227712 -36.18664641
P1 -17.23227712  25.50228685 -36.18664641
P1 -11.89042048  20.16050297 -36.18683539
P1 -6.54853077  20.16063242 -30.84485403
P1 -11.89048946  25.50247583 -30.84466505
P1 -41.52771126  33.25759003 -36.18626847
P1 -41.52771126  36.18626847 -33.25759003
P1 -41.52791913  27.91571260 -30.84439104
P1 -41.52791913  30.84439104 -27.91571260
P1 -36.18635351  27.91592047 -36.18635351
P1 -27.91592047  36.18624957 -36.18635351
P1 -36.18635351  36.18624957 -27.91592047
P1 -22.57404305  30.84437215 -36.18635351
P1 -17.23234231  30.84437215 -30.84437215
P1 -22.57404305  36.18635351 -30.84437215
P2 -38.19385667  38.19385667 -38.19385667
P1 -33.25759003  41.52771126 -36.18626847
P1 -36.18626847  41.52771126 -33.25759003
P1 -27.91571260  41.52791913 -30.84439104
P1 -30.84439104  41.52791913 -27.91571260
P1  22.57383518 -41.52810810 -25.50240969
P1  25.50240969 -41.52810810 -22.57383518
P1  17.23206358 -41.52840101 -20.16051336
P1  20.16051336 -41.52840101 -17.23206358
P1  11.89048946 -30.84466505 -25.50247583
P1  11.89042048 -36.18683539 -20.16050297
P1  6.54853077 -30.84485403 -20.16063242
P1  17.23227712 -36.18664641 -25.50228685
P1  25.50228685 -36.18664641 -17.23227712
P1  30.84437215 -36.18635351 -22.57404305
P1  36.18635351 -30.84437215 -22.57404305
P1  30.84437215 -30.84437215 -17.23234231
P1  1.20658338 -20.16093383 -25.50297660
P1  1.20658338 -25.50297660 -20.16093383
P1 -4.13535919 -20.16110579 -20.16110579
P1  6.54852416 -25.50276873 -25.50276873
P1  36.18664641 -17.23227712 -25.50228685
P1  36.18664641 -25.50228685 -17.23227712
P1  41.52810810 -22.57383518 -25.50240969
P1  41.52810810 -25.50240969 -22.57383518
P1  41.52840101 -17.23206358 -20.16051336
P1  41.52840101 -20.16051336 -17.23206358
P1 -9.47726780 -9.47726780 -25.50333565
P1 -9.47733110 -14.81934364 -20.16139020
P1 -14.81934364 -9.47733110 -20.16139020
P1 -4.13535352 -14.81910743 -25.50325061
P1  25.50276873 -6.54853455 -25.50276873
P1  30.84466505 -11.89048946 -25.50247583
P1  36.18683539 -11.89042048 -20.16050297
P1  30.84485403 -6.54853077 -20.16063242
P1 -20.16093383  1.20658282 -25.50297660
P1 -20.16110579 -4.13535919 -20.16110579
P1 -25.50297660  1.20658280 -20.16093383
P1 -14.81910743 -4.13535352 -25.50325061
P1  14.81910743  4.13535352 -25.50325061
P1  20.16093383 -1.20658337 -25.50297660
P1  25.50297660 -1.20658336 -20.16093383
P1  20.16110579  4.13535919 -20.16110579
P1 -30.84466505  11.89048946 -25.50247583
P1 -30.84485403  6.54853077 -20.16063242
P1 -36.18683539  11.89042048 -20.16050297
P1 -25.50276873  6.54852416 -25.50276873
P1  4.13535352  14.81910743 -25.50325061
P1  9.47726780  9.47726780 -25.50333565
P1  14.81933514  9.47733110 -20.16139020
P1  9.47733110  14.81933514 -20.16139020
P1 -41.52810810  22.57383518 -25.50240969
P1 -41.52810810  25.50240969 -22.57383518
P1 -41.52840101  17.23206358 -20.16051336
P1 -41.52840101  20.16051336 -17.23206358
P1 -36.18664641  17.23227712 -25.50228685
P1 -36.18664641  25.50228685 -17.23227712
P1 -6.54853455  25.50276873 -25.50276873
P1 -1.20658334  20.16093383 -25.50297660
P1  4.13535919  20.16110579 -20.16110579
P1 -1.20658331  25.50297660 -20.16093383
P1 -36.18635351  30.84437215 -22.57404305
P1 -30.84437215  36.18635351 -22.57404305
P1 -30.84437215  30.84437215 -17.23234231
P1 -17.23227712  36.18664641 -25.50228685
P1 -25.50228685  36.18664641 -17.23227712
P1 -11.89048946  30.84466505 -25.50247583
P1 -6.54853077  30.84485403 -20.16063242
P1 -11.89042048  36.18683539 -20.16050297
P1 -22.57383518  41.52810810 -25.50240969
P1 -25.50240969  41.52810810 -22.57383518
P1 -17.23206358  41.52840101 -20.16051336
P1 -20.16051336  41.52840101 -17.23206358
P1  11.89020033 -41.52858998 -14.81874365
P1  14.81874365 -41.52858998 -11.89020033
P1  6.54826905 -41.52886399 -9.47689552
P1  9.47689552 -41.52886399 -6.54826905
P1  1.20658685 -30.84514693 -14.81887688
P1  1.20656261 -36.18721333 -9.47688702
P1 -4.13530250 -30.84531701 -9.47704386
P1  6.54844857 -36.18702436 -14.81870964
P1  14.81870964 -36.18712829 -6.54845896
P1  20.16050297 -36.18683539 -11.89042048
P1  25.50247583 -30.84466505 -11.89048946
P1  20.16063242 -30.84485403 -6.54853077
P1 -9.47733110 -20.16139020 -14.81934364
P1 -9.47726780 -25.50333565 -9.47726780
P1 -14.81934364 -20.16139020 -9.47733110
P1 -4.13535352 -25.50325061 -14.81910743
P1  25.50276873 -25.50276873 -6.54853455
P1  30.84466505 -25.50247583 -11.89048946
P1  36.18683539 -20.16050297 -11.89042048
P1  30.84485403 -20.16063242 -6.54853077
P1 -20.16139020 -9.47733110 -14.81934364
P1 -20.16139020 -14.81934364 -9.47733110
P1 -25.50333565 -9.47726780 -9.47726780
P1 -14.81940128 -14.81940128 -14.81940128
P1  36.18702436 -6.54845896 -14.81870964
P1  36.18702436 -14.81870964 -6.54845896
P1  41.52858998 -11.89020033 -14.81874365
P1  41.52858998 -14.81874365 -11.89020033
P1  41.52886399 -6.54826905 -9.47689552
P1  41.52886399 -9.47689552 -6.54826905
P1 -30.84514693  1.20658628 -14.81887688
P1 -30.84531701 -4.13530250 -9.47704386
P1 -36.18721333  1.20656211 -9.47688702
P1 -25.50325061 -4.13535352 -14.81910743
P1  25.50325061  4.13535352 -14.81910743
P1  30.84514693 -1.20658707 -14.81887688
P1  36.18721333 -1.20657147 -9.47688702
P1  30.84531701  4.13530250 -9.47704386
P1 -41.52858998  11.89020033 -14.81874365
P1 -41.52858998  14.81874365 -11.89020033
P1 -41.52886399  6.54826905 -9.47689552
P1 -41.52886399  9.47689552 -6.54826905
P1 -36.18702436  6.54844857 -14.81870964
P1 -36.18702436  14.81870964 -6.54845896
P1  14.81940128  14.81940128 -14.81940128
P1  20.16139020  9.47733110 -14.81934364
P1  25.50333565  9.47726780 -9.47726780
P1  20.16139020  14.81934364 -9.47733110
P1 -36.18683539  20.16050297 -11.89042048
P1 -30.84466505  25.50247583 -11.89048946
P1 -30.84485403  20.16063242 -6.54853077
P1 -25.50276873  25.50276873 -6.54853455
P1  4.13535352  25.50325061 -14.81910743
P1  9.47733110  20.16139020 -14.81934364
P1  14.81934364  20.16139020 -9.47733110
P1  9.47726780  25.50333565 -9.47726780
P1 -25.50247583  30.84466505 -11.89048946
P1 -20.16050297  36.18683539 -11.89042048
P1 -20.16063242  30.84485403 -6.54853077
P1 -6.54845896  36.18702436 -14.81870964
P1 -14.81870964  36.18702436 -6.54845896
P1 -1.20658696  30.84514693 -14.81887688
P1  4.13530250  30.84531701 -9.47704386
P1 -1.20657124  36.18721333 -9.47688702
P1 -11.89020033  41.52858998 -14.81874365
P1 -14.81874365  41.52858998 -11.89020033
P1 -6.54826905  41.52886399 -9.47689552
P1 -9.47689552  41.52886399 -6.54826905
P1  1.20653741 -41.52886399 -4.13516266
P1  4.13516266 -41.52886399 -1.20653755
P1 -4.13516266 -41.52886399  1.20653689
P1 -1.20653727 -41.52886399  4.13516266
P1 -9.47704386 -30.84531701 -4.13530250
P1 -9.47688702 -36.18721333  1.20656207
P1 -14.81887688 -30.84514693  1.20658631
P1 -4.13516266 -36.18729837 -4.13516266
P1  4.13516266 -36.18729837  4.13516266
P1  9.47688702 -36.18721333 -1.20657146
P1  14.81887688 -30.84514693 -1.20658682
P1  9.47704386 -30.84531701  4.13530250
P1 -20.16110579 -20.16110579 -4.13535919
P1 -20.16093383 -25.50297660  1.20658282
P1 -25.50297660 -20.16093383  1.20658280
P1 -14.81910743 -25.50325061 -4.13535352
P1  14.81910743 -25.50325061  4.13535352
P1  20.16093383 -25.50297660 -1.20658337
P1  25.50297660 -20.16093383 -1.20658336
P1  20.16110579 -20.16110579  4.13535919
P1 -30.84531701 -9.47704386 -4.13530250
P1 -30.84514693 -14.81887688  1.20658628
P1 -36.18721333 -9.47688702  1.20656211
P1 -25.50325061 -14.81910743 -4.13535352
P1  25.50325061 -14.81910743  4.13535352
P1  30.84514693 -14.81887688 -1.20658707
P1  36.18721333 -9.47688702 -1.20657147
P1  30.84531701 -9.47704386  4.13530250
P1 -41.52886399  1.20653685 -4.13516266
P1 -41.52886399  4.13516266 -1.20653777
P1 -41.52886399 -4.13516266  1.20653685
P1 -41.52886399 -1.20653777  4.13516266
P1 -36.18729837 -4.13516266 -4.13516266
P1 -36.18729837  4.13516266  4.13516266
P1  36.18729837  4.13516266 -4.13516266
P1  36.18729837 -4.13516266  4.13516266
P1  41.52886399 -1.20653765 -4.13516266
P1  41.52886399 -4.13516266 -1.20653765
P1  41.52886399  4.13516266  1.20653702
P1  41.52886399  1.20653702  4.13516266
P1 -36.18721333  9.47688702 -1.20657158
P1 -30.84514693  14.81887688 -1.20658679
P1 -30.84531701  9.47704386  4.13530250
P1 -25.50325061  14.81910743  4.13535352
P1  25.50325061  14.81910743 -4.13535352
P1  30.84531701  9.47704386 -4.13530250
P1  36.18721333  9.47688702  1.20656222
P1  30.84514693  14.81887688  1.20658622
P1 -25.50297660  20.16093383 -1.20658326
P1 -20.16093383  25.50297660 -1.20658325
P1 -20.16110579  20.16110579  4.13535919
P1 -14.81910743  25.50325061  4.13535352
P1  14.81910743  25.50325061 -4.13535352
P1  20.16110579  20.16110579 -4.13535919
P1  25.50297660  20.16093383  1.20658273
P1  20.16093383  25.50297660  1.20658270
P1 -14.81887688  30.84514693 -1.20658697
P1 -9.47688702  36.18721333 -1.20657140
P1 -9.47704386  30.84531701  4.13530250
P1  4.13516266  36.18729837 -4.13516266
P1 -4.13516266  36.18729837  4.13516266
P1  9.47704386  30.84531701 -4.13530250
P1  14.81887688  30.84514693  1.20658613
P1  9.47688702  36.18721333  1.20656206
P1 -1.20653717  41.52886399 -4.13516266
P1 -4.13516266  41.52886399 -1.20653771
P1  4.13516266  41.52886399  1.20653682
P1  1.20653760  41.52886399  4.13516266
P1 -9.47689552 -41.52886399  6.54826905
P1 -6.54826905 -41.52886399  9.47689552
P1 -14.81874365 -41.52858998  11.89020033
P1 -11.89020033 -41.52858998  14.81874365
P1 -20.16063242 -30.84485403  6.54853077
P1 -20.16050297 -36.18683539  11.89042048
P1 -25.50247583 -30.84466505  11.89048946
P1 -14.81870964 -36.18702436  6.54844857
P1 -6.54845896 -36.18712829  14.81870964
P1 -1.20657138 -36.18721333  9.47688702
P1  4.13530250 -30.84531701  9.47704386
P1 -1.20658680 -30.84514693  14.81887688
P1 -30.84485403 -20.16063242  6.54853077
P1 -30.84466505 -25.50247583  11.89048946
P1 -36.18683539 -20.16050297  11.89042048
P1 -25.50276873 -25.50276873  6.54852416
P1  4.13535352 -25.50325061  14.81910743
P1  9.47726780 -25.50333565  9.47726780
P1  14.81933514 -20.16139020  9.47733110
P1  9.47733110 -20.16139020  14.81933514
P1 -41.52886399 -9.47689552  6.54826905
P1 -41.52886399 -6.54826905  9.47689552
P1 -41.52858998 -14.81874365  11.89020033
P1 -41.52858998 -11.89020033  14.81874365
P1 -36.18702436 -14.81870964  6.54844857
P1 -36.18702436 -6.54845896  14.81870964
P1  14.81940128 -14.81940128  14.81940128
P1  20.16139020 -14.81934364  9.47733110
P1  25.50333565 -9.47726780  9.47726780
P1  20.16139020 -9.47733110  14.81934364
P1 -36.18721333 -1.20657158  9.47688702
P1 -30.84531701  4.13530250  9.47704386
P1 -30.84514693 -1.20658679  14.81887688
P1 -25.50325061  4.13535352  14.81910743
P1  25.50325061 -4.13535352  14.81910743
P1  30.84531701 -4.13530250  9.47704386
P1  36.18721333  1.20656222  9.47688702
P1  30.84514693  1.20658622  14.81887688
P1 -25.50333565  9.47726780  9.47726780
P1 -20.16139020  14.81934364  9.47733110
P1 -20.16139020  9.47733110  14.81934364
P1 -14.81940128  14.81940128  14.81940128
P1  36.18702436  14.81870964  6.54844857
P1  36.18702436  6.54844857  14.81870964
P1  41.52886399  9.47689552  6.54826905
P1  41.52886399  6.54826905  9.47689552
P1  41.52858998  14.81874365  11.89020033
P1  41.52858998  11.89020033  14.81874365
P1 -14.81934364  20.16139020  9.47733110
P1 -9.47726780  25.50333565  9.47726780
P1 -9.47733110  20.16139020  14.81934364
P1 -4.13535352  25.50325061  14.81910743
P1  25.50276873  25.50276873  6.54852416
P1  30.84485403  20.16063242  6.54853077
P1  36.18683539  20.16050297  11.89042048
P1  30.84466505  25.50247583  11.89048946
P1 -4.13530250  30.84531701  9.47704386
P1  1.20656267  36.18721333  9.47688702
P1  1.20658667  30.84514693  14.81887688
P1  14.81870964  36.18702436  6.54844857
P1  6.54844857  36.18702436  14.81870964
P1  20.16063242  30.84485403  6.54853077
P1  25.50247583  30.84466505  11.89048946
P1  20.16050297  36.18683539  11.89042048
P1  9.47689552  41.52886399  6.54826905
P1  6.54826905  41.52886399  9.47689552
P1  14.81874365  41.52858998  11.89020033
P1  11.89020033  41.52858998  14.81874365
P1 -20.16051336 -41.52840101  17.23206358
P1 -17.23206358 -41.52840101  20.16051336
P1 -25.50240969 -41.52810810  22.57383518
P1 -22.57383518 -41.52810810  25.50240969
P1 -30.84437215 -30.84437215  17.23234231
P1 -30.84437215 -36.18635351  22.57404305
P1 -36.18635351 -30.84437215  22.57404305
P1 -25.50228685 -36.18664641  17.23227712
P1 -17.23227712 -36.18664641  25.50228685
P1 -11.89042048 -36.18683539  20.16050297
P1 -6.54853077 -30.84485403  20.16063242
P1 -11.89048946 -30.84466505  25.50247583
P1 -41.52840101 -20.16051336  17.23206358
P1 -41.52840101 -17.23206358  20.16051336
P1 -41.52810810 -25.50240969  22.57383518
P1 -41.52810810 -22.57383518  25.50240969
P1 -36.18664641 -25.50228685  17.23227712
P1 -36.18664641 -17.23227712  25.50228685
P1 -6.54853455 -25.50276873  25.50276873
P1 -1.20658334 -25.50297660  20.16093383
P1  4.13535919 -20.16110579  20.16110579
P1 -1.20658331 -20.16093383  25.50297660
P1 -36.18683539 -11.89042048  20.16050297
P1 -30.84485403 -6.54853077  20.16063242
P1 -30.84466505 -11.89048946  25.50247583
P1 -25.50276873 -6.54853455  25.50276873
P1  4.13535352 -14.81910743  25.50325061
P1  9.47733110 -14.81934364  20.16139020
P1  14.81934364 -9.47733110  20.16139020
P1  9.47726780 -9.47726780  25.50333565
P1 -25.50297660 -1.20658326  20.16093383
P1 -20.16110579  4.13535919  20.16110579
P1 -20.16093383 -1.20658325  25.50297660
P1 -14.81910743  4.13535352  25.50325061
P1  14.81910743 -4.13535352  25.50325061
P1  20.16110579 -4.13535919  20.16110579
P1  25.50297660  1.20658273  20.16093383
P1  20.16093383  1.20658270  25.50297660
P1 -14.81934364  9.47733110  20.16139020
P1 -9.47733110  14.81934364  20.16139020
P1 -9.47726780  9.47726780  25.50333565
P1 -4.13535352  14.81910743  25.50325061
P1  25.50276873  6.54852416  25.50276873
P1  30.84485403  6.54853077  20.16063242
P1  36.18683539  11.89042048  20.16050297
P1  30.84466505  11.89048946  25.50247583
P1 -4.13535919  20.16110579  20.16110579
P1  1.20658319  25.50297660  20.16093383
P1  1.20658319  20.16093383  25.50297660
P1  6.54852416  25.50276873  25.50276873
P1  36.18664641  25.50228685  17.23227712
P1  36.18664641  17.23227712  25.50228685
P1  41.52840101  20.16051336  17.23206358
P1  41.52840101  17.23206358  20.16051336
P1  41.52810810  25.50240969  22.57383518
P1  41.52810810  22.57383518  25.50240969
P1  6.54853077  30.84485403  20.16063242
P1  11.89042048  36.18683539  20.16050297
P1  11.89048946  30.84466505  25.50247583
P1  25.50228685  36.18664641  17.23227712
P1  17.23227712  36.18664641  25.50228685
P1  30.84437215  30.84437215  17.23234231
P1  36.18635351  30.84437215  22.57404305
P1  30.84437215  36.18635351  22.57404305
P1  20.16051336  41.52840101  17.23206358
P1  17.23206358  41.52840101  20.16051336
P1  25.50240969  41.52810810  22.57383518
P1  22.57383518  41.52810810  25.50240969
P1 -30.84439104 -41.52791913  27.91571260
P1 -27.91571260 -41.52791913  30.84439104
P1 -36.18626847 -41.52771126  33.25759003
P1 -33.25759003 -41.52771126  36.18626847
P1 -41.52791913 -30.84439104  27.91571260
P1 -41.52791913 -27.91571260  30.84439104
P1 -41.52771126 -36.18626847  33.25759003
P1 -41.52771126 -33.25759003  36.18626847
P1 -36.18635351 -36.18635351  27.91592047
P1 -27.91592047 -36.18635351  36.18624957
P1 -36.18635351 -27.91592047  36.18624957
P1 -22.57404305 -36.18635351  30.84437215
P1 -17.23234231 -30.84437215  30.84437215
P1 -22.57404305 -30.84437215  36.18635351
P1 -36.18635351 -22.57404305  30.84437215
P1 -30.84437215 -17.23234231  30.84437215
P1 -30.84437215 -22.57404305  36.18635351
P1 -17.23227712 -25.50228685  36.18664641
P1 -25.50228685 -17.23227712  36.18664641
P1 -11.89048946 -25.50247583  30.84466505
P1 -6.54853077 -20.16063242  30.84485403
P1 -11.89042048 -20.16050297  36.18683539
P1 -25.50247583 -11.89048946  30.84466505
P1 -20.16063242 -6.54853077  30.84485403
P1 -20.16050297 -11.89042048  36.18683539
P1 -6.54845896 -14.81870964  36.18702436
P1 -14.81870964 -6.54845896  36.18702436
P1 -1.20658696 -14.81887688  30.84514693
P1  4.13530250 -9.47704386  30.84531701
P1 -1.20657124 -9.47688702  36.18721333
P1 -14.81887688 -1.20658697  30.84514693
P1 -9.47704386  4.13530250  30.84531701
P1 -9.47688702 -1.20657140  36.18721333
P1  4.13516266 -4.13516266  36.18729837
P1 -4.13516266  4.13516266  36.18729837
P1  9.47704386 -4.13530250  30.84531701
P1  14.81887688  1.20658613  30.84514693
P1  9.47688702  1.20656206  36.18721333
P1 -4.13530250  9.47704386  30.84531701
P1  1.20658667  14.81887688  30.84514693
P1  1.20656267  9.47688702  36.18721333
P1  14.81870964  6.54844857  36.18702436
P1  6.54844857  14.81870964  36.18702436
P1  20.16063242  6.54853077  30.84485403
P1  25.50247583  11.89048946  30.84466505
P1  20.16050297  11.89042048  36.18683539
P1  6.54853077  20.16063242  30.84485403
P1  11.89048946  25.50247583  30.84466505
P1  11.89042048  20.16050297  36.18683539
P1  25.50228685  17.23227712  36.18664641
P1  17.23227712  25.50228685  36.18664641
P1  30.84437215  17.23234231  30.84437215
P1  36.18635351  22.57404305  30.84437215
P1  30.84437215  22.57404305  36.18635351
P1  17.23234231  30.84437215  30.84437215
P1  22.57404305  36.18635351  30.84437215
P1  22.57404305  30.84437215  36.18635351
P1  36.18635351  36.18624957  27.91592047
P1  36.18635351  27.91592047  36.18624957
P1  27.91592047  36.18635351  36.18635351
P1  41.52791913  30.84439104  27.91571260
P1  41.52791913  27.91571260  30.84439104
P1  41.52771126  36.18626847  33.25759003
P1  41.52771126  33.25759003  36.18626847
P1  30.84439104  41.52791913  27.91571260
P1  27.91571260  41.52791913  30.84439104
P1  36.18626847  41.52771126  33.25759003
P1  33.25759003  41.52771126  36.18626847
P2 -38.19385667 -38.19385667  38.19385667
P1 -33.25759003 -36.18626847  41.52771126
P1 -36.18626847 -33.25759003  41.52771126
P1 -27.91571260 -30.84439104  41.52791913
P1 -30.84439104 -27.91571260  41.52791913
P1 -22.57383518 -25.50240969  41.52810810
P1 -25.50240969 -22.57383518  41.52810810
P1 -17.23206358 -20.16051336  41.52840101
P1 -20.16051336 -17.23206358  41.52840101
P1 -11.89020033 -14.81874365  41.52858998
P1 -14.81874365 -11.89020033  41.52858998
P1 -6.54826905 -9.47689552  41.52886399
P1 -9.47689552 -6.54826905  41.52886399
P1 -1.20653717 -4.13516266  41.52886399
P1 -4.13516266 -1.20653771  41.52886399
P1  4.13516266  1.20653682  41.52886399
P1  1.20653760  4.13516266  41.52886399
P1  9.47689552  6.54826905  41.52886399
P1  6.54826905  9.47689552  41.52886399
P1  14.81874365  11.89020033  41.52858998
P1  11.89020033  14.81874365  41.52858998
P1  20.16051336  17.23206358  41.52840101
P1  17.23206358  20.16051336  41.52840101
P1  25.50240969  22.57383518  41.52810810
P1  22.57383518  25.50240969  41.52810810
P1  30.84439104  27.91571260  41.52791913
P1  27.91571260  30.84439104  41.52791913
P1  36.18626847  33.25759003  41.52771126
P1  33.25759003  36.18626847  41.52771126
P2  38.19385667  38.19385667  38.19385667
