0 -0.208162481024628 7.64129e-06
1 -0.208162481024587 2.86597e-06
2 -0.208127664447646 4.03184e-05
3 -0.208127664427118 2.28837e-05
4 -0.208127664426892 1.818e-06
5 -0.208117590299875 1.31227e-05
6 -0.208117588013558 2.49521e-05
7 -0.208117588013363 4.97914e-06
8 -0.207746151544314 8.39737e-07
9 -0.20774615137693 9.8834e-07
10 -0.207746151376919 1.31444e-06
11 -0.207738323618856 1.96688e-06
12 -0.207738323618847 6.7855e-07
13 -0.207317019223208 4.30904e-07
14 -0.207317019223187 8.72677e-07
15 -0.207317018765884 9.12719e-07
16 -0.20719927932657 3.27635e-07
17 -0.207199278981172 9.32886e-07
18 -0.207199278981159 5.66207e-07
19 -0.207138355349843 5.43548e-07
20 -0.207022583017697 6.46641e-07
21 -0.206923411113841 9.26564e-07
22 -0.206923410841104 2.34726e-06
23 -0.206923410841096 1.2248e-06
24 -0.206785668893385 2.13279e-05
25 -0.206785668893281 2.8874e-07
26 -0.206785668866775 1.36022e-05
27 -0.206610961814824 2.64076e-07
28 -0.206610961814816 1.32924e-06
29 -0.206225257194017 1.87804e-07
30 -0.206225257135307 1.82691e-07
31 -0.2062252571353 3.80253e-07
32 -0.205985067545316 1.62979e-07
33 -0.205985067545313 2.51409e-07
34 -0.205835049460361 2.69666e-07
35 -0.205835049460355 2.02643e-07
36 -0.205835048711374 2.90405e-07
37 -0.205574102561165 2.90597e-07
38 -0.205574102561156 2.41642e-07
39 -0.205574102302322 1.00168e-07
40 -0.205479461449354 1.54499e-07
41 -0.205479460388035 1.96153e-07
42 -0.205479460388031 2.15359e-07
43 -0.205112178273313 6.34941e-08
44 -0.204959882493193 7.04671e-07
45 -0.204959882240535 1.24839e-07
46 -0.204959882240526 4.85468e-07
47 -0.204935693002892 1.70958e-07
48 -0.204935693002881 4.44138e-07
49 -0.204935692842612 4.66473e-07
50 -0.204333846543671 1.78659e-08
51 -0.204333846543666 1.37003e-07
52 -0.204333846531381 1.147e-07
53 -0.204315973642327 6.16082e-08
54 -0.204315973642322 1.19413e-07
55 -0.203627038272618 1.86115e-07
56 -0.203627038272614 1.64905e-07
57 -0.203627038258859 1.79878e-07
58 -0.203606248076668 9.01028e-08
59 -0.203492602025141 1.47585e-07
60 -0.203492601923618 1.48475e-07
61 -0.203492601923616 1.60317e-07
62 -0.20327784155792 1.44808e-07
63 -0.203277841557918 1.69552e-07
64 -0.202689079307491 1.63659e-07
65 -0.202689079307485 1.8107e-07
66 -0.202689079216173 1.5479e-07
67 -0.202585548699054 1.55483e-07
68 -0.202585548699049 1.43846e-07
69 -0.202585548527932 1.45023e-07
70 -0.202201792643256 1.7893e-07
71 -0.202201792531126 1.60036e-07
72 -0.202201792531124 1.48755e-07
73 -0.201844351782436 1.93912e-07
74 -0.201844351782429 1.69122e-07
75 -0.201536893542561 1.36749e-07
76 -0.201446062377813 1.79994e-07
77 -0.201446062377804 1.73756e-07
78 -0.201446062371787 1.64399e-07
79 -0.201245599220732 1.62851e-07
80 -0.20124559922072 1.61611e-07
81 -0.201149273696204 1.75168e-07
82 -0.201149273551485 1.82824e-07
83 -0.201149273551484 1.54723e-07
84 -0.200940606274326 1.59144e-07
85 -0.200940606274316 1.46618e-07
86 -0.200940606258512 1.56307e-07
87 -0.200187605941091 1.81185e-07
88 -0.200187605925975 1.97071e-07
89 -0.20018760592597 2.03872e-07
90 -0.136401481945146 4.65661e-08
91 -0.134661628570711 6.14391e-08
92 -0.134661627389617 5.7922e-08
93 -0.134661627389604 3.22081e-08
94 -0.13454210360324 3.53412e-08
95 -0.133103058094367 7.41089e-08
96 -0.133056763521539 4.20644e-08
97 -0.133056760812574 5.96337e-08
98 -0.133056760812548 8.53571e-09
99 -0.131288709452025 1.30438e-07
100 -0.131288691714845 1.19862e-07
101 -0.13128869171483 1.18713e-07
102 -0.131134011993697 9.08696e-08
103 -0.130339590621565 1.1051e-07
104 -0.130334680067532 5.87841e-08
105 -0.130334680067518 3.00106e-07
106 -0.12987317830302 1.61353e-07
107 -0.12987317807791 8.15958e-08
108 -0.129873178077888 1.92412e-07
109 -0.129146304171956 5.50156e-07
110 -0.129146297327622 1.92755e-07
111 -0.129146297327611 2.15158e-07
112 -0.128977161777148 1.53926e-06
113 -0.128834615666954 1.9524e-07
114 -0.128834615472195 2.17212e-07
115 -0.128834615472178 6.12969e-07
116 -0.128748264317468 1.69152e-07
117 -0.128748264317459 4.18681e-07
118 -0.128700722370205 1.85976e-07
119 -0.12760836450246 1.06442e-06
120 -0.127608364502452 4.18055e-07
121 -0.127400466513139 2.36042e-07
122 -0.127400466379946 5.57158e-07
123 -0.12740046637994 3.82355e-07
124 -0.127319322589372 4.53526e-07
125 -0.1273193223483 2.76839e-07
126 -0.127319322348295 6.75958e-07
127 -0.126979698024994 2.16756e-07
128 -0.126979698024979 2.71231e-07
129 -0.126979697867586 3.32251e-07
130 -0.126661229370136 2.92661e-07
131 -0.126661224134433 3.6863e-07
132 -0.126661224134422 2.70372e-07
133 -0.12663322037027 3.41149e-07
134 -0.126238907098864 2.70872e-07
135 -0.126238907098857 5.6116e-07
136 -0.126238906792448 1.10408e-06
137 -0.126236093526113 1.00838e-06
138 -0.126236093273835 9.20541e-07
139 -0.126236093273826 6.5443e-07
140 -0.125529853146535 9.10235e-07
141 -0.125529853146508 1.78538e-06
142 -0.125299447527741 3.20646e-07
143 -0.125299447527719 1.41842e-06
144 -0.125299444592849 6.49227e-07
145 -0.125289526261369 7.65937e-07
146 -0.12524601728482 1.04632e-06
147 -0.125246016152651 9.90812e-07
148 -0.125246016152638 8.33479e-07
149 -0.125220564997709 1.30918e-06
