0 -0.211619703781199 2.48288e-06
1 -0.211619703777593 3.6212e-07
2 -0.211211562478838 2.28719e-07
3 -0.211204792968346 3.00227e-07
4 -0.211204791113585 2.0795e-07
5 -0.211204791102212 6.06891e-07
6 -0.211191863620193 3.94441e-07
7 -0.211191861304862 2.13612e-07
8 -0.211191861229093 2.64561e-07
9 -0.210882238330684 2.01217e-07
10 -0.210630136670544 1.88413e-07
11 -0.210630136589956 1.69899e-07
12 -0.210523406811556 3.20516e-07
13 -0.21052340681152 2.32271e-07
14 -0.210278284255136 1.51528e-07
15 -0.210278284139533 1.7747e-07
16 -0.210278277025378 2.16756e-07
17 -0.210023359765594 1.49081e-07
18 -0.21002335559779 1.49662e-07
19 -0.210023355574027 2.17635e-07
20 -0.209510313970256 6.84075e-07
21 -0.209510311129452 1.5031e-07
22 -0.209510311125909 2.62534e-07
23 -0.209325386742851 2.0866e-06
24 -0.209256322171866 3.00354e-07
25 -0.209256322156626 4.18735e-07
26 -0.209209593793864 2.85015e-07
27 -0.209209590144493 8.99027e-07
28 -0.209209590133547 6.6184e-07
29 -0.209143744620489 2.72863e-07
30 -0.209143744600554 1.56839e-07
31 -0.209143744151716 2.16676e-07
32 -0.209102900395173 1.86265e-07
33 -0.209102895757223 3.23168e-07
34 -0.20910289571932 7.86292e-08
35 -0.208659560106896 3.27953e-08
36 -0.208659560101062 1.08033e-07
37 -0.208659560006014 3.95127e-08
38 -0.208364440681091 1.91409e-07
39 -0.208364440596297 1.39412e-07
40 -0.207994654701449 7.71594e-08
41 -0.207394516119384 3.26893e-08
42 -0.207394514992007 9.4867e-08
43 -0.20739451496233 1.10917e-07
44 -0.20717329412559 9.53412e-08
45 -0.207173294100138 1.03574e-07
46 -0.207173290694192 7.31903e-08
47 -0.207155653318939 4.3284e-08
48 -0.20715565331745 5.02569e-08
49 -0.206887368195263 1.08514e-07
50 -0.206887367076791 9.71437e-08
51 -0.206887367056895 5.78321e-08
52 -0.206570079071691 5.61889e-08
53 -0.206570079023238 8.99486e-08
54 -0.206570078406171 2.38535e-08
55 -0.206214802634878 3.56345e-08
56 -0.206214802631637 7.18508e-08
57 -0.206214802474417 1.43194e-07
58 -0.205850457693277 1.39885e-07
59 -0.205777283375129 8.75245e-08
60 -0.205777282592331 1.19529e-07
61 -0.205777282561504 3.08323e-08
62 -0.205234954017984 1.57258e-07
63 -0.205234953981352 1.92313e-07
64 -0.204768279345861 1.18684e-07
65 -0.204768277220791 9.92984e-08
66 -0.204768277167786 1.31735e-07
67 -0.204422551448271 1.20021e-07
68 -0.204422551430274 1.33332e-07
69 -0.204422550674313 1.16858e-07
70 -0.203713834052006 1.29343e-07
71 -0.203713834042647 1.22822e-07
72 -0.203465003340127 1.27425e-07
73 -0.203465003332828 1.0474e-07
74 -0.203465000399871 1.29584e-07
75 -0.203095768577867 1.12069e-07
76 -0.203095767511272 1.17361e-07
77 -0.203095767484998 1.22709e-07
78 -0.20254323693197 1.26632e-07
79 -0.202543236929157 1.17981e-07
80 -0.202216612654886 1.14609e-07
81 -0.202216612607585 1.28076e-07
82 -0.202216610953904 1.12779e-07
83 -0.202216184459375 8.12335e-08
84 -0.201780560349599 1.38413e-07
85 -0.201780560001963 1.24058e-07
86 -0.201780560000786 1.00307e-07
87 -0.201119059721125 1.3126e-07
88 -0.201119059707531 1.29155e-07
89 -0.20111905904405 1.07001e-07
90 -0.133976350461823 4.31234e-08
91 -0.132639467061328 4.84288e-08
92 -0.132639451837713 2.69923e-08
93 -0.132639451821971 3.10565e-08
94 -0.132609955441344 3.09446e-08
95 -0.130621296152799 1.5584e-08
96 -0.130621276472408 3.11123e-08
97 -0.130621276457854 3.35793e-08
98 -0.130498631888612 3.04928e-08
99 -0.129044512507799 1.85331e-08
100 -0.129044512482026 4.51283e-08
101 -0.128954170786366 4.76342e-08
102 -0.128227747261609 1.31709e-08
103 -0.128227649766012 4.05954e-08
104 -0.128227649696065 2.30396e-08
105 -0.12815492576576 1.58051e-08
106 -0.128154901200359 1.74732e-08
107 -0.128154901177287 3.09446e-08
108 -0.127831960456039 3.29009e-08
109 -0.126513568044514 3.49463e-08
110 -0.126513568038012 4.03812e-08
111 -0.126408065683273 1.02021e-08
112 -0.125345615011415 3.26362e-08
113 -0.12534559635631 1.79627e-08
114 -0.12534559630947 3.88039e-08
115 -0.124815012123248 3.88709e-08
116 -0.124756351694459 1.75227e-08
117 -0.124756350862229 2.92144e-08
118 -0.124756350631508 2.13189e-08
119 -0.124237820628202 5.58794e-09
120 -0.124237819354595 2.30396e-08
121 -0.124237819352344 2.56071e-08
122 -0.123910377044181 4.13994e-08
123 -0.12391037695543 2.19997e-08
124 -0.123910374009114 1.11759e-08
125 -0.123618373304584 8.22522e-09
126 -0.123618370468814 5.00667e-08
127 -0.123618370454845 4.08085e-08
128 -0.123248762646207 2.70565e-08
129 -0.123248762632198 5.74408e-08
130 -0.123247804233535 4.60039e-08
131 -0.12324780421846 1.92674e-08
132 -0.123247799445525 1.98002e-08
133 -0.123226432501376 2.50247e-08
134 -0.123226432492712 2.13189e-08
135 -0.123226432489034 4.30025e-08
136 -0.122200861798575 6.23639e-08
137 -0.122200849124838 4.7287e-08
138 -0.122200849113697 5.28151e-08
139 -0.122123529664169 6.88927e-08
140 -0.122123529660286 3.99493e-08
141 -0.122123509638336 6.39161e-08
142 -0.122074095129689 6.20012e-08
143 -0.121812946693619 3.95785e-08
144 -0.121812932695276 4.63795e-08
145 -0.121812932681256 5.75615e-08
146 -0.121444590566092 5.84882e-08
147 -0.121444590559559 6.36442e-08
148 -0.121394709524474 9.81828e-08
149 -0.120706448024903 1.06717e-07
