0 -0.189405328654211 3.97394e-07
1 -0.189379484219856 4.21617e-07
2 -0.188991854984285 3.48598e-07
3 -0.188991851803004 3.22544e-07
4 -0.188991844336834 2.88367e-07
5 -0.18867050723117 3.05871e-07
6 -0.188670500143228 3.05451e-07
7 -0.188670487383449 2.68402e-07
8 -0.188587351173186 3.07568e-07
9 -0.188587340940566 2.66911e-07
10 -0.188506022581688 2.83355e-07
11 -0.188506002553093 3.00042e-07
12 -0.188505983175 2.7109e-07
13 -0.187849276528547 2.11507e-07
14 -0.187849220084898 2.61833e-07
15 -0.187849194788222 2.65098e-07
16 -0.187713211795063 2.12293e-07
17 -0.187713203975617 2.04959e-07
18 -0.187713189003204 2.45869e-07
19 -0.187497863238077 2.17842e-07
20 -0.187497734319123 2.012e-07
21 -0.187128424352881 1.73456e-07
22 -0.187128292252394 1.16173e-07
23 -0.187128154332871 2.44908e-07
24 -0.187076783038751 1.22113e-07
25 -0.187076732667083 1.95569e-07
26 -0.187076696213023 2.02541e-07
27 -0.186516754232941 5.30118e-08
28 -0.186516748275723 2.10734e-08
29 -0.186516742686291 2.63418e-09
30 -0.185925709765232 1.24142e-07
31 -0.18592569729808 1.00824e-07
32 -0.18578568966631 1.16947e-07
33 -0.185785685582724 2.07415e-08
34 -0.185785670594365 1.2031e-07
35 -0.185780435775918 5.4877e-08
36 -0.185780372993652 5.24856e-08
37 -0.185780348589191 1.09056e-07
38 -0.185351904663876 1.22765e-07
39 -0.185260030849737 1.29102e-07
40 -0.185260012142849 1.17627e-07
41 -0.184838660294618 1.09659e-07
42 -0.184838586193707 1.3491e-07
43 -0.184838476641475 1.76588e-07
44 -0.184637751266838 1.66079e-07
45 -0.184610328743201 1.66933e-07
46 -0.184610299710348 1.66642e-07
47 -0.184610263942851 1.64019e-07
48 -0.184490534191344 1.40083e-07
49 -0.183933180031725 1.69163e-07
50 -0.183933173142156 1.80282e-07
51 -0.183933155792594 1.61095e-07
52 -0.183644946665655 1.34421e-07
53 -0.183644927994203 1.44904e-07
54 -0.183644901764654 1.42075e-07
55 -0.182599599045902 1.49291e-07
56 -0.182599582189639 1.59188e-07
57 -0.182599575340122 1.68855e-07
58 -0.182466750445036 1.5862e-07
59 -0.182466700864167 1.46712e-07
60 -0.182286058973898 1.65514e-07
61 -0.182286031077323 1.5706e-07
62 -0.182285987960338 1.50009e-07
63 -0.182147310828191 1.50148e-07
64 -0.18209805405019 1.79395e-07
65 -0.182098038365348 1.61331e-07
66 -0.182098029086083 1.78795e-07
67 -0.180799496611331 1.68299e-07
68 -0.18079948087869 1.64673e-07
69 -0.180793328297645 1.21086e-07
70 -0.180793310352863 1.90973e-07
71 -0.180793280656177 1.62723e-07
72 -0.180246308147087 1.45119e-07
73 -0.180246302211095 1.31656e-07
74 -0.180246263795163 1.62189e-07
75 -0.180077745391231 1.41291e-07
76 -0.179118941593863 1.83506e-07
77 -0.179118931581962 1.72755e-07
78 -0.179118904882429 1.79936e-07
79 -0.178982852333258 1.42562e-07
80 -0.178982806497462 1.57809e-07
81 -0.178982725086094 1.19558e-07
82 -0.177989949253568 1.59188e-07
83 -0.177989925840243 4.26379e-08
84 -0.177395211013798 3.70662e-08
85 -0.177395208486632 8.83923e-08
86 -0.177395177162447 1.83071e-07
87 -0.176086896409854 1.85115e-07
88 -0.17608688944521 8.44376e-08
89 -0.176086877075561 1.92304e-07
90 -0.113068263975009 8.07838e-08
91 -0.104392495961037 9.19985e-08
92 -0.104375872212436 9.03047e-08
93 -0.104375860251409 9.10984e-08
94 -0.104375851610628 8.55196e-08
95 -0.103462864329543 7.24159e-08
96 -0.103462855183522 8.7673e-08
97 -0.103462846162718 6.9432e-08
98 -0.101105152080729 8.89108e-08
99 -0.10092603123956 8.87937e-08
100 -0.100926024696003 8.73658e-08
101 -0.100926017611647 8.80088e-08
102 -0.0979377039470828 4.53966e-08
103 -0.0977677423733957 1.23855e-07
104 -0.0977677364237613 5.81909e-08
105 -0.0977677272471985 1.15821e-07
106 -0.0960724207720003 2.20391e-08
107 -0.0958236181429358 5.08915e-08
108 -0.0958236062839036 2.31897e-08
109 -0.0958236029209735 7.30717e-08
110 -0.0957989637085673 4.46064e-08
111 -0.0957989495187881 4.91046e-08
112 -0.0954991595767184 4.00793e-08
113 -0.0954991478746429 7.84525e-08
114 -0.0953870325587525 6.56037e-08
115 -0.0953870301256557 7.89595e-08
116 -0.0953870223662333 2.43928e-08
117 -0.094999876635091 4.35038e-08
118 -0.0946502749063605 3.79678e-08
119 -0.0946502584364613 1.99312e-08
120 -0.0946502442018261 6.06433e-08
121 -0.0941007513569109 7.42726e-08
122 -0.094100742052332 8.22205e-08
123 -0.0941007258550293 7.42726e-08
124 -0.0939095619417942 8.95911e-08
125 -0.0934998211017932 8.54891e-08
126 -0.0934998103741718 6.76733e-08
127 -0.0934998051270932 7.03996e-08
128 -0.0924144954398406 1.40349e-07
129 -0.0924144678529437 1.04814e-07
130 -0.0919910243989184 1.43484e-07
131 -0.0919489400671598 1.8084e-07
132 -0.0919489342237599 1.3862e-07
133 -0.0914538294753932 1.58877e-07
134 -0.0914538248885637 1.70496e-07
135 -0.0914538192537516 4.19966e-07
136 -0.0910734090184512 6.38434e-07
137 -0.0910733852615925 4.39418e-07
138 -0.0910733689012186 4.82448e-07
139 -0.0909683471877804 4.69983e-07
140 -0.0909683238763989 2.78884e-07
141 -0.090968310737649 2.83165e-07
142 -0.0905934287531844 3.37869e-07
143 -0.0902761246267944 1.2613e-06
144 -0.0902761124461646 9.54926e-07
145 -0.0898677415361095 1.13554e-06
146 -0.0898677330550697 4.71389e-06
147 -0.0898677302630627 1.51257e-06
148 -0.0897097252908867 2.29854e-05
149 -0.0897097110553386 8.28637e-06
