0 -0.240032358315553 0.000176015
1 -0.239867170352432 0.000224495
2 -0.239855222632683 0.000673766
3 -0.239851380420866 0.000568603
4 -0.239747022622125 0.000578528
5 -0.239744675313641 0.000209527
6 -0.239742854244622 0.00127677
7 -0.239704409447118 0.000592323
8 -0.239700148143836 0.00206509
9 -0.239694988484161 0.00201371
10 -0.239605813634578 0.00178393
11 -0.239588966979474 0.000411477
12 -0.239588193365583 0.00037487
13 -0.239526662790545 0.000258365
14 -0.239523472146096 0.00022703
15 -0.239391871579364 0.00011247
16 -0.239386662953141 0.000222649
17 -0.239264908836572 7.29513e-05
18 -0.239260643731962 3.71879e-05
19 -0.239175183823197 0.000245336
20 -0.239172159037603 0.000101178
21 -0.23905120357086 0.000323733
22 -0.239050244972187 3.74126e-05
23 -0.239047965576252 0.000269296
24 -0.238876238224235 5.16016e-05
25 -0.238875437772878 0.00035968
26 -0.238650186652874 2.5429e-05
27 -0.238646339427161 0.000157572
28 -0.238619181044571 5.38935e-05
29 -0.238552704674262 0.000115716
30 -0.238548278320703 5.44362e-05
31 -0.238528732604391 2.19995e-05
32 -0.238476279787151 3.55771e-05
33 -0.238456596760798 3.31619e-05
34 -0.238454888077873 5.67949e-05
35 -0.238294857979978 2.8954e-05
36 -0.238227907003261 1.93437e-05
37 -0.238224331863877 6.80976e-05
38 -0.23805170493937 2.41324e-05
39 -0.238049504195239 1.72764e-05
40 -0.237962884791357 1.56891e-05
41 -0.237943077218045 1.67077e-05
42 -0.237934919668632 1.37305e-05
43 -0.237928775477261 1.76568e-05
44 -0.237847234061037 1.67393e-05
45 -0.237779083339285 6.73239e-06
46 -0.237777104566044 1.45089e-05
47 -0.237531631478969 8.07803e-06
48 -0.237524677836467 7.17763e-06
49 -0.237503806248211 7.2122e-06
50 -0.237435980939058 4.68246e-06
51 -0.237399795421112 3.46559e-06
52 -0.237394932339608 6.62152e-06
53 -0.237199462575646 7.35677e-06
54 -0.237158217335495 6.57141e-06
55 -0.23715232242691 2.55504e-06
56 -0.237135925079574 4.88182e-06
57 -0.236949707402917 3.38421e-06
58 -0.236917089794774 3.59953e-06
59 -0.236913072181274 3.61934e-06
60 -0.236651742532755 1.97412e-05
61 -0.23658479727336 1.59386e-05
62 -0.236488627780531 3.12857e-05
63 -0.236488018588024 2.35207e-06
64 -0.236475052668956 3.80696e-05
65 -0.236374235224667 6.95745e-05
66 -0.236368915078197 1.86119e-05
67 -0.235999708787057 4.20412e-06
68 -0.235999597076465 1.5654e-06
69 -0.235981473269256 1.834e-06
70 -0.235956431847331 4.96831e-06
71 -0.235882831702256 9.72233e-07
72 -0.235879326541497 4.21003e-06
73 -0.235806564430942 9.23895e-07
74 -0.235806046120187 1.8155e-06
75 -0.235433203980527 7.32595e-07
76 -0.235428557229554 5.97552e-07
77 -0.234938683441585 8.92201e-07
78 -0.234934416505614 4.89263e-07
79 -0.234851371195533 5.87392e-07
80 -0.234608319128839 5.17668e-07
81 -0.234607021651109 4.40286e-07
82 -0.234513537658115 4.41168e-07
83 -0.23412151699179 3.06449e-07
84 -0.233934921615842 3.48559e-07
85 -0.233532511332657 4.93696e-07
86 -0.233532265893688 2.4601e-07
87 -0.23346697073323 3.45268e-07
88 -0.23314764495181 4.07841e-06
89 -0.23314519290649 4.333e-06
90 -0.156623984073062 9.40405e-08
91 -0.148628257612006 1.19267e-08
92 -0.148622288474685 4.07234e-08
93 -0.148404599535857 2.04891e-08
94 -0.140526032544701 6.20571e-08
95 -0.140122600136332 2.1642e-08
96 -0.140111472702819 5.17869e-08
97 -0.139308160475294 4.90339e-08
98 -0.13930775017385 2.64076e-08
99 -0.136299993642152 2.62758e-08
100 -0.132831128033653 1.19267e-08
101 -0.132018752361199 2.20391e-08
102 -0.132004393110553 3.66899e-08
103 -0.13033289817566 5.8902e-09
104 -0.130057586014467 4.18992e-08
105 -0.129816914770696 3.62618e-08
106 -0.129814726949857 2.28127e-08
107 -0.12594179513909 1.13055e-07
108 -0.125934287862362 6.47922e-08
109 -0.125871728143293 3.42443e-08
110 -0.123486829406135 5.87103e-08
111 -0.123460934033222 9.72151e-08
112 -0.122298259954641 1.7291e-07
113 -0.122281352183287 1.5927e-07
114 -0.122083318800157 3.4322e-07
115 -0.122083080414991 4.93538e-07
116 -0.12186312415123 1.3976e-07
117 -0.121810838451767 4.63234e-08
118 -0.119097186767571 1.50004e-07
119 -0.118050004604109 1.35794e-07
120 -0.116281215209353 2.46644e-07
121 -0.116267819563481 5.81254e-07
122 -0.115497631939071 3.19274e-07
123 -0.115492461362376 1.90514e-07
124 -0.115015753063239 2.79958e-07
125 -0.113920047263192 2.84232e-07
126 -0.113915724567372 2.00379e-07
127 -0.113634593122892 5.43177e-07
128 -0.113479426392969 5.28586e-07
129 -0.113476985350556 2.54004e-07
130 -0.112740197464381 5.26842e-07
131 -0.112735636021155 3.80734e-07
132 -0.112201812154432 6.60815e-07
133 -0.111787934310591 8.65731e-07
134 -0.111253930763979 1.19557e-06
135 -0.111251059663113 1.30596e-06
136 -0.10912514331189 3.077e-06
137 -0.10881239737185 2.51281e-06
138 -0.108366698880447 4.62855e-06
139 -0.10835200584612 5.47147e-06
140 -0.107619080708198 8.09245e-06
141 -0.106042726208186 2.94008e-05
142 -0.106025558809848 5.75381e-05
143 -0.10586567192224 3.23249e-05
144 -0.104949168703273 8.13418e-05
145 -0.104930781856378 5.82713e-05
146 -0.104866060102158 8.88642e-05
147 -0.104216124271811 9.6881e-05
148 -0.10420932073516 6.00176e-05
149 -0.104095938432517 0.000105703
