0 -0.23960019102638 0.00437474
1 -0.230773139174261 0.000592881
2 -0.230773127185231 0.000726515
3 -0.226109723960464 3.75363e-06
4 -0.226109723944323 5.21214e-05
5 -0.226109716531912 9.23635e-06
6 -0.225994515647518 3.69742e-05
7 -0.222576346025577 3.88602e-07
8 -0.222576346025554 1.00108e-06
9 -0.222576343746013 4.6022e-07
10 -0.217685413930065 9.85619e-09
11 -0.217685413828265 6.7365e-08
12 -0.217685413828262 7.09274e-08
13 -0.216468669702927 6.92944e-08
14 -0.216468667274823 1.4428e-08
15 -0.216468667274819 2.99185e-08
16 -0.213336893467758 4.06381e-08
17 -0.213336893467753 2.29642e-08
18 -0.207012696128405 1.97124e-08
19 -0.207012696128399 3.67843e-08
20 -0.207012695075416 1.4428e-08
21 -0.200489667631097 8.73658e-09
22 -0.200489667631095 2.34131e-08
23 -0.200489658813999 2.68635e-08
24 -0.0904644527981786 8.8353e-09
25 -0.0769967636260471 3.2262e-09
26 -0.0744551398974945 7.84746e-09
27 -0.0744551340533764 1.23202e-08
28 -0.07445513405337 1.27015e-08
29 -0.06921899891605 9.60798e-08
30 -0.0692189989160445 5.49638e-08
31 -0.0692184784563068 1.32202e-07
32 -0.0637004197418829 3.9215e-06
33 -0.0625977234793278 8.26988e-06
34 -0.0625977234731153 9.4956e-06
35 -0.0605292860520338 1.6428e-05
36 -0.0605292860241021 2.77484e-05
37 -0.0605292289462509 2.86073e-05
38 -0.0586201090077473 0.000145946
39 -0.0586201078558226 0.000163649
40 -0.049088950793863 0.00871608
41 -0.0490871599054601 0.00934449
