163
As -13.36950901 -2.68325973  2.68325973
As -8.01891995 -8.01891995  2.66307745
Ga -10.68649495 -5.34482540  5.34482540
As -8.01891995 -2.66307745  8.01891995
As -2.68325973 -13.36950901  2.68325973
Ga -5.34482540 -10.68649495  5.34482540
As -2.66307745 -8.01891995  8.01891995
Ga -5.34482540 -5.34482540  10.68649495
As -2.68325973 -2.68325973  13.36950901
As -13.36950901  2.68325973 -2.68325973
As -8.01404446 -8.01404446 -8.01404446
Ga -10.69191847 -5.33567912 -5.33567912
As -8.01856090 -2.66782066 -2.66782066
Ga -10.70244424 -0.00000000  0.00000000
As -8.01856090  2.66782066  2.66782066
Ga -10.69191847  5.33567912  5.33567912
As -8.01404446  8.01404446  8.01404446
Ga -5.33567912 -10.69191847 -5.33567912
As -2.66782066 -8.01856090 -2.66782066
Ga -5.34382384 -5.34382384 -0.00078521
As -2.67246939 -2.67246939  2.67246939
Ga -5.34382384  0.00078521  5.34382384
As -2.66782066  2.66782066  8.01856090
Ga -5.33567912  5.33567912  10.69191847
As  2.68325973 -13.36950901 -2.68325973
Ga -0.00000000 -10.70244424  0.00000000
As  2.66782066 -8.01856090  2.66782066
Ga  0.00078521 -5.34382384  5.34382384
As  2.66782066 -2.66782066  8.01856090
Ga  0.00000000 -0.00000000  10.70244424
As  2.68325973  2.68325973  13.36950901
Ga  5.33567912 -10.69191847  5.33567912
As  8.01404446 -8.01404446  8.01404446
Ga  5.33567912 -5.33567912  10.69191847
As -8.01891995  2.66307745 -8.01891995
Ga -10.68649495  5.34482540 -5.34482540
As -8.01891995  8.01891995 -2.66307745
Ga -5.33567912 -5.33567912 -10.69191847
As -2.66782066 -2.66782066 -8.01856090
Ga -5.34382384 -0.00078521 -5.34382384
As -2.67246939  2.67246939 -2.67246939
Ga -5.34382384  5.34382384  0.00078521
As -2.66782066  8.01856090  2.66782066
Ga -5.33567912  10.69191847  5.33567912
As  2.66307745 -8.01891995 -8.01891995
Ga -0.00078521 -5.34382384 -5.34382384
As  2.67246939 -2.67246939 -2.67246939
Ga -0.00000000 -0.00000000 -0.00000000
As  2.67246939  2.67246939  2.67246939
Ga -0.00078521  5.34382384  5.34382384
As  2.66307745  8.01891995  8.01891995
Ga  5.34482540 -10.68649495 -5.34482540
As  8.01891995 -8.01891995 -2.66307745
Ga  5.34382384 -5.34382384  0.00078521
As  8.01856090 -2.66782066  2.66782066
Ga  5.34382384 -0.00078521  5.34382384
As  8.01891995  2.66307745  8.01891995
Ga  5.34482540  5.34482540  10.68649495
Ga  10.69191847 -5.33567912  5.33567912
As -2.68325973  2.68325973 -13.36950901
Ga -5.34482540  5.34482540 -10.68649495
As -2.66307745  8.01891995 -8.01891995
Ga -5.34482540  10.68649495 -5.34482540
As -2.68325973  13.36950901 -2.68325973
As  2.68325973 -2.68325973 -13.36950901
Ga  0.00000000  0.00000000 -10.70244424
As  2.66782066  2.66782066 -8.01856090
Ga  0.00078521  5.34382384 -5.34382384
As  2.66782066  8.01856090 -2.66782066
Ga -0.00000000  10.70244424 -0.00000000
As  2.68325973  13.36950901  2.68325973
Ga  5.34482540 -5.34482540 -10.68649495
As  8.01891995 -2.66307745 -8.01891995
Ga  5.34382384  0.00078521 -5.34382384
As  8.01856090  2.66782066 -2.66782066
Ga  5.34382384  5.34382384 -0.00078521
As  8.01891995  8.01891995  2.66307745
Ga  5.34482540  10.68649495  5.34482540
Ga  10.68649495 -5.34482540 -5.34482540
As  13.36950901 -2.68325973 -2.68325973
Ga  10.70244424 -0.00000000  0.00000000
As  13.36950901  2.68325973  2.68325973
Ga  10.68649495  5.34482540  5.34482540
Ga  5.33567912  5.33567912 -10.69191847
As  8.01404446  8.01404446 -8.01404446
Ga  5.33567912  10.69191847 -5.33567912
Ga  10.69191847  5.33567912 -5.33567912
P2 -14.04120739 -3.34960073  2.01634419
P2 -14.04120739 -2.01634419  3.34960073
P2 -8.82087620 -8.82087620  1.85707239
P1 -12.16454319 -6.81014161  6.81014161
P2 -8.82087620 -1.85707239  8.82087620
P2 -3.34960073 -14.04120739  2.01634419
P2 -2.01634419 -14.04120739  3.34960073
P1 -6.81014161 -12.16454319  6.81014161
P2 -1.85707239 -8.82087620  8.82087620
P1 -6.81014161 -6.81014161  12.16454319
P2 -3.34960073 -2.01634419  14.04120739
P2 -2.01634419 -3.34960073  14.04120739
P2 -14.04120739  2.01634419 -3.34960073
P2 -14.04120739  3.34960073 -2.01634419
P2 -8.81780350 -8.81780350 -8.81780350
P1 -12.17025772 -6.80322993 -3.87052921
P1 -12.17025772 -3.87052921 -6.80322993
P1 -12.17025772  3.87052921  6.80322993
P1 -12.17025772  6.80322993  3.87052921
P2 -8.81780350  8.81780350  8.81780350
P1 -6.80322993 -12.17025772 -3.87052921
P1 -3.87052921 -12.17025772 -6.80322993
P1 -6.80322993  3.87052921  12.17025772
P1 -3.87052921  6.80322993  12.17025772
P2  2.01634419 -14.04120739 -3.34960073
P2  3.34960073 -14.04120739 -2.01634419
P2  2.01634419  3.34960073  14.04120739
P2  3.34960073  2.01634419  14.04120739
P1  3.87052921 -12.17025772  6.80322993
P1  6.80322993 -12.17025772  3.87052921
P2  8.81780350 -8.81780350  8.81780350
P1  3.87052921 -6.80322993  12.17025772
P1  6.80322993 -3.87052921  12.17025772
P2 -8.82087620  1.85707239 -8.82087620
P1 -12.16454319  6.81014161 -6.81014161
P2 -8.82087620  8.82087620 -1.85707239
P1 -6.80322993 -3.87052921 -12.17025772
P1 -3.87052921 -6.80322993 -12.17025772
P1 -6.80322993  12.17025772  3.87052921
P1 -3.87052921  12.17025772  6.80322993
P2  1.85707239 -8.82087620 -8.82087620
P2  1.85707239  8.82087620  8.82087620
P1  6.81014161 -12.16454319 -6.81014161
P2  8.82087620 -8.82087620 -1.85707239
P2  8.82087620  1.85707239  8.82087620
P1  6.81014161  6.81014161  12.16454319
P1  12.17025772 -6.80322993  3.87052921
P1  12.17025772 -3.87052921  6.80322993
P2 -3.34960073  2.01634419 -14.04120739
P2 -2.01634419  3.34960073 -14.04120739
P1 -6.81014161  6.81014161 -12.16454319
P2 -1.85707239  8.82087620 -8.82087620
P1 -6.81014161  12.16454319 -6.81014161
P2 -3.34960073  14.04120739 -2.01634419
P2 -2.01634419  14.04120739 -3.34960073
P2  2.01634419 -3.34960073 -14.04120739
P2  3.34960073 -2.01634419 -14.04120739
P2  2.01634419  14.04120739  3.34960073
P2  3.34960073  14.04120739  2.01634419
P1  6.81014161 -6.81014161 -12.16454319
P2  8.82087620 -1.85707239 -8.82087620
P2  8.82087620  8.82087620  1.85707239
P1  6.81014161  12.16454319  6.81014161
P1  12.16454319 -6.81014161 -6.81014161
P2  14.04120739 -3.34960073 -2.01634419
P2  14.04120739 -2.01634419 -3.34960073
P2  14.04120739  2.01634419  3.34960073
P2  14.04120739  3.34960073  2.01634419
P1  12.16454319  6.81014161  6.81014161
P1  3.87052921  6.80322993 -12.17025772
P1  6.80322993  3.87052921 -12.17025772
P2  8.81780350  8.81780350 -8.81780350
P1  3.87052921  12.17025772 -6.80322993
P1  6.80322993  12.17025772 -3.87052921
P1  12.17025772  3.87052921 -6.80322993
P1  12.17025772  6.80322993 -3.87052921
