0 0.92201214 0.10450899  0.11845835  0.347145031701  0.032010325766  0.470951022142
1 0.92370676 0.10450917  0.11889439  0.050077983691  0.801536232718  0.001619957075
2 0.93288358 0.10452346  0.12128509  0.463028494002  0.020318363864  0.386924910283
3 0.00144351 0.10955488  0.00000030  0.000000916914  0.000000001185  0.000001165625
4 0.00034588 0.10955741  0.00000002  0.000000034338  0.000000050273  0.000000035023
5 0.00049608 0.10955763  0.00000004  0.000000053252  0.000000013148  0.000000179695
6 0.01070030 0.11647601  0.00001778  0.000000291064  0.000113224514  0.000000980750
7 0.01078524 0.11647617  0.00001806  0.000049353695  0.000001266203  0.000065701443
8 0.01085395 0.11647723  0.00001830  0.000068234095  0.000000069302  0.000049504839
9 0.00675586 0.11725974  0.00000714  0.000002638878  0.000038217792  0.000004785001
10 0.00475487 0.11728898  0.00000354  0.000011794518  0.000000209799  0.000010604508
11 0.00092755 0.11888026  0.00000014  0.000000349567  0.000000000069  0.000000510714
12 0.00035230 0.11888202  0.00000002  0.000000049283  0.000000028615  0.000000046218
13 0.00042738 0.11888289  0.00000003  0.000000046729  0.000000012640  0.000000123289
14 0.00016807 0.11930527  0.00000000  0.000000001596  0.000000026619  0.000000000034
15 0.00006616 0.11931051  0.00000000  0.000000003921  0.000000000258  0.000000000198
16 0.10168176 0.11937291  0.00164562  0.006286178356  0.000001311759  0.004051690253
17 0.10516005 0.11938148  0.00176026  0.003840767821  0.001443016279  0.005774852604
18 0.10292559 0.11938472  0.00168630  0.000722325408  0.008930021314  0.000941330182
19 0.00251027 0.11947105  0.00000100  0.000002292791  0.000000008973  0.000003999683
20 0.00116094 0.11947692  0.00000021  0.000000319531  0.000000007411  0.000001020840
21 0.00086713 0.11947714  0.00000012  0.000000056373  0.000000299927  0.000000395613
22 0.00663443 0.11971348  0.00000703  0.000000801241  0.000042099652  0.000001114824
23 0.23782648 0.12096539  0.00912264  0.024384832545  0.000003772491  0.032172830900
24 0.23661470 0.12096561  0.00902992  0.000059493597  0.055853765257  0.000073258429
25 0.23628756 0.12096721  0.00900509  0.031767314873  0.000131391350  0.023933106237
26 0.00041704 0.12307397  0.00000003  0.000000050385  0.000000000420  0.000000123120
27 0.00019149 0.12309510  0.00000001  0.000000003014  0.000000026986  0.000000006669
28 0.00054323 0.12309703  0.00000005  0.000000117976  0.000000002022  0.000000175097
29 0.00105179 0.12392483  0.00000018  0.000000509305  0.000000000162  0.000000596793
30 0.00095934 0.12392911  0.00000015  0.000000208091  0.000000000032  0.000000712214
31 0.00030593 0.12393158  0.00000002  0.000000004089  0.000000087238  0.000000002265
32 0.10785786 0.12463761  0.00193327  0.006681799235  0.000000920791  0.004950597247
33 0.10729298 0.12463957  0.00191310  0.001028643951  0.009017038382  0.001466101541
34 0.10995563 0.12464052  0.00200925  0.004212778909  0.002422666246  0.005454795361
35 0.01362840 0.12464527  0.00003087  0.000001065766  0.000181756856  0.000002910798
36 0.00080718 0.12465990  0.00000011  0.000000054952  0.000000432485  0.000000164107
37 0.00280469 0.12486463  0.00000131  0.000000331761  0.000007024856  0.000000509698
38 0.00002610 0.12541727  0.00000000  0.000000000049  0.000000000002  0.000000000630
39 0.00009227 0.12545710  0.00000000  0.000000000740  0.000000000370  0.000000007404
40 0.00005640 0.12546394  0.00000000  0.000000001362  0.000000001676  0.000000000142
41 0.00036886 0.12546413  0.00000002  0.000000062250  0.000000002337  0.000000071474
42 0.00035030 0.12576028  0.00000002  0.000000081816  0.000000000413  0.000000040481
43 0.00065570 0.12576092  0.00000007  0.000000114222  0.000000001163  0.000000314555
44 0.00020787 0.12576265  0.00000001  0.000000001038  0.000000041944  0.000000000228
45 0.00483042 0.12579980  0.00000391  0.000000219747  0.000022799706  0.000000313527
46 0.00134109 0.12580615  0.00000030  0.000000894247  0.000000035731  0.000000868543
47 0.17732743 0.12611537  0.00528760  0.000001364339  0.031416899946  0.000026752941
48 0.17898426 0.12611814  0.00538699  0.007856825460  0.000034096999  0.024144442406
49 0.17584387 0.12612045  0.00519970  0.023592767646  0.000001648742  0.007326648720
50 0.00001982 0.12831110  0.00000000  0.000000000336  0.000000000035  0.000000000022
51 0.00358218 0.12921352  0.00000221  0.000000040678  0.000012699820  0.000000091524
52 0.00069536 0.12921552  0.00000008  0.000000196281  0.000000082466  0.000000204774
53 0.45086909 0.12964393  0.03513920  0.096089373317  0.000135134161  0.107058430307
54 0.44856521 0.12964549  0.03478142  0.004117092353  0.195084818105  0.002008840881
55 0.45021245 0.12965062  0.03503873  0.102997240696  0.005912373002  0.093781632644
56 0.00044224 0.13009088  0.00000003  0.000000029851  0.000000048743  0.000000116981
57 0.32295583 0.13013062  0.01809691  0.052875340915  0.000001281746  0.051423844041
58 0.32752723 0.13013577  0.01861359  0.004575194115  0.097739054770  0.004959835459
59 0.32756905 0.13014067  0.01861905  0.047955129606  0.009848601873  0.049497749734
60 0.00056818 0.13031405  0.00000006  0.000000102322  0.000000001545  0.000000218966
61 0.00025741 0.13031445  0.00000001  0.000000048692  0.000000007592  0.000000009976
62 0.00032443 0.13031526  0.00000002  0.000000032639  0.000000003453  0.000000069163
63 0.08537378 0.13078121  0.00127096  0.004144523934  0.000000037436  0.003144120122
64 0.08207436 0.13078413  0.00117465  0.002238963162  0.001499959183  0.002997278470
65 0.08159866 0.13078527  0.00116108  0.000604355228  0.005252206149  0.000801780373
66 0.00255760 0.13106264  0.00000114  0.000002286637  0.000000046797  0.000004207900
67 0.00151979 0.13106310  0.00000040  0.000001672254  0.000000191070  0.000000446435
68 0.00159115 0.13106340  0.00000044  0.000001457099  0.000000043576  0.000001031082
69 0.00096970 0.13137035  0.00000016  0.000000012169  0.000000912208  0.000000015941
70 0.00021838 0.13137401  0.00000001  0.000000028558  0.000000002111  0.000000017020
71 0.00251338 0.13206991  0.00000111  0.000002697109  0.000000002984  0.000003616964
72 0.00684539 0.13208238  0.00000825  0.000021212889  0.000002551815  0.000023094623
73 0.00206016 0.13208438  0.00000075  0.000002164902  0.000000238230  0.000001841109
74 0.04442350 0.13230175  0.00034812  0.000935182602  0.000000071245  0.001038193148
75 0.00982690 0.13230413  0.00001704  0.000046734590  0.000004428586  0.000045404729
76 0.01169646 0.13230606  0.00002413  0.000069265052  0.000009064197  0.000058477991
77 0.28375655 0.13232258  0.01420576  0.044366509952  0.000013782473  0.036137486354
78 0.28646589 0.13234040  0.01448028  0.020287752318  0.035714263594  0.026060689520
79 0.28539350 0.13234666  0.01437275  0.016309061913  0.046218963763  0.018921423679
80 0.67954456 0.13278721  0.08175811  0.242551754687  0.000060835141  0.219168217892
81 0.68103682 0.13279380  0.08212166  0.018257882717  0.422161014995  0.023392255273
82 0.68539509 0.13279946  0.08317964  0.204970760543  0.041876843557  0.222918827507
83 0.00775252 0.13295353  0.00001065  0.000000676369  0.000058819575  0.000000605560
84 0.00229076 0.13295413  0.00000093  0.000002277793  0.000000028362  0.000002941413
85 0.09111714 0.13337159  0.00147639  0.004158845561  0.000009333998  0.004134153953
86 0.06867170 0.13337707  0.00083864  0.000034904122  0.004677168206  0.000003729512
87 0.12544257 0.13338537  0.00279857  0.009762203080  0.000023325744  0.005950310535
88 0.14320550 0.13338977  0.00364738  0.006547336487  0.003971405211  0.009989074868
89 0.13704990 0.13339690  0.00334073  0.002519842896  0.013520807808  0.002742023449
90 0.02491668 0.13341800  0.00011044  0.000362374049  0.000033144805  0.000225321921
91 0.01310377 0.13342144  0.00003055  0.000103498990  0.000006906410  0.000061303429
92 0.10746743 0.13408224  0.00206473  0.006216154439  0.000001155429  0.005331939044
93 0.10486754 0.13408896  0.00196614  0.001913874228  0.006768674387  0.002314651643
94 0.10586953 0.13409155  0.00200393  0.003506152208  0.003858764366  0.003843441468
95 0.00345495 0.13422333  0.00000214  0.000002063921  0.000005506594  0.000004366158
96 0.00439436 0.13423369  0.00000346  0.000010397037  0.000000000740  0.000008912666
97 0.00111009 0.13468852  0.00000022  0.000000590636  0.000000021036  0.000000620632
98 0.00047625 0.13469874  0.00000004  0.000000126781  0.000000000828  0.000000099203
99 0.00159801 0.13470068  0.00000046  0.000001228950  0.000000075093  0.000001249583
100 0.00005019 0.13470364  0.00000000  0.000000000663  0.000000000110  0.000000001746
101 0.14238380 0.13492293  0.00364708  0.009489047347  0.000005585467  0.010778515007
102 0.14336271 0.13492383  0.00369743  0.000462378388  0.019799958292  0.000290530560
103 0.14702983 0.13492710  0.00388910  0.011000556719  0.000779637324  0.009837575415
104 0.00475940 0.13498108  0.00000408  0.000009666999  0.000000000081  0.000012984850
105 0.00159065 0.13499111  0.00000046  0.000001114803  0.000000405835  0.000001009519
106 0.00189074 0.13499348  0.00000064  0.000001128706  0.000000275365  0.000002170808
107 0.00250572 0.13549697  0.00000113  0.000002331593  0.000000136382  0.000003810672
108 0.00393351 0.13549803  0.00000280  0.000006740520  0.000000080591  0.000008651366
109 0.00093743 0.13550120  0.00000016  0.000000245440  0.000000447814  0.000000185528
110 0.00099749 0.13585265  0.00000018  0.000000029270  0.000000880976  0.000000084740
111 0.00068935 0.13585839  0.00000009  0.000000115973  0.000000043860  0.000000315368
112 0.19834241 0.13596909  0.00713198  0.000090941807  0.039058570806  0.000190197035
113 0.19659560 0.13597346  0.00700713  0.010903395017  0.000045260358  0.027701172738
114 0.20349873 0.13597602  0.00750800  0.029003847116  0.000285580507  0.012122303988
115 0.00232172 0.13652913  0.00000098  0.000002416500  0.000000012939  0.000002960956
116 0.00057382 0.13653373  0.00000006  0.000000125704  0.000000075110  0.000000128455
117 0.00042831 0.13653490  0.00000003  0.000000007205  0.000000038237  0.000000138010
118 0.06296491 0.13663025  0.00072224  0.002217090161  0.000000969333  0.001746519961
119 0.06017789 0.13663614  0.00065975  0.000003539885  0.003605602816  0.000012236152
120 0.06602939 0.13664384  0.00079433  0.001881117167  0.000000001434  0.002478761633
121 0.03877050 0.13668667  0.00027395  0.000034551807  0.001428663869  0.000039935867
122 0.00157677 0.13693544  0.00000045  0.000001475492  0.000000013908  0.000000996805
123 0.00748040 0.13694499  0.00001022  0.000000203314  0.000055412395  0.000000340673
124 0.00177513 0.13697188  0.00000058  0.000001371160  0.000001272052  0.000000507871
125 0.00063111 0.13698814  0.00000007  0.000000279464  0.000000009127  0.000000109709
126 0.00318187 0.13700352  0.00000185  0.000004260597  0.000000550248  0.000005313436
127 0.45171579 0.13758839  0.03743269  0.119976261568  0.000021977198  0.084048913002
128 0.44507596 0.13759519  0.03634212  0.068070490770  0.030608967840  0.099413151332
129 0.44374038 0.13759850  0.03612521  0.013101439718  0.166763245161  0.017040838244
130 0.01361310 0.13821401  0.00003415  0.000077069532  0.000000298000  0.000107949059
131 0.00255551 0.13823914  0.00000120  0.000003050156  0.000002395660  0.000001084830
132 0.00443346 0.13824505  0.00000362  0.000008418802  0.000004668886  0.000006567857
133 0.00449300 0.13851189  0.00000373  0.000010129767  0.000000155310  0.000009901955
134 0.01104782 0.13851318  0.00002254  0.000068035723  0.000000148705  0.000053869818
135 0.00812435 0.13851835  0.00001219  0.000024167511  0.000003773671  0.000038063955
136 0.00072781 0.13882756  0.00000010  0.000000374589  0.000000131225  0.000000023894
137 0.27532399 0.13888952  0.01403771  0.041132762086  0.000002114362  0.034668424308
138 0.28451352 0.13891968  0.01499368  0.014207824858  0.049394602837  0.017345516275
139 0.28897235 0.13893160  0.01546865  0.024267125374  0.031083993817  0.028153898358
140 0.02320834 0.13921988  0.00009998  0.000000457590  0.000534999751  0.000003169663
141 0.00487416 0.13923411  0.00000441  0.000006545178  0.000009823010  0.000007389230
142 0.00694339 0.13949517  0.00000897  0.000021932734  0.000000037621  0.000026240254
143 0.00384942 0.13953629  0.00000276  0.000003345381  0.000000210029  0.000011262601
144 0.00256257 0.13954586  0.00000122  0.000001852190  0.000002491165  0.000002223424
145 0.00013282 0.13972524  0.00000000  0.000000001084  0.000000000335  0.000000016222
146 0.00089942 0.14017290  0.00000015  0.000000383347  0.000000006383  0.000000419220
147 0.00081916 0.14018079  0.00000013  0.000000331472  0.000000076689  0.000000262857
148 0.00055834 0.14018165  0.00000006  0.000000000224  0.000000117843  0.000000193673
149 0.05826849 0.14038499  0.00063552  0.001957534913  0.000000354234  0.001437327666
150 0.05929211 0.14042379  0.00065822  0.000542978303  0.002271473732  0.000701102615
151 0.05683378 0.14044250  0.00060485  0.000967438740  0.001129107000  0.001133532390
152 0.08832313 0.14054303  0.00146183  0.000114386556  0.007511124709  0.000175464258
153 0.11994935 0.14055198  0.00269632  0.007411825175  0.000000916644  0.006975104181
154 0.11958296 0.14056184  0.00268006  0.007606163016  0.000101693869  0.006592226529
155 0.03536337 0.14056427  0.00023438  0.000128555297  0.000001429390  0.001120583508
156 0.07346856 0.14057700  0.00101171  0.000004329927  0.005384343320  0.000008956772
157 0.00077288 0.14071200  0.00000011  0.000000102010  0.000000109843  0.000000385496
158 0.00693424 0.14071380  0.00000902  0.000000061241  0.000048019625  0.000000002873
159 0.00009643 0.14100274  0.00000000  0.000000002618  0.000000000003  0.000000006678
160 0.00134223 0.14101674  0.00000034  0.000000823969  0.000000025077  0.000000952546
161 0.00028545 0.14101775  0.00000002  0.000000059206  0.000000008468  0.000000013810
162 0.00015813 0.14133218  0.00000000  0.000000007991  0.000000011151  0.000000005862
163 0.00009951 0.14133340  0.00000000  0.000000006563  0.000000002687  0.000000000651
164 0.00015310 0.14133444  0.00000000  0.000000000005  0.000000018994  0.000000004442
165 0.00006228 0.14138987  0.00000000  0.000000002994  0.000000000248  0.000000000636
166 0.07598566 0.14148287  0.00108920  0.000089015716  0.005637017263  0.000047787870
167 0.01361188 0.14149187  0.00003495  0.000024138437  0.000052400476  0.000108744328
168 0.22899307 0.14150412  0.00989356  0.024387585887  0.000002037521  0.028048201883
169 0.22872181 0.14150566  0.00987024  0.024460992387  0.006522322717  0.021330350203
170 0.22092073 0.14150828  0.00920860  0.003245753206  0.042447247912  0.003112968127
171 0.00484591 0.14156142  0.00000443  0.000006567516  0.000014309667  0.000002605704
172 0.02016384 0.14156481  0.00007674  0.000164759935  0.000001828750  0.000239991722
173 0.01578844 0.14173706  0.00004711  0.000000052151  0.000246903167  0.000002319405
174 0.00324010 0.14176441  0.00000198  0.000000183472  0.000010292236  0.000000022548
175 0.00029769 0.14197338  0.00000002  0.000000017033  0.000000006480  0.000000065109
176 0.11038074 0.14219524  0.00230999  0.006760773123  0.000000165793  0.005422968303
177 0.10411404 0.14222250  0.00205554  0.003776851099  0.002040014794  0.005022866636
178 0.10366652 0.14223490  0.00203808  0.000765205906  0.008979198086  0.001002343429
179 0.09525955 0.14244438  0.00172346  0.000033986510  0.008907815471  0.000132580019
180 0.13116153 0.14244973  0.00326748  0.015712804539  0.000000110254  0.001490433436
181 0.13474702 0.14245013  0.00344858  0.002024100797  0.000097040840  0.016035618982
182 0.09515718 0.14246076  0.00171996  0.000007952959  0.009046806088  0.000000130224
183 0.00554514 0.14250299  0.00000584  0.000000886280  0.000029132468  0.000000729803
184 0.00402342 0.14256227  0.00000308  0.000006130981  0.000009030733  0.000001026182
185 0.00033629 0.14316805  0.00000002  0.000000089937  0.000000007174  0.000000015980
186 0.06311292 0.14380560  0.00076375  0.000000029931  0.003979533006  0.000003677822
187 0.02709210 0.14386271  0.00014079  0.000097113718  0.000547737638  0.000089130436
188 0.37263424 0.14425687  0.02670796  0.089287469569  0.000016419400  0.049552391201
189 0.28673828 0.14427850  0.01581655  0.023517297587  0.002961348725  0.055740197078
190 0.02815738 0.14440385  0.00015265  0.000061061618  0.000000042506  0.000731734008
191 0.16784002 0.14440618  0.00542395  0.000046487265  0.027943385063  0.000180399950
192 0.12212529 0.14441326  0.00287182  0.000158932145  0.014605520588  0.000150134913
193 0.08463223 0.14442325  0.00137926  0.002971489455  0.000000026587  0.004191098779
194 0.01352739 0.14447505  0.00003525  0.000017267658  0.000003998279  0.000161724217
195 0.03937670 0.14450758  0.00029875  0.000645928008  0.000063144494  0.000841451976
196 0.00640548 0.14451009  0.00000791  0.000018991539  0.000002739100  0.000019299519
197 0.00924673 0.14452759  0.00001648  0.000005106135  0.000007301156  0.000073094788
198 0.12321879 0.14468981  0.00292908  0.000081119802  0.014538080080  0.000563669524
199 0.29803233 0.14478292  0.01714679  0.000121423034  0.088673932208  0.000027917363
200 0.38729375 0.14501524  0.02900236  0.062680539939  0.005659043509  0.081656866368
201 0.20431989 0.14504414  0.00807347  0.000666519261  0.041038986831  0.000041112458
202 0.01784253 0.14504884  0.00006157  0.000008252410  0.000291629299  0.000018474133
203 0.42424549 0.14505164  0.03480935  0.002164995115  0.175873243169  0.001945998206
204 0.39526392 0.14507125  0.03022000  0.058500428943  0.018380949753  0.079352185695
205 0.48149091 0.14508686  0.04484799  0.130713946971  0.000170244791  0.100949304539
206 0.00223718 0.14532255  0.00000097  0.000002700985  0.000000063310  0.000002240696
207 0.00706406 0.14533354  0.00000967  0.000040547047  0.000005432397  0.000003921559
208 0.00864872 0.14533997  0.00001450  0.000018508666  0.000000406858  0.000055884840
209 0.08695110 0.14548574  0.00146659  0.000751107731  0.006129031979  0.000680354320
210 0.10208235 0.14550458  0.00202170  0.005200762993  0.001023585391  0.004196458467
211 0.08737371 0.14551948  0.00148123  0.003452198873  0.000002372269  0.004179593244
212 0.00052268 0.14576497  0.00000005  0.000000128893  0.000000137741  0.000000006561
213 0.05718525 0.14585109  0.00063594  0.000048092161  0.003173504552  0.000048556546
214 0.03113102 0.14613405  0.00018883  0.000001202635  0.000967891745  0.000000045763
215 0.00931075 0.14615251  0.00001689  0.000007337923  0.000063625775  0.000015726281
216 0.38801222 0.14629939  0.02936784  0.019622197827  0.046425754037  0.084505527633
217 0.38111078 0.14631196  0.02833486  0.048367524451  0.035318608721  0.061559292421
218 0.38272378 0.14631835  0.02857646  0.080867847331  0.061992183922  0.003617462104
219 0.00849334 0.14644175  0.00001409  0.000044894573  0.000000236853  0.000027005483
220 0.00957704 0.14644266  0.00001791  0.000058952398  0.000002034277  0.000030733037
221 0.02464569 0.14644324  0.00011860  0.000311201217  0.000009774934  0.000286434075
222 0.00123379 0.14655320  0.00000030  0.000000559076  0.000000432623  0.000000530551
223 0.00281787 0.14655768  0.00000155  0.000000431042  0.000007462960  0.000000046375
224 0.12404633 0.14706859  0.00301736  0.008594409868  0.000006081636  0.006786999256
225 0.12754710 0.14707723  0.00319025  0.007593689932  0.000000101825  0.008674471240
226 0.11527246 0.14707876  0.00260579  0.000006139320  0.013278416343  0.000003184913
227 0.58795080 0.14736540  0.06792290  0.183424141901  0.000349143100  0.161912858748
228 0.58856752 0.14737115  0.06806813  0.100253059517  0.143457482437  0.102701179114
229 0.58806825 0.14737329  0.06795368  0.059370781235  0.207148921107  0.079304559550
230 0.02144525 0.14749281  0.00009044  0.000008066765  0.000445834856  0.000005997289
231 0.00848894 0.14751866  0.00001417  0.000020626849  0.000048124485  0.000003310785
232 0.00851464 0.14752679  0.00001426  0.000000011663  0.000072452809  0.000000034549
233 0.04168161 0.14752980  0.00034175  0.000001618698  0.001733908150  0.000001829628
234 0.03322501 0.14753849  0.00021716  0.000363148842  0.000181820620  0.000558931587
235 0.06814129 0.14754400  0.00091344  0.001944686274  0.000041431697  0.002657116947
236 0.00232082 0.14756592  0.00000106  0.000000076237  0.000005290209  0.000000019763
237 0.01231529 0.14775373  0.00002988  0.000000292667  0.000015829408  0.000135544205
238 0.03028763 0.14775914  0.00018073  0.000458325635  0.000000120473  0.000458894193
239 0.00938430 0.14776555  0.00001735  0.000034343536  0.000016770196  0.000036951411
240 0.01013873 0.14782696  0.00002026  0.000001383611  0.000093817990  0.000007592327
241 0.01044385 0.14782811  0.00002150  0.000005741498  0.000099194707  0.000004137769
242 0.38133812 0.14789827  0.02867624  0.001001274337  0.141172133823  0.003245350396
243 0.38248425 0.14789991  0.02884920  0.057251616802  0.000632738261  0.088409843464
244 0.38583357 0.14790222  0.02935712  0.089099868822  0.003757253984  0.056010423498
245 0.22073341 0.14822490  0.00962933  0.022363924287  0.002486998295  0.023872314753
246 0.18765705 0.14825181  0.00696095  0.000914055222  0.032949163262  0.001351948936
247 0.17961748 0.14828290  0.00637862  0.017742978179  0.000008884505  0.014510577415
248 0.00066716 0.14872247  0.00000009  0.000000418337  0.000000002663  0.000000024096
249 0.00437632 0.14883218  0.00000380  0.000003119348  0.000014780782  0.000001252039
250 0.00250091 0.14884421  0.00000124  0.000001599318  0.000000015794  0.000004639461
251 0.00291573 0.14886459  0.00000169  0.000000199518  0.000007995774  0.000000306199
252 0.00087544 0.14886945  0.00000015  0.000000725795  0.000000035264  0.000000005343
253 0.00302932 0.14893120  0.00000182  0.000002454315  0.000001278878  0.000005443582
254 0.01065423 0.14896046  0.00002255  0.000049195960  0.000000697603  0.000063619072
255 0.00221165 0.14926072  0.00000097  0.000001354653  0.000000819967  0.000002716757
256 0.00361403 0.14926484  0.00000260  0.000008258282  0.000000021471  0.000004781427
257 0.00107298 0.14926812  0.00000023  0.000000297950  0.000000042038  0.000000811290
258 0.05898517 0.14957095  0.00069386  0.000038810986  0.003375636670  0.000064802054
259 0.06230813 0.14957424  0.00077426  0.001689357777  0.000003954045  0.002188991530
260 0.05743681 0.14958337  0.00065796  0.001858688928  0.000091819163  0.001348478613
261 0.00246879 0.15002318  0.00000122  0.000002379401  0.000000274987  0.000003440514
262 0.00617221 0.15002527  0.00000762  0.000017257072  0.000000107595  0.000020731458
263 0.00112221 0.15003095  0.00000025  0.000000070884  0.000000590488  0.000000597988
264 0.06273420 0.15025130  0.00078843  0.000001523636  0.003414233496  0.000519822877
265 0.07268627 0.15025290  0.00105844  0.002189553337  0.000218576862  0.002875163676
266 0.06423766 0.15026761  0.00082677  0.002644113874  0.000221701622  0.001260661555
267 0.00537002 0.15037671  0.00000578  0.000005942944  0.000000383652  0.000022510528
268 0.01262168 0.15038684  0.00003194  0.000095944180  0.000010422110  0.000052940535
269 0.00551477 0.15040139  0.00000610  0.000020421700  0.000000244339  0.000009746645
270 0.00144703 0.15041124  0.00000042  0.000000079093  0.000002013040  0.000000001751
271 0.01493215 0.15044344  0.00004473  0.000002211789  0.000220471964  0.000000285365
272 0.00965813 0.15045842  0.00001871  0.000033465926  0.000001454730  0.000058358882
273 0.00829236 0.15046819  0.00001380  0.000001544192  0.000065577178  0.000001641858
274 0.00345338 0.15052504  0.00000239  0.000000366350  0.000000961924  0.000010597557
275 0.00554092 0.15058814  0.00000616  0.000010751496  0.000004316595  0.000015633668
276 0.04677162 0.15076451  0.00043975  0.001245062594  0.000011325768  0.000931196160
277 0.04983574 0.15084749  0.00049953  0.000895710145  0.000036608005  0.001551282830
278 0.06860082 0.15085532  0.00094658  0.000038971185  0.004667099823  0.000000002118
279 0.00672806 0.15087726  0.00000911  0.000010705045  0.000033135588  0.000001426157
280 0.01194126 0.15091988  0.00002869  0.000000415432  0.000140778321  0.000001399916
281 0.04837479 0.15105890  0.00047133  0.000792649579  0.000196707443  0.001350762967
282 0.09643150 0.15106610  0.00187303  0.004368965372  0.000010468927  0.004919599232
283 0.04449352 0.15118401  0.00039906  0.000489585240  0.000323896626  0.001166191643
284 0.07993857 0.15125491  0.00128873  0.000569430249  0.005672459112  0.000148284872
285 0.08771200 0.15127247  0.00155173  0.004237837351  0.000534879738  0.002920677481
286 0.00743303 0.15154695  0.00001116  0.000032467658  0.000000293079  0.000022489148
287 0.00587092 0.15160681  0.00000697  0.000019718126  0.000000392119  0.000014357502
288 0.01516333 0.15164364  0.00004649  0.000089124241  0.000005370025  0.000135432375
289 0.11888861 0.15201901  0.00286495  0.006107379220  0.000020056516  0.008007065477
290 0.05146498 0.15204405  0.00053695  0.001104569960  0.000232652342  0.001311421487
291 0.02851252 0.15209825  0.00016487  0.000010729145  0.000016457091  0.000785777325
292 0.51217955 0.15218831  0.05323098  0.009440468717  0.252250526426  0.000636901205
293 0.50485130 0.15219359  0.05172042  0.099223512005  0.006921265441  0.148730054493
294 0.54661801 0.15229748  0.06067354  0.175610537521  0.003495111937  0.119685603055
295 0.03759497 0.15269868  0.00028776  0.000960541253  0.000000471273  0.000452369347
296 0.07038815 0.15275415  0.00100909  0.000350440603  0.004300275884  0.000303775077
297 0.24006144 0.15284315  0.01174436  0.032032862742  0.001350579576  0.024246053412
298 0.02151977 0.15288649  0.00009440  0.000011905800  0.000028490769  0.000422704042
299 0.01135485 0.15294660  0.00002629  0.000062985880  0.000065242570  0.000000704084
300 0.03770853 0.15301155  0.00029010  0.000563297893  0.000106053891  0.000752581095
301 0.01122302 0.15332786  0.00002575  0.000069948364  0.000055090245  0.000000917668
302 0.39382420 0.15336833  0.03171606  0.000690102129  0.153112752631  0.001294646468
303 0.17623638 0.15339299  0.00635236  0.008843523350  0.000174318593  0.022041418158
304 0.34052660 0.15341460  0.02371961  0.000917761635  0.002176720405  0.112863886335
305 0.33472114 0.15342681  0.02291956  0.111365806433  0.000347704115  0.000324731647
306 0.01695309 0.15358117  0.00005885  0.000066468054  0.000161534447  0.000059404690
307 0.09116012 0.15366862  0.00170268  0.000046774132  0.008166244515  0.000097149529
308 0.01776959 0.15397998  0.00006483  0.000153810396  0.000037681063  0.000124266997
309 0.00052106 0.15459685  0.00000006  0.000000090571  0.000000047353  0.000000133576
310 0.00176032 0.15478402  0.00000064  0.000000031105  0.000002330908  0.000000736699
311 0.11218516 0.15497634  0.00260061  0.005271021642  0.000002498313  0.007311990059
312 0.04714398 0.15504087  0.00045945  0.000992528596  0.000444047530  0.000785978573
313 0.02381510 0.15505572  0.00011725  0.000127647978  0.000437465900  0.000002045041
314 0.12767671 0.15512834  0.00337173  0.006706784083  0.000021510674  0.009573046911
315 0.10592588 0.15517051  0.00232141  0.000401444809  0.010552671445  0.000266175489
316 0.03309818 0.15518019  0.00022666  0.000013795427  0.000993114666  0.000088579357
317 0.10829019 0.15521041  0.00242682  0.006530876610  0.000149183394  0.005046704971
318 0.02208192 0.15521073  0.00010091  0.000163375274  0.000018270058  0.000305966054
319 0.01686518 0.15523338  0.00005887  0.000001723568  0.000199201737  0.000083508842
320 0.29808902 0.15531386  0.01840098  0.045757711065  0.000000507409  0.043098846663
321 0.19470011 0.15533883  0.00785147  0.001811019425  0.034004147546  0.002092967402
322 0.28221941 0.15537986  0.01650088  0.032254459721  0.005944262222  0.041449071342
323 0.27354676 0.15542188  0.01550651  0.000687105099  0.072913490576  0.001227235058
324 0.02769308 0.15548221  0.00015899  0.000344869817  0.000040439687  0.000381597335
325 0.56182535 0.15554479  0.06546315  0.000351464085  0.314425099900  0.000871164761
326 0.59104043 0.15562163  0.07248415  0.045602332431  0.002427616398  0.301298840969
327 0.52900574 0.15564404  0.05807537  0.266781070106  0.000302483154  0.012763524065
328 0.01138007 0.15608350  0.00002695  0.000056355251  0.000003306456  0.000069844194
329 0.06017132 0.15611092  0.00075362  0.001788370653  0.000003248376  0.001828968586
330 0.01339876 0.15614320  0.00003738  0.000000970465  0.000138683644  0.000039872628
331 0.04059794 0.15636159  0.00034362  0.000899629826  0.000008032833  0.000740530144
332 0.04826395 0.15693306  0.00048742  0.001025308704  0.000077435814  0.001226664558
333 0.27711346 0.15707953  0.01608324  0.043669216215  0.000000000538  0.033122653493
334 0.48858744 0.15719978  0.05003516  0.038306807917  0.139241470227  0.061169408600
335 0.51559042 0.15722750  0.05572845  0.056868240171  0.125555390095  0.083409855755
336 0.15711715 0.15742472  0.00518154  0.003123111469  0.015990465702  0.005572220261
337 0.15808815 0.15743185  0.00524602  0.010564217761  0.000994961006  0.013432683524
338 0.10262499 0.15744925  0.00221098  0.007179926729  0.000039752410  0.003312209118
339 0.24884659 0.15749814  0.01300402  0.036745861793  0.000050320071  0.025128443276
340 0.04122700 0.15768531  0.00035735  0.001268863900  0.000012514736  0.000418286912
341 0.30886704 0.15782574  0.02007519  0.062216657677  0.000027551097  0.033154639046
342 0.09608985 0.15807996  0.00194612  0.003063203236  0.000322661224  0.005847395032
343 0.01018960 0.15820840  0.00002190  0.000010244744  0.000075489778  0.000018093332
344 0.05532367 0.15837415  0.00064632  0.001788766742  0.000000530626  0.001271411638
345 0.02200713 0.15849087  0.00010235  0.000350558661  0.000002164668  0.000131590367
346 0.03769150 0.15853175  0.00030029  0.000454530449  0.000181051866  0.000785066641
347 0.03692947 0.15857256  0.00028835  0.000546325202  0.000091984927  0.000725475914
348 0.10168826 0.15859892  0.00218666  0.005822181615  0.000001274630  0.004517046668
349 0.00878636 0.15873623  0.00001634  0.000051605428  0.000007784007  0.000017810766
350 0.21430343 0.15894826  0.00973314  0.028227303432  0.000261097390  0.017437560262
351 0.02103896 0.15901442  0.00009385  0.000026053708  0.000397831446  0.000018752535
352 0.04483911 0.15903393  0.00042633  0.000061143869  0.000044278033  0.001905123638
353 0.03462340 0.15904440  0.00025421  0.000475539599  0.000321549907  0.000401690334
354 0.06495472 0.15907411  0.00089487  0.002018258174  0.000021977992  0.002178879384
355 0.10175032 0.15913427  0.00219672  0.005204769750  0.000000539900  0.005147817827
356 0.05486970 0.15915545  0.00063889  0.001856589639  0.000006529216  0.001147565328
357 0.02499787 0.15925448  0.00013269  0.000032273658  0.000225580794  0.000367038817
358 0.10765660 0.15931307  0.00246191  0.001693611097  0.008913031076  0.000983301607
359 0.66667752 0.15963117  0.09459933  0.261981778493  0.001619808622  0.180857334933
360 0.34552478 0.15988326  0.02545072  0.000181439207  0.118419459596  0.000786476428
361 0.59383263 0.15991877  0.07519108  0.156072933687  0.001209590840  0.195354671470
362 0.48596588 0.15996597  0.05037069  0.098930591549  0.000264142669  0.136968105828
363 0.59691603 0.16012603  0.07607241  0.000574082089  0.354301948843  0.001432716764
364 0.04438493 0.16035256  0.00042120  0.000815620943  0.000076428106  0.001077972677
365 0.01418305 0.16044006  0.00004303  0.000094048551  0.000002174181  0.000104936293
366 0.04775262 0.16055141  0.00048814  0.000798267949  0.001217808349  0.000264236259
367 0.08830676 0.16078358  0.00167174  0.000492053483  0.006866965701  0.000439065190
368 0.28889054 0.16092096  0.01790680  0.000286455362  0.082432318100  0.000738972901
369 0.18977597 0.16107574  0.00773484  0.010230833761  0.000002915173  0.025781169966
370 0.16088713 0.16108967  0.00555967  0.019878191737  0.000154857989  0.005851619414
371 0.04553540 0.16116583  0.00044556  0.000175676894  0.001469293919  0.000428502026
372 0.12279763 0.16120181  0.00324107  0.000192559707  0.014837663219  0.000049034810
373 0.07042374 0.16141985  0.00106742  0.003248286664  0.000003281054  0.001707936106
374 0.10531223 0.16172299  0.00239149  0.006006443998  0.002001325757  0.003082895621
375 0.07524958 0.16179826  0.00122158  0.000362002545  0.002578028343  0.002722467915
376 0.12768793 0.16182405  0.00351788  0.012756760079  0.000135380648  0.003412065631
377 0.07129113 0.16188503  0.00109702  0.001856217928  0.000009547022  0.003216659769
378 0.00842921 0.16193075  0.00001534  0.000000423928  0.000067359988  0.000003267729
379 0.06580771 0.16201591  0.00093551  0.000000287324  0.002414676090  0.001915690950
380 0.37887422 0.16211276  0.03102745  0.064384561436  0.000000848494  0.079160261280
381 0.07374543 0.16262042  0.00117919  0.000000028863  0.005230370426  0.000207989372
382 0.63605449 0.16327554  0.08807416  0.004902524110  0.392193611175  0.007469174501
383 0.48927509 0.16341240  0.05215908  0.114525903224  0.002218245245  0.122645963396
384 0.36668772 0.16348741  0.02931000  0.058753361565  0.000897622228  0.074808901369
385 0.05710197 0.16414463  0.00071362  0.001024072605  0.000538378508  0.001698183635
386 0.29293508 0.16419372  0.01878616  0.039980306659  0.000301561354  0.045529091149
387 0.12368664 0.16424640  0.00335027  0.004378908405  0.003835779791  0.007083696162
388 0.19539225 0.16426222  0.00836163  0.001792829438  0.035912305006  0.000472995977
389 0.05009187 0.16430497  0.00054970  0.002023128855  0.000424580316  0.000061486540
390 0.05048988 0.16431003  0.00055849  0.000100148778  0.000192931322  0.002256148216
391 0.42817915 0.16525764  0.04039721  0.087201744643  0.013682080152  0.082453560709
392 1.32732977 0.16543796  0.38862574  0.919168405449  0.012261828851  0.830374097211
393 0.02016958 0.16553696  0.00008979  0.000030895074  0.000046192298  0.000329724410
394 1.01873014 0.16600516  0.22970933  0.000002429960  1.026671862181  0.011136798861
395 1.08754499 0.16605547  0.26187039  0.551492276404  0.002767593652  0.628494238997
396 0.33013390 0.16612684  0.02414120  0.051511773033  0.010118951016  0.047357670130
397 0.51103601 0.16634937  0.05792458  0.000000252124  0.258499443598  0.002658106223
398 0.02582800 0.16695438  0.00014850  0.000056334019  0.000521561510  0.000089189914
399 0.04134044 0.16714326  0.00038087  0.000000983415  0.001699031737  0.000009017152
400 0.02127493 0.16734799  0.00010099  0.000029715073  0.000023800755  0.000399106838
401 0.10502812 0.16767644  0.00246616  0.000112937341  0.010659157833  0.000258811347
402 0.65803450 0.16800294  0.09699580  0.167264546977  0.001518985521  0.264225869667
403 1.26282963 0.16821173  0.35767167  0.056287856106  1.494140121583  0.044310684811
404 1.06281667 0.16831636  0.25350223  0.432214029529  0.206691722437  0.490673530502
405 0.06312559 0.16870245  0.00089634  0.001027496679  0.001890388208  0.001066954947
406 0.23116051 0.16915695  0.01205191  0.026446468074  0.000337612825  0.026651101975
407 0.54354579 0.16969742  0.06684767  0.158612483212  0.010815439528  0.126014104481
408 1.46401456 0.16976041  0.48513872  1.106154052997  0.003576891494  1.033607683304
409 0.73662780 0.17016904  0.12311629  0.263002925887  0.114876703855  0.164740892378
410 0.03739325 0.17048630  0.00031784  0.000025086504  0.001366950553  0.000006218139
411 0.30531721 0.17068585  0.02121479  0.010762206087  0.066001749896  0.016454640727
412 0.32695841 0.17119538  0.02440146  0.029225765296  0.014358605962  0.063317429164
413 0.80230441 0.17122853  0.14695800  0.180562754137  0.255772566056  0.207357040600
414 0.79158100 0.17145750  0.14324714  0.123694036909  0.371637754121  0.131268690242
415 0.20231344 0.17182605  0.00937729  0.017084114901  0.010476148071  0.013370463599
416 0.23097249 0.17192226  0.01222901  0.018254474347  0.008961543404  0.026132275271
417 0.03817166 0.17292340  0.00033595  0.000246356386  0.000590459668  0.000620259338
418 1.75812050 0.17357221  0.71534609  0.005722925280  3.077741349098  0.007523406555
419 0.52079631 0.17455969  0.06312749  0.094914014760  0.000122754497  0.176192030593
420 0.78719640 0.17535158  0.14488206  0.311982485249  0.000046996492  0.307648689661
421 0.32577966 0.17584638  0.02488399  0.029882426415  0.013271003441  0.062978955438
422 0.81623119 0.17593054  0.15628106  0.142266767641  0.065921398500  0.458045191192
423 0.67028258 0.17617992  0.10553852  0.021291635565  0.090946883809  0.337040221319
424 0.74849203 0.17647412  0.13182389  0.377072434742  0.000865449382  0.182302440127
425 1.69862467 0.17782202  0.68409929  1.609774764653  0.001895133737  1.273655887630
426 0.97715972 0.17855065  0.22731667  0.002079471162  0.877160276063  0.075601366630
427 0.81455073 0.17971859  0.15898934  0.362195246597  0.027661915749  0.273635726085
428 1.77609750 0.18406194  0.77417002  0.075599877554  2.983522205393  0.095400241890
429 5.11802905 0.18776306  6.55774298  13.760160794863  0.600513963609  11.833546606397
430 4.92868322 0.19717385  6.38630804  11.354435842297  0.032703349059  12.904779110027
431 4.69551375 0.19790525  5.81784688  0.145206235811  21.530523790063  0.372119388889
