0 -0.217948081676373 1.40494e-05
1 -0.217948081669502 9.64297e-05
2 -0.217812749038344 2.19939e-06
3 -0.217812749038197 6.94656e-06
4 -0.21781274903813 9.77409e-06
5 -0.217756537564726 2.15076e-06
6 -0.217095827224683 7.91398e-07
7 -0.217095827224534 3.59188e-06
8 -0.217095827223937 2.04654e-06
9 -0.217010670131331 1.11426e-06
10 -0.217010670131274 2.47505e-06
11 -0.216961201791546 6.90205e-07
12 -0.21696120179119 1.56785e-06
13 -0.216961201791084 2.42562e-06
14 -0.216403511495318 4.29234e-07
15 -0.216403511495301 1.11285e-06
16 -0.216403511494227 1.13534e-06
17 -0.215432462962134 2.40664e-07
18 -0.215432462962129 4.68017e-07
19 -0.215270232154825 3.45238e-07
20 -0.215270232151209 4.8235e-07
21 -0.215270232151198 4.82637e-07
22 -0.214864580926131 2.95474e-07
23 -0.21486458092613 2.73295e-07
24 -0.214864580922955 3.87887e-07
25 -0.214608886874663 3.76347e-07
26 -0.214562320251729 2.15053e-07
27 -0.214458956381064 4.66168e-07
28 -0.214458956381058 2.51574e-07
29 -0.214458956372812 2.46447e-07
30 -0.214436455778054 8.94407e-07
31 -0.214436455778046 2.04823e-07
32 -0.214046172686043 2.59196e-07
33 -0.214046172674283 1.40602e-07
34 -0.21404617267428 4.1595e-07
35 -0.213867425655916 2.79372e-07
36 -0.2138674256559 1.41908e-06
37 -0.213867425655893 1.60296e-07
38 -0.212461258476742 1.35116e-07
39 -0.212461258476741 1.47114e-07
40 -0.211872410360299 1.2361e-07
41 -0.211872410359554 4.18163e-08
42 -0.211872410359545 1.42587e-07
43 -0.211779019633094 9.33183e-08
44 -0.211718646708244 9.44271e-08
45 -0.211718646708242 1.35833e-07
46 -0.211167738924584 6.85899e-08
47 -0.211167738924583 4.66034e-08
48 -0.211167738924134 5.66195e-08
49 -0.210764918908953 7.14149e-08
50 -0.210764918908951 7.63457e-08
51 -0.210764918906359 9.4867e-08
52 -0.210474046561368 4.80692e-08
53 -0.210474046561368 4.50899e-08
54 -0.210474046561303 3.97752e-08
55 -0.210468458370301 1.01919e-07
56 -0.209852087168623 4.23931e-08
57 -0.20985208716655 6.97933e-08
58 -0.209852087166548 1.60231e-08
59 -0.209655175568359 2.71205e-08
60 -0.209655175568356 8.01154e-08
61 -0.209655175568141 4.69002e-08
62 -0.20852108380492 3.78992e-08
63 -0.208521083804917 2.71205e-08
64 -0.207370250651511 4.10628e-08
65 -0.20737025065064 7.3898e-08
66 -0.207370250650638 7.02886e-08
67 -0.206961565027642 8.05042e-08
68 -0.206961565026437 3.85347e-08
69 -0.206961565026434 7.63003e-08
70 -0.206748903760469 2.87355e-08
71 -0.206748903760465 8.25469e-08
72 -0.20592924130881 7.01404e-08
73 -0.205929241308807 4.60793e-08
74 -0.205929241304732 7.14149e-08
75 -0.205248006950757 9.03719e-08
76 -0.205248006950396 8.14894e-08
77 -0.205248006950395 8.0418e-08
78 -0.204501044096246 3.81729e-08
79 -0.204501044096242 3.2583e-08
80 -0.203812709158282 5.60034e-08
81 -0.203625526172211 5.37269e-08
82 -0.203625526169241 9.5523e-08
83 -0.203625526169235 7.22841e-08
84 -0.203381813823906 7.54314e-08
85 -0.203381813823903 8.28825e-08
86 -0.203381813822921 6.83365e-08
87 -0.202120236618031 8.06764e-08
88 -0.202120236618029 7.93321e-08
89 -0.202120236617734 6.60123e-08
90 -0.128429207128162 3.50455e-08
91 -0.127811572919243 2.99764e-08
92 -0.127811572914486 2.67988e-08
93 -0.127811572914481 2.06577e-08
94 -0.127410477579346 2.38535e-08
95 -0.125469449945726 1.53598e-08
96 -0.125469449945722 3.64527e-08
97 -0.125405752352455 5.38881e-08
98 -0.124351002394565 1.20713e-08
99 -0.124351002394561 2.14811e-08
100 -0.124351002376112 2.53347e-08
101 -0.124153092914716 2.63418e-08
102 -0.123463315995317 3.39134e-08
103 -0.123463315995314 2.53347e-08
104 -0.123463315992442 1.62382e-08
105 -0.120375550406145 5.29791e-08
106 -0.120243888230258 4.86432e-08
107 -0.120243888223071 3.79907e-08
108 -0.120243888223068 3.08885e-08
109 -0.120188106982122 4.48391e-08
110 -0.120188106982121 5.07891e-08
111 -0.120078501323335 3.52675e-08
112 -0.117805705613841 4.60039e-08
113 -0.117805705613087 5.15182e-08
114 -0.117805705613086 3.37853e-08
115 -0.117560896553813 4.44505e-08
116 -0.117560896553811 4.70848e-08
117 -0.117560896553096 3.04359e-08
118 -0.116798091373545 2.01045e-08
119 -0.116798091361575 3.50207e-08
120 -0.116798091361574 4.54539e-08
121 -0.116539117236181 1.22142e-08
122 -0.116539117186842 2.9451e-08
123 -0.116539117186841 1.2495e-08
124 -0.115784312694787 3.40156e-08
125 -0.115371463758523 1.71222e-08
126 -0.11537146375852 1.89953e-08
127 -0.115371463742712 3.48966e-08
128 -0.114514582353903 5.49717e-08
129 -0.114514582352076 2.69923e-08
130 -0.114514582352073 4.38019e-08
131 -0.114427022991569 2.457e-08
132 -0.114427022991567 5.44645e-08
133 -0.114311139540703 4.57203e-08
134 -0.114311139540125 1.36241e-08
135 -0.114311139540125 5.06009e-08
136 -0.113970758918911 4.3404e-08
137 -0.113970758918908 4.35636e-08
138 -0.113970758916982 4.57013e-08
139 -0.113756327907393 4.3364e-08
140 -0.113756327899842 8.72565e-08
141 -0.113756327899839 4.62109e-08
142 -0.113130090749934 7.36982e-08
143 -0.113130090749608 7.3486e-08
144 -0.113130090749604 8.71372e-08
145 -0.112325199762991 9.13361e-08
146 -0.112325199762982 1.52726e-07
147 -0.111825661125032 2.01863e-07
148 -0.111159633611763 2.58857e-07
149 -0.11115963361175 2.67797e-07
