2203
As -29.40111282 -18.69371750  13.35822735
Ga -32.09264955 -16.02754090  16.02754090
As -29.40111282 -13.35822735  18.69371750
As -24.04940882 -24.04940882  13.35578960
Ga -26.72696157 -21.37393477  16.02738972
As -24.05243238 -18.70346849  18.70346849
Ga -26.72696157 -16.02738972  21.37393477
As -24.04940882 -13.35578960  24.04940882
As -18.69371750 -29.40111282  13.35822735
Ga -21.37393477 -26.72696157  16.02738972
As -18.70346849 -24.05243238  18.70346849
Ga -21.37506860 -21.37506860  21.37506860
As -18.70346849 -18.70346849  24.05243238
Ga -21.37393477 -16.02738972  26.72696157
As -18.69371750 -13.35822735  29.40111282
Ga -16.02754090 -32.09264955  16.02754090
As -13.35822735 -29.40111282  18.69371750
Ga -16.02738972 -26.72696157  21.37393477
As -13.35578960 -24.04940882  24.04940882
Ga -16.02738972 -21.37393477  26.72696157
As -13.35822735 -18.69371750  29.40111282
Ga -16.02754090 -16.02754090  32.09264955
As -34.73845490 -13.34583075  2.66606322
Ga -37.42470040 -10.67717860  5.33411065
As -34.74506894 -8.01092641  8.01092641
Ga -37.42470040 -5.33411065  10.67717860
As -34.73845490 -2.66606322  13.34583075
As -29.39468775 -24.04544040 -2.66976708
Ga -32.07885455 -21.37828114 -0.00529152
As -29.39563262 -18.70789044  2.66808523
Ga -32.05995729 -16.02531102  5.33543346
As -29.38901857 -13.35533607  8.01017052
Ga -32.05920140 -10.67984312  10.67984312
As -29.38901857 -8.01017052  13.35533607
Ga -32.05995729 -5.33543346  16.02531102
As -29.39563262 -2.66808523  18.70789044
Ga -32.07885455  0.00529152  21.37828114
As -29.39468775  2.66976708  24.04544040
As -24.04544040 -29.39468775 -2.66976708
Ga -26.71996959 -26.71996959  0.00050736
As -24.04903088 -24.04903088  2.67738268
Ga -26.72129240 -21.37336785  5.34958751
As -24.04808601 -18.70142758  8.01780501
Ga -26.72223726 -16.02769207  10.68658944
As -24.04846396 -13.35866199  13.35866199
Ga -26.72223726 -10.68658944  16.02769207
As -24.04808601 -8.01780501  18.70142758
Ga -26.72129240 -5.34958751  21.37336785
As -24.04903088 -2.67738268  24.04903088
Ga -26.71996959 -0.00050736  26.71996959
As -24.04544040  2.66976708  29.39468775
Ga -21.37828114 -32.07885455 -0.00529152
As -18.70789044 -29.39563262  2.66808523
Ga -21.37336785 -26.72129240  5.34958751
As -18.70142758 -24.04808601  8.01780501
Ga -21.37582449 -21.37582449  10.68787445
As -18.70452673 -18.70452673  13.36085407
Ga -21.37790319 -16.03218962  16.03218962
As -18.70452673 -13.36085407  18.70452673
Ga -21.37582449 -10.68787445  21.37582449
As -18.70142758 -8.01780501  24.04808601
Ga -21.37336785 -5.34958751  26.72129240
As -18.70789044 -2.66808523  29.39563262
Ga -21.37828114  0.00529152  32.07885455
As -13.34583075 -34.73845490  2.66606322
Ga -16.02531102 -32.05995729  5.33543346
As -13.35533607 -29.38901857  8.01017052
Ga -16.02769207 -26.72223726  10.68658944
As -13.35866199 -24.04846396  13.35866199
Ga -16.03218962 -21.37790319  16.03218962
As -13.36085407 -18.70452673  18.70452673
Ga -16.03218962 -16.03218962  21.37790319
As -13.35866199 -13.35866199  24.04846396
Ga -16.02769207 -10.68658944  26.72223726
As -13.35533607 -8.01017052  29.38901857
Ga -16.02531102 -5.33543346  32.05995729
As -13.34583075 -2.66606322  34.73845490
Ga -10.67717860 -37.42470040  5.33411065
As -8.01092641 -34.74506894  8.01092641
Ga -10.67984312 -32.05920140  10.67984312
As -8.01017052 -29.38901857  13.35533607
Ga -10.68658944 -26.72223726  16.02769207
As -8.01780501 -24.04808601  18.70142758
Ga -10.68787445 -21.37582449  21.37582449
As -8.01780501 -18.70142758  24.04808601
Ga -10.68658944 -16.02769207  26.72223726
As -8.01017052 -13.35533607  29.38901857
Ga -10.67984312 -10.67984312  32.05920140
As -8.01092641 -8.01092641  34.74506894
Ga -10.67717860 -5.33411065  37.42470040
Ga -5.33411065 -37.42470040  10.67717860
As -2.66606322 -34.73845490  13.34583075
Ga -5.33543346 -32.05995729  16.02531102
As -2.66808523 -29.39563262  18.70789044
Ga -5.34958751 -26.72129240  21.37336785
As -2.67738268 -24.04903088  24.04903088
Ga -5.34958751 -21.37336785  26.72129240
As -2.66808523 -18.70789044  29.39563262
Ga -5.33543346 -16.02531102  32.05995729
As -2.66606322 -13.34583075  34.73845490
Ga -5.33411065 -10.67717860  37.42470040
Ga  0.00529152 -32.07885455  21.37828114
As  2.66976708 -29.39468775  24.04544040
Ga -0.00050736 -26.71996959  26.71996959
As  2.66976708 -24.04544040  29.39468775
Ga  0.00529152 -21.37828114  32.07885455
As -34.73505340 -13.34959130 -8.00554069
Ga -37.41959814 -10.68167615 -5.34397502
As -34.73448648 -8.01393108 -2.67789290
Ga -37.39937807 -5.33909953 -0.00825039
As -34.73014011 -2.66895450  2.66895450
Ga -37.39937807  0.00825039  5.33909953
As -34.73448648  2.67789290  8.01393108
Ga -37.41959814  5.34397502  10.68167615
As -34.73505340  8.00554069  13.34959130
As -29.38845166 -18.70437555 -8.01400666
Ga -32.06222496 -16.02805112 -5.33669958
As -29.38769577 -13.35726359 -2.66995605
Ga -32.06109112 -10.68139269 -0.00388186
As -29.38901857 -8.01275944  2.67037179
Ga -32.06354777 -5.34227427  5.34227427
As -29.38901857 -2.67037179  8.01275944
Ga -32.06109112  0.00388186  10.68139269
As -29.38769577  2.66995605  13.35726359
Ga -32.06222496  5.33669958  16.02805112
As -29.38845166  8.01400666  18.70437555
As -24.04865293 -24.04865293 -8.02496707
Ga -26.71902473 -21.37865908 -5.34533562
As -24.04770807 -18.70626528 -2.67237490
Ga -26.71959164 -16.03424942 -0.00040874
As -24.04657423 -13.36085407  2.67033400
Ga -26.71637911 -10.68543671  5.34051682
As -24.04544040 -8.01434681  8.01434681
Ga -26.71637911 -5.34051682  10.68543671
As -24.04657423 -2.67033400  13.36085407
Ga -26.71959164  0.00040874  16.03424942
As -24.04770807  2.67237490  18.70626528
Ga -26.71902473  5.34533562  21.37865908
As -24.04865293  8.02496707  24.04865293
As -18.70437555 -29.38845166 -8.01400666
Ga -21.37865908 -26.71902473 -5.34533562
As -18.70626528 -24.04770807 -2.67237490
Ga -21.37752525 -21.37752525  0.00202898
As -18.70467791 -18.70467791  2.67243160
Ga -21.37601347 -16.03194396  5.34414510
As -18.70361966 -13.36021156  8.01595308
Ga -21.37563552 -10.68738312  10.68738312
As -18.70361966 -8.01595308  13.36021156
Ga -21.37601347 -5.34414510  16.03194396
As -18.70467791 -2.67243160  18.70467791
Ga -21.37752525 -0.00202898  21.37752525
As -18.70626528  2.67237490  24.04770807
Ga -21.37865908  5.34533562  26.71902473
As -18.70437555  8.01400666  29.38845166
As -13.34959130 -34.73505340 -8.00554069
Ga -16.02805112 -32.06222496 -5.33669958
As -13.35726359 -29.38769577 -2.66995605
Ga -16.03424942 -26.71959164 -0.00040874
As -13.36085407 -24.04657423  2.67033400
Ga -16.03194396 -21.37601347  5.34414510
As -13.36021156 -18.70361966  8.01595308
Ga -16.03247308 -16.03247308  10.68881931
As -13.36030605 -13.36030605  13.36030605
Ga -16.03247308 -10.68881931  16.03247308
As -13.36021156 -8.01595308  18.70361966
Ga -16.03194396 -5.34414510  21.37601347
As -13.36085407 -2.67033400  24.04657423
Ga -16.03424942  0.00040874  26.71959164
As -13.35726359  2.66995605  29.38769577
Ga -16.02805112  5.33669958  32.06222496
As -13.34959130  8.00554069  34.73505340
Ga -10.68167615 -37.41959814 -5.34397502
As -8.01393108 -34.73448648 -2.67789290
Ga -10.68139269 -32.06109112 -0.00388186
As -8.01275944 -29.38901857  2.67037179
Ga -10.68543671 -26.71637911  5.34051682
As -8.01434681 -24.04544040  8.01434681
Ga -10.68738312 -21.37563552  10.68738312
As -8.01595308 -18.70361966  13.36021156
Ga -10.68881931 -16.03247308  16.03247308
As -8.01595308 -13.36021156  18.70361966
Ga -10.68738312 -10.68738312  21.37563552
As -8.01434681 -8.01434681  24.04544040
Ga -10.68543671 -5.34051682  26.71637911
As -8.01275944 -2.67037179  29.38901857
Ga -10.68139269  0.00388186  32.06109112
As -8.01393108  2.67789290  34.73448648
Ga -10.68167615  5.34397502  37.41959814
Ga -5.33909953 -37.39937807 -0.00825039
As -2.66895450 -34.73014011  2.66895450
Ga -5.34227427 -32.06354777  5.34227427
As -2.67037179 -29.38901857  8.01275944
Ga -5.34051682 -26.71637911  10.68543671
As -2.67033400 -24.04657423  13.36085407
Ga -5.34414510 -21.37601347  16.03194396
As -2.67243160 -18.70467791  18.70467791
Ga -5.34414510 -16.03194396  21.37601347
As -2.67033400 -13.36085407  24.04657423
Ga -5.34051682 -10.68543671  26.71637911
As -2.67037179 -8.01275944  29.38901857
Ga -5.34227427 -5.34227427  32.06354777
As -2.66895450 -2.66895450  34.73014011
Ga -5.33909953  0.00825039  37.39937807
Ga  0.00825039 -37.39937807  5.33909953
As  2.67789290 -34.73448648  8.01393108
Ga  0.00388186 -32.06109112  10.68139269
As  2.66995605 -29.38769577  13.35726359
Ga  0.00040874 -26.71959164  16.03424942
As  2.67237490 -24.04770807  18.70626528
Ga -0.00202898 -21.37752525  21.37752525
As  2.67237490 -18.70626528  24.04770807
Ga  0.00040874 -16.03424942  26.71959164
As  2.66995605 -13.35726359  29.38769577
Ga  0.00388186 -10.68139269  32.06109112
As  2.67789290 -8.01393108  34.73448648
Ga  0.00825039 -5.33909953  37.39937807
Ga  5.34397502 -37.41959814  10.68167615
As  8.00554069 -34.73505340  13.34959130
Ga  5.33669958 -32.06222496  16.02805112
As  8.01400666 -29.38845166  18.70437555
Ga  5.34533562 -26.71902473  21.37865908
As  8.02496707 -24.04865293  24.04865293
Ga  5.34533562 -21.37865908  26.71902473
As  8.01400666 -18.70437555  29.38845166
Ga  5.33669958 -16.02805112  32.06222496
As  8.00554069 -13.34959130  34.73505340
Ga  5.34397502 -10.68167615  37.41959814
As -34.73505340 -8.00554069 -13.34959130
Ga -37.41959814 -5.34397502 -10.68167615
As -34.73448648 -2.67789290 -8.01393108
Ga -37.39937807 -0.00825039 -5.33909953
As -34.73014011  2.66895450 -2.66895450
Ga -37.39937807  5.33909953  0.00825039
As -34.73448648  8.01393108  2.67789290
Ga -37.41959814  10.68167615  5.34397502
As -34.73505340  13.34959130  8.00554069
As -29.38637296 -13.35868088 -13.35868088
Ga -32.06071318 -10.68505876 -10.68505876
As -29.38580604 -8.01572631 -8.01572631
Ga -32.05844551 -5.34526003 -5.34526003
As -29.38637296 -2.67275285 -2.67275285
Ga -32.05561092 -0.00000000  0.00000000
As -29.38637296  2.67275285  2.67275285
Ga -32.05844551  5.34526003  5.34526003
As -29.38580604  8.01572631  8.01572631
Ga -32.06071318  10.68505876  10.68505876
As -29.38637296  13.35868088  13.35868088
As -24.03712560 -24.03712560 -18.69218682
Ga -26.72979616 -21.37525757 -16.03222742
As -24.05186546 -18.70467791 -13.36140209
Ga -26.71789089 -16.03194396 -10.68638157
As -24.04525142 -13.36053281 -8.01544286
Ga -26.71543425 -10.68791225 -5.34348369
As -24.04336170 -8.01617985 -2.67222373
Ga -26.71486733 -5.34340810 -0.00090487
As -24.04336170 -2.67161901  2.67161901
Ga -26.71486733  0.00090487  5.34340810
As -24.04336170  2.67222373  8.01617985
Ga -26.71543425  5.34348369  10.68791225
As -24.04525142  8.01544286  13.36053281
Ga -26.71789089  10.68638157  16.03194396
As -24.05186546  13.36140209  18.70467791
Ga -26.72979616  16.03222742  21.37525757
As -24.03712560  18.69218682  24.03712560
Ga -21.37525757 -26.72979616 -16.03222742
As -18.70467791 -24.05186546 -13.36140209
Ga -21.37639141 -21.37639141 -10.69239090
As -18.70488578 -18.70488578 -8.01761604
Ga -21.37525757 -16.03362581 -5.34374825
As -18.70309054 -13.36091076 -2.67233711
Ga -21.37355682 -10.68895160 -0.00033959
As -18.70171104 -8.01650110  2.67156232
Ga -21.37242299 -5.34361597  5.34361597
As -18.70171104 -2.67156232  8.01650110
Ga -21.37355682  0.00033959  10.68895160
As -18.70309054  2.67233711  13.36091076
Ga -21.37525757  5.34374825  16.03362581
As -18.70488578  8.01761604  18.70488578
Ga -21.37639141  10.69239090  21.37639141
As -18.70467791  13.36140209  24.05186546
Ga -21.37525757  16.03222742  26.72979616
As -13.35868088 -29.38637296 -13.35868088
Ga -16.03194396 -26.71789089 -10.68638157
As -13.36053281 -24.04525142 -8.01544286
Ga -16.03362581 -21.37525757 -5.34374825
As -13.36091076 -18.70309054 -2.67233711
Ga -16.03256757 -16.03256757  0.00018031
As -13.36011707 -13.36011707  2.67194027
Ga -16.03135814 -10.68840357  5.34420179
As -13.35919111 -8.01600977  8.01600977
Ga -16.03135814 -5.34420179  10.68840357
As -13.36011707 -2.67194027  13.36011707
Ga -16.03256757 -0.00018031  16.03256757
As -13.36091076  2.67233711  18.70309054
Ga -16.03362581  5.34374825  21.37525757
As -13.36053281  8.01544286  24.04525142
Ga -16.03194396  10.68638157  26.71789089
As -13.35868088  13.35868088  29.38637296
As -8.00554069 -34.73505340 -13.34959130
Ga -10.68505876 -32.06071318 -10.68505876
As -8.01572631 -29.38580604 -8.01572631
Ga -10.68791225 -26.71543425 -5.34348369
As -8.01617985 -24.04336170 -2.67222373
Ga -10.68895160 -21.37355682 -0.00033959
As -8.01650110 -18.70171104  2.67156232
Ga -10.68840357 -16.03135814  5.34420179
As -8.01600977 -13.35919111  8.01600977
Ga -10.68834688 -10.68834688  10.68834688
As -8.01600977 -8.01600977  13.35919111
Ga -10.68840357 -5.34420179  16.03135814
As -8.01650110 -2.67156232  18.70171104
Ga -10.68895160  0.00033959  21.37355682
As -8.01617985  2.67222373  24.04336170
Ga -10.68791225  5.34348369  26.71543425
As -8.01572631  8.01572631  29.38580604
Ga -10.68505876  10.68505876  32.06071318
As -8.00554069  13.34959130  34.73505340
Ga -5.34397502 -37.41959814 -10.68167615
As -2.67789290 -34.73448648 -8.01393108
Ga -5.34526003 -32.05844551 -5.34526003
As -2.67275285 -29.38637296 -2.67275285
Ga -5.34340810 -26.71486733 -0.00090487
As -2.67161901 -24.04336170  2.67161901
Ga -5.34361597 -21.37242299  5.34361597
As -2.67156232 -18.70171104  8.01650110
Ga -5.34420179 -16.03135814  10.68840357
As -2.67194027 -13.36011707  13.36011707
Ga -5.34420179 -10.68840357  16.03135814
As -2.67156232 -8.01650110  18.70171104
Ga -5.34361597 -5.34361597  21.37242299
As -2.67161901 -2.67161901  24.04336170
Ga -5.34340810  0.00090487  26.71486733
As -2.67275285  2.67275285  29.38637296
Ga -5.34526003  5.34526003  32.05844551
As -2.67789290  8.01393108  34.73448648
Ga -5.34397502  10.68167615  37.41959814
Ga -0.00825039 -37.39937807 -5.33909953
As  2.66895450 -34.73014011 -2.66895450
Ga -0.00000000 -32.05561092  0.00000000
As  2.67275285 -29.38637296  2.67275285
Ga  0.00090487 -26.71486733  5.34340810
As  2.67222373 -24.04336170  8.01617985
Ga  0.00033959 -21.37355682  10.68895160
As  2.67233711 -18.70309054  13.36091076
Ga -0.00018031 -16.03256757  16.03256757
As  2.67233711 -13.36091076  18.70309054
Ga  0.00033959 -10.68895160  21.37355682
As  2.67222373 -8.01617985  24.04336170
Ga  0.00090487 -5.34340810  26.71486733
As  2.67275285 -2.67275285  29.38637296
Ga  0.00000000  0.00000000  32.05561092
As  2.66895450  2.66895450  34.73014011
Ga -0.00825039  5.33909953  37.39937807
Ga  5.33909953 -37.39937807  0.00825039
As  8.01393108 -34.73448648  2.67789290
Ga  5.34526003 -32.05844551  5.34526003
As  8.01572631 -29.38580604  8.01572631
Ga  5.34348369 -26.71543425  10.68791225
As  8.01544286 -24.04525142  13.36053281
Ga  5.34374825 -21.37525757  16.03362581
As  8.01761604 -18.70488578  18.70488578
Ga  5.34374825 -16.03362581  21.37525757
As  8.01544286 -13.36053281  24.04525142
Ga  5.34348369 -10.68791225  26.71543425
As  8.01572631 -8.01572631  29.38580604
Ga  5.34526003 -5.34526003  32.05844551
As  8.01393108 -2.67789290  34.73448648
Ga  5.33909953 -0.00825039  37.39937807
Ga  10.68167615 -37.41959814  5.34397502
As  13.34959130 -34.73505340  8.00554069
Ga  10.68505876 -32.06071318  10.68505876
As  13.35868088 -29.38637296  13.35868088
Ga  10.68638157 -26.71789089  16.03194396
As  13.36140209 -24.05186546  18.70467791
Ga  10.69239090 -21.37639141  21.37639141
As  13.36140209 -18.70467791  24.05186546
Ga  10.68638157 -16.03194396  26.71789089
As  13.35868088 -13.35868088  29.38637296
Ga  10.68505876 -10.68505876  32.06071318
As  13.34959130 -8.00554069  34.73505340
Ga  10.68167615 -5.34397502  37.41959814
Ga  16.03222742 -26.72979616  21.37525757
As  18.69218682 -24.03712560  24.03712560
Ga  16.03222742 -21.37525757  26.72979616
As -34.73845490  2.66606322 -13.34583075
Ga -37.42470040  5.33411065 -10.67717860
As -34.74506894  8.01092641 -8.01092641
Ga -37.42470040  10.67717860 -5.33411065
As -34.73845490  13.34583075 -2.66606322
As -29.38845166 -8.01400666 -18.70437555
Ga -32.06222496 -5.33669958 -16.02805112
As -29.38769577 -2.66995605 -13.35726359
Ga -32.06109112 -0.00388186 -10.68139269
As -29.38901857  2.67037179 -8.01275944
Ga -32.06354777  5.34227427 -5.34227427
As -29.38901857  8.01275944 -2.67037179
Ga -32.06109112  10.68139269  0.00388186
As -29.38769577  13.35726359  2.66995605
Ga -32.06222496  16.02805112  5.33669958
As -29.38845166  18.70437555  8.01400666
As -24.03712560 -18.69218682 -24.03712560
Ga -26.72979616 -16.03222742 -21.37525757
As -24.05186546 -13.36140209 -18.70467791
Ga -26.71789089 -10.68638157 -16.03194396
As -24.04525142 -8.01544286 -13.36053281
Ga -26.71543425 -5.34348369 -10.68791225
As -24.04336170 -2.67222373 -8.01617985
Ga -26.71486733 -0.00090487 -5.34340810
As -24.04336170  2.67161901 -2.67161901
Ga -26.71486733  5.34340810  0.00090487
As -24.04336170  8.01617985  2.67222373
Ga -26.71543425  10.68791225  5.34348369
As -24.04525142  13.36053281  8.01544286
Ga -26.71789089  16.03194396  10.68638157
As -24.05186546  18.70467791  13.36140209
Ga -26.72979616  21.37525757  16.03222742
As -24.03712560  24.03712560  18.69218682
As -18.69218682 -24.03712560 -24.03712560
Ga -21.36769867 -21.36769867 -21.36769867
As -18.69940557 -18.69940557 -18.69940557
Ga -21.37809216 -16.03133925 -16.03133925
As -18.70420548 -13.36047612 -13.36047612
Ga -21.37431271 -10.68829019 -10.68829019
As -18.70131420 -8.01661449 -8.01661449
Ga -21.37204504 -5.34456084 -5.34456084
As -18.69997249 -2.67239380 -2.67239380
Ga -21.37091120  0.00000000  0.00000000
As -18.69997249  2.67239380  2.67239380
Ga -21.37204504  5.34456084  5.34456084
As -18.70131420  8.01661449  8.01661449
Ga -21.37431271  10.68829019  10.68829019
As -18.70420548  13.36047612  13.36047612
Ga -21.37809216  16.03133925  16.03133925
As -18.69940557  18.69940557  18.69940557
Ga -21.36769867  21.36769867  21.36769867
As -18.69218682  24.03712560  24.03712560
Ga -16.03222742 -26.72979616 -21.37525757
As -13.36140209 -24.05186546 -18.70467791
Ga -16.03133925 -21.37809216 -16.03133925
As -13.36047612 -18.70420548 -13.36047612
Ga -16.03235970 -16.03235970 -10.68842247
As -13.36004149 -13.36004149 -8.01661449
Ga -16.03067784 -10.68881931 -5.34397502
As -13.35849191 -8.01619875 -2.67209145
Ga -16.02929834 -5.34450414  0.00008235
As -13.35788720 -2.67207255  2.67207255
Ga -16.02929834 -0.00008235  5.34450414
As -13.35849191  2.67209145  8.01619875
Ga -16.03067784  5.34397502  10.68881931
As -13.36004149  8.01661449  13.36004149
Ga -16.03235970  10.68842247  16.03235970
As -13.36047612  13.36047612  18.70420548
Ga -16.03133925  16.03133925  21.37809216
As -13.36140209  18.70467791  24.05186546
Ga -16.03222742  21.37525757  26.72979616
As -8.01400666 -29.38845166 -18.70437555
Ga -10.68638157 -26.71789089 -16.03194396
As -8.01544286 -24.04525142 -13.36053281
Ga -10.68829019 -21.37431271 -10.68829019
As -8.01661449 -18.70131420 -8.01661449
Ga -10.68881931 -16.03067784 -5.34397502
As -8.01619875 -13.35849191 -2.67209145
Ga -10.68777997 -10.68777997  0.00021460
As -8.01544286 -8.01544286  2.67158122
Ga -10.68666503 -5.34395612  5.34395612
As -8.01544286 -2.67158122  8.01544286
Ga -10.68777997 -0.00021460  10.68777997
As -8.01619875  2.67209145  13.35849191
Ga -10.68881931  5.34397502  16.03067784
As -8.01661449  8.01661449  18.70131420
Ga -10.68829019  10.68829019  21.37431271
As -8.01544286  13.36053281  24.04525142
Ga -10.68638157  16.03194396  26.71789089
As -8.01400666  18.70437555  29.38845166
Ga -5.33669958 -32.06222496 -16.02805112
As -2.66995605 -29.38769577 -13.35726359
Ga -5.34348369 -26.71543425 -10.68791225
As -2.67222373 -24.04336170 -8.01617985
Ga -5.34456084 -21.37204504 -5.34456084
As -2.67239380 -18.69997249 -2.67239380
Ga -5.34450414 -16.02929834  0.00008235
As -2.67207255 -13.35788720  2.67207255
Ga -5.34395612 -10.68666503  5.34395612
As -2.67158122 -8.01544286  8.01544286
Ga -5.34395612 -5.34395612  10.68666503
As -2.67207255 -2.67207255  13.35788720
Ga -5.34450414 -0.00008235  16.02929834
As -2.67239380  2.67239380  18.69997249
Ga -5.34456084  5.34456084  21.37204504
As -2.67222373  8.01617985  24.04336170
Ga -5.34348369  10.68791225  26.71543425
As -2.66995605  13.35726359  29.38769577
Ga -5.33669958  16.02805112  32.06222496
As  2.66606322 -34.73845490 -13.34583075
Ga -0.00388186 -32.06109112 -10.68139269
As  2.67037179 -29.38901857 -8.01275944
Ga -0.00090487 -26.71486733 -5.34340810
As  2.67161901 -24.04336170 -2.67161901
Ga -0.00000000 -21.37091120 -0.00000000
As  2.67239380 -18.69997249  2.67239380
Ga -0.00008235 -16.02929834  5.34450414
As  2.67209145 -13.35849191  8.01619875
Ga -0.00021460 -10.68777997  10.68777997
As  2.67209145 -8.01619875  13.35849191
Ga -0.00008235 -5.34450414  16.02929834
As  2.67239380 -2.67239380  18.69997249
Ga  0.00000000  0.00000000  21.37091120
As  2.67161901  2.67161901  24.04336170
Ga -0.00090487  5.34340810  26.71486733
As  2.67037179  8.01275944  29.38901857
Ga -0.00388186  10.68139269  32.06109112
As  2.66606322  13.34583075  34.73845490
Ga  5.33411065 -37.42470040 -10.67717860
As  8.01092641 -34.74506894 -8.01092641
Ga  5.34227427 -32.06354777 -5.34227427
As  8.01275944 -29.38901857 -2.67037179
Ga  5.34340810 -26.71486733  0.00090487
As  8.01617985 -24.04336170  2.67222373
Ga  5.34456084 -21.37204504  5.34456084
As  8.01661449 -18.70131420  8.01661449
Ga  5.34397502 -16.03067784  10.68881931
As  8.01661449 -13.36004149  13.36004149
Ga  5.34397502 -10.68881931  16.03067784
As  8.01661449 -8.01661449  18.70131420
Ga  5.34456084 -5.34456084  21.37204504
As  8.01617985 -2.67222373  24.04336170
Ga  5.34340810 -0.00090487  26.71486733
As  8.01275944  2.67037179  29.38901857
Ga  5.34227427  5.34227427  32.06354777
As  8.01092641  8.01092641  34.74506894
Ga  5.33411065  10.67717860  37.42470040
Ga  10.67717860 -37.42470040 -5.33411065
As  13.34583075 -34.73845490 -2.66606322
Ga  10.68139269 -32.06109112  0.00388186
As  13.35726359 -29.38769577  2.66995605
Ga  10.68791225 -26.71543425  5.34348369
As  13.36053281 -24.04525142  8.01544286
Ga  10.68829019 -21.37431271  10.68829019
As  13.36047612 -18.70420548  13.36047612
Ga  10.68842247 -16.03235970  16.03235970
As  13.36047612 -13.36047612  18.70420548
Ga  10.68829019 -10.68829019  21.37431271
As  13.36053281 -8.01544286  24.04525142
Ga  10.68791225 -5.34348369  26.71543425
As  13.35726359 -2.66995605  29.38769577
Ga  10.68139269 -0.00388186  32.06109112
As  13.34583075  2.66606322  34.73845490
Ga  10.67717860  5.33411065  37.42470040
Ga  16.02805112 -32.06222496  5.33669958
As  18.70437555 -29.38845166  8.01400666
Ga  16.03194396 -26.71789089  10.68638157
As  18.70467791 -24.05186546  13.36140209
Ga  16.03133925 -21.37809216  16.03133925
As  18.69940557 -18.69940557  18.69940557
Ga  16.03133925 -16.03133925  21.37809216
As  18.70467791 -13.36140209  24.05186546
Ga  16.03194396 -10.68638157  26.71789089
As  18.70437555 -8.01400666  29.38845166
Ga  16.02805112 -5.33669958  32.06222496
Ga  21.37525757 -26.72979616  16.03222742
As  24.03712560 -24.03712560  18.69218682
Ga  21.36769867 -21.36769867  21.36769867
As  24.03712560 -18.69218682  24.03712560
Ga  21.37525757 -16.03222742  26.72979616
As -29.39468775 -2.66976708 -24.04544040
Ga -32.07885455 -0.00529152 -21.37828114
As -29.39563262  2.66808523 -18.70789044
Ga -32.05995729  5.33543346 -16.02531102
As -29.38901857  8.01017052 -13.35533607
Ga -32.05920140  10.67984312 -10.67984312
As -29.38901857  13.35533607 -8.01017052
Ga -32.05995729  16.02531102 -5.33543346
As -29.39563262  18.70789044 -2.66808523
Ga -32.07885455  21.37828114  0.00529152
As -29.39468775  24.04544040  2.66976708
As -24.04865293 -8.02496707 -24.04865293
Ga -26.71902473 -5.34533562 -21.37865908
As -24.04770807 -2.67237490 -18.70626528
Ga -26.71959164 -0.00040874 -16.03424942
As -24.04657423  2.67033400 -13.36085407
Ga -26.71637911  5.34051682 -10.68543671
As -24.04544040  8.01434681 -8.01434681
Ga -26.71637911  10.68543671 -5.34051682
As -24.04657423  13.36085407 -2.67033400
Ga -26.71959164  16.03424942  0.00040874
As -24.04770807  18.70626528  2.67237490
Ga -26.71902473  21.37865908  5.34533562
As -24.04865293  24.04865293  8.02496707
Ga -21.37525757 -16.03222742 -26.72979616
As -18.70467791 -13.36140209 -24.05186546
Ga -21.37639141 -10.69239090 -21.37639141
As -18.70488578 -8.01761604 -18.70488578
Ga -21.37525757 -5.34374825 -16.03362581
As -18.70309054 -2.67233711 -13.36091076
Ga -21.37355682 -0.00033959 -10.68895160
As -18.70171104  2.67156232 -8.01650110
Ga -21.37242299  5.34361597 -5.34361597
As -18.70171104  8.01650110 -2.67156232
Ga -21.37355682  10.68895160  0.00033959
As -18.70309054  13.36091076  2.67233711
Ga -21.37525757  16.03362581  5.34374825
As -18.70488578  18.70488578  8.01761604
Ga -21.37639141  21.37639141  10.69239090
As -18.70467791  24.05186546  13.36140209
Ga -21.37525757  26.72979616  16.03222742
Ga -16.03222742 -21.37525757 -26.72979616
As -13.36140209 -18.70467791 -24.05186546
Ga -16.03133925 -16.03133925 -21.37809216
As -13.36047612 -13.36047612 -18.70420548
Ga -16.03235970 -10.68842247 -16.03235970
As -13.36004149 -8.01661449 -13.36004149
Ga -16.03067784 -5.34397502 -10.68881931
As -13.35849191 -2.67209145 -8.01619875
Ga -16.02929834  0.00008235 -5.34450414
As -13.35788720  2.67207255 -2.67207255
Ga -16.02929834  5.34450414 -0.00008235
As -13.35849191  8.01619875  2.67209145
Ga -16.03067784  10.68881931  5.34397502
As -13.36004149  13.36004149  8.01661449
Ga -16.03235970  16.03235970  10.68842247
As -13.36047612  18.70420548  13.36047612
Ga -16.03133925  21.37809216  16.03133925
As -13.36140209  24.05186546  18.70467791
Ga -16.03222742  26.72979616  21.37525757
As -8.02496707 -24.04865293 -24.04865293
Ga -10.69239090 -21.37639141 -21.37639141
As -8.01761604 -18.70488578 -18.70488578
Ga -10.68842247 -16.03235970 -16.03235970
As -8.01661449 -13.36004149 -13.36004149
Ga -10.68779886 -10.68779886 -10.68779886
As -8.01548065 -8.01548065 -8.01548065
Ga -10.68708077 -5.34388053 -5.34388053
As -8.01463027 -2.67205365 -2.67205365
Ga -10.68613590 -0.00000000 -0.00000000
As -8.01463027  2.67205365  2.67205365
Ga -10.68708077  5.34388053  5.34388053
As -8.01548065  8.01548065  8.01548065
Ga -10.68779886  10.68779886  10.68779886
As -8.01661449  13.36004149  13.36004149
Ga -10.68842247  16.03235970  16.03235970
As -8.01761604  18.70488578  18.70488578
Ga -10.69239090  21.37639141  21.37639141
As -8.02496707  24.04865293  24.04865293
As -2.66976708 -29.39468775 -24.04544040
Ga -5.34533562 -26.71902473 -21.37865908
As -2.67237490 -24.04770807 -18.70626528
Ga -5.34374825 -21.37525757 -16.03362581
As -2.67233711 -18.70309054 -13.36091076
Ga -5.34397502 -16.03067784 -10.68881931
As -2.67209145 -13.35849191 -8.01619875
Ga -5.34388053 -10.68708077 -5.34388053
As -2.67205365 -8.01463027 -2.67205365
Ga -5.34325692 -5.34325692  0.00055569
As -2.67139225 -2.67139225  2.67139225
Ga -5.34325692 -0.00055569  5.34325692
As -2.67205365  2.67205365  8.01463027
Ga -5.34388053  5.34388053  10.68708077
As -2.67209145  8.01619875  13.35849191
Ga -5.34397502  10.68881931  16.03067784
As -2.67233711  13.36091076  18.70309054
Ga -5.34374825  16.03362581  21.37525757
As -2.67237490  18.70626528  24.04770807
Ga -5.34533562  21.37865908  26.71902473
As -2.66976708  24.04544040  29.39468775
Ga -0.00529152 -32.07885455 -21.37828114
As  2.66808523 -29.39563262 -18.70789044
Ga -0.00040874 -26.71959164 -16.03424942
As  2.67033400 -24.04657423 -13.36085407
Ga -0.00033959 -21.37355682 -10.68895160
As  2.67156232 -18.70171104 -8.01650110
Ga  0.00008235 -16.02929834 -5.34450414
As  2.67207255 -13.35788720 -2.67207255
Ga -0.00000000 -10.68613590  0.00000000
As  2.67205365 -8.01463027  2.67205365
Ga -0.00055569 -5.34325692  5.34325692
As  2.67205365 -2.67205365  8.01463027
Ga  0.00000000 -0.00000000  10.68613590
As  2.67207255  2.67207255  13.35788720
Ga  0.00008235  5.34450414  16.02929834
As  2.67156232  8.01650110  18.70171104
Ga -0.00033959  10.68895160  21.37355682
As  2.67033400  13.36085407  24.04657423
Ga -0.00040874  16.03424942  26.71959164
As  2.66808523  18.70789044  29.39563262
Ga -0.00529152  21.37828114  32.07885455
Ga  5.33543346 -32.05995729 -16.02531102
As  8.01017052 -29.38901857 -13.35533607
Ga  5.34051682 -26.71637911 -10.68543671
As  8.01434681 -24.04544040 -8.01434681
Ga  5.34361597 -21.37242299 -5.34361597
As  8.01650110 -18.70171104 -2.67156232
Ga  5.34450414 -16.02929834 -0.00008235
As  8.01619875 -13.35849191  2.67209145
Ga  5.34388053 -10.68708077  5.34388053
As  8.01548065 -8.01548065  8.01548065
Ga  5.34388053 -5.34388053  10.68708077
As  8.01619875 -2.67209145  13.35849191
Ga  5.34450414  0.00008235  16.02929834
As  8.01650110  2.67156232  18.70171104
Ga  5.34361597  5.34361597  21.37242299
As  8.01434681  8.01434681  24.04544040
Ga  5.34051682  10.68543671  26.71637911
As  8.01017052  13.35533607  29.38901857
Ga  5.33543346  16.02531102  32.05995729
Ga  10.67984312 -32.05920140 -10.67984312
As  13.35533607 -29.38901857 -8.01017052
Ga  10.68543671 -26.71637911 -5.34051682
As  13.36085407 -24.04657423 -2.67033400
Ga  10.68895160 -21.37355682  0.00033959
As  13.36091076 -18.70309054  2.67233711
Ga  10.68881931 -16.03067784  5.34397502
As  13.36004149 -13.36004149  8.01661449
Ga  10.68779886 -10.68779886  10.68779886
As  13.36004149 -8.01661449  13.36004149
Ga  10.68881931 -5.34397502  16.03067784
As  13.36091076 -2.67233711  18.70309054
Ga  10.68895160 -0.00033959  21.37355682
As  13.36085407  2.67033400  24.04657423
Ga  10.68543671  5.34051682  26.71637911
As  13.35533607  8.01017052  29.38901857
Ga  10.67984312  10.67984312  32.05920140
Ga  16.02531102 -32.05995729 -5.33543346
As  18.70789044 -29.39563262 -2.66808523
Ga  16.03424942 -26.71959164  0.00040874
As  18.70626528 -24.04770807  2.67237490
Ga  16.03362581 -21.37525757  5.34374825
As  18.70488578 -18.70488578  8.01761604
Ga  16.03235970 -16.03235970  10.68842247
As  18.70420548 -13.36047612  13.36047612
Ga  16.03235970 -10.68842247  16.03235970
As  18.70488578 -8.01761604  18.70488578
Ga  16.03362581 -5.34374825  21.37525757
As  18.70626528 -2.67237490  24.04770807
Ga  16.03424942 -0.00040874  26.71959164
As  18.70789044  2.66808523  29.39563262
Ga  16.02531102  5.33543346  32.05995729
Ga  21.37828114 -32.07885455  0.00529152
As  24.04544040 -29.39468775  2.66976708
Ga  21.37865908 -26.71902473  5.34533562
As  24.04865293 -24.04865293  8.02496707
Ga  21.37639141 -21.37639141  10.69239090
As  24.05186546 -18.70467791  13.36140209
Ga  21.37809216 -16.03133925  16.03133925
As  24.05186546 -13.36140209  18.70467791
Ga  21.37639141 -10.69239090  21.37639141
As  24.04865293 -8.02496707  24.04865293
Ga  21.37865908 -5.34533562  26.71902473
As  24.04544040 -2.66976708  29.39468775
Ga  21.37828114 -0.00529152  32.07885455
Ga  26.72979616 -21.37525757  16.03222742
Ga  26.72979616 -16.03222742  21.37525757
As -29.40111282  13.35822735 -18.69371750
Ga -32.09264955  16.02754090 -16.02754090
As -29.40111282  18.69371750 -13.35822735
As -24.04544040 -2.66976708 -29.39468775
Ga -26.71996959  0.00050736 -26.71996959
As -24.04903088  2.67738268 -24.04903088
Ga -26.72129240  5.34958751 -21.37336785
As -24.04808601  8.01780501 -18.70142758
Ga -26.72223726  10.68658944 -16.02769207
As -24.04846396  13.35866199 -13.35866199
Ga -26.72223726  16.02769207 -10.68658944
As -24.04808601  18.70142758 -8.01780501
Ga -26.72129240  21.37336785 -5.34958751
As -24.04903088  24.04903088 -2.67738268
Ga -26.71996959  26.71996959 -0.00050736
As -24.04544040  29.39468775  2.66976708
As -18.70437555 -8.01400666 -29.38845166
Ga -21.37865908 -5.34533562 -26.71902473
As -18.70626528 -2.67237490 -24.04770807
Ga -21.37752525  0.00202898 -21.37752525
As -18.70467791  2.67243160 -18.70467791
Ga -21.37601347  5.34414510 -16.03194396
As -18.70361966  8.01595308 -13.36021156
Ga -21.37563552  10.68738312 -10.68738312
As -18.70361966  13.36021156 -8.01595308
Ga -21.37601347  16.03194396 -5.34414510
As -18.70467791  18.70467791 -2.67243160
Ga -21.37752525  21.37752525 -0.00202898
As -18.70626528  24.04770807  2.67237490
Ga -21.37865908  26.71902473  5.34533562
As -18.70437555  29.38845166  8.01400666
As -13.35868088 -13.35868088 -29.38637296
Ga -16.03194396 -10.68638157 -26.71789089
As -13.36053281 -8.01544286 -24.04525142
Ga -16.03362581 -5.34374825 -21.37525757
As -13.36091076 -2.67233711 -18.70309054
Ga -16.03256757  0.00018031 -16.03256757
As -13.36011707  2.67194027 -13.36011707
Ga -16.03135814  5.34420179 -10.68840357
As -13.35919111  8.01600977 -8.01600977
Ga -16.03135814  10.68840357 -5.34420179
As -13.36011707  13.36011707 -2.67194027
Ga -16.03256757  16.03256757 -0.00018031
As -13.36091076  18.70309054  2.67233711
Ga -16.03362581  21.37525757  5.34374825
As -13.36053281  24.04525142  8.01544286
Ga -16.03194396  26.71789089  10.68638157
As -13.35868088  29.38637296  13.35868088
As -8.01400666 -18.70437555 -29.38845166
Ga -10.68638157 -16.03194396 -26.71789089
As -8.01544286 -13.36053281 -24.04525142
Ga -10.68829019 -10.68829019 -21.37431271
As -8.01661449 -8.01661449 -18.70131420
Ga -10.68881931 -5.34397502 -16.03067784
As -8.01619875 -2.67209145 -13.35849191
Ga -10.68777997  0.00021460 -10.68777997
As -8.01544286  2.67158122 -8.01544286
Ga -10.68666503  5.34395612 -5.34395612
As -8.01544286  8.01544286 -2.67158122
Ga -10.68777997  10.68777997 -0.00021460
As -8.01619875  13.35849191  2.67209145
Ga -10.68881931  16.03067784  5.34397502
As -8.01661449  18.70131420  8.01661449
Ga -10.68829019  21.37431271  10.68829019
As -8.01544286  24.04525142  13.36053281
Ga -10.68638157  26.71789089  16.03194396
As -8.01400666  29.38845166  18.70437555
As -2.66976708 -24.04544040 -29.39468775
Ga -5.34533562 -21.37865908 -26.71902473
As -2.67237490 -18.70626528 -24.04770807
Ga -5.34374825 -16.03362581 -21.37525757
As -2.67233711 -13.36091076 -18.70309054
Ga -5.34397502 -10.68881931 -16.03067784
As -2.67209145 -8.01619875 -13.35849191
Ga -5.34388053 -5.34388053 -10.68708077
As -2.67205365 -2.67205365 -8.01463027
Ga -5.34325692  0.00055569 -5.34325692
As -2.67139225  2.67139225 -2.67139225
Ga -5.34325692  5.34325692 -0.00055569
As -2.67205365  8.01463027  2.67205365
Ga -5.34388053  10.68708077  5.34388053
As -2.67209145  13.35849191  8.01619875
Ga -5.34397502  16.03067784  10.68881931
As -2.67233711  18.70309054  13.36091076
Ga -5.34374825  21.37525757  16.03362581
As -2.67237490  24.04770807  18.70626528
Ga -5.34533562  26.71902473  21.37865908
As -2.66976708  29.39468775  24.04544040
Ga  0.00050736 -26.71996959 -26.71996959
As  2.67738268 -24.04903088 -24.04903088
Ga  0.00202898 -21.37752525 -21.37752525
As  2.67243160 -18.70467791 -18.70467791
Ga  0.00018031 -16.03256757 -16.03256757
As  2.67194027 -13.36011707 -13.36011707
Ga  0.00021460 -10.68777997 -10.68777997
As  2.67158122 -8.01544286 -8.01544286
Ga  0.00055569 -5.34325692 -5.34325692
As  2.67139225 -2.67139225 -2.67139225
Ga  0.00000000  0.00000000  0.00000000
As  2.67139225  2.67139225  2.67139225
Ga  0.00055569  5.34325692  5.34325692
As  2.67158122  8.01544286  8.01544286
Ga  0.00021460  10.68777997  10.68777997
As  2.67194027  13.36011707  13.36011707
Ga  0.00018031  16.03256757  16.03256757
As  2.67243160  18.70467791  18.70467791
Ga  0.00202898  21.37752525  21.37752525
As  2.67738268  24.04903088  24.04903088
Ga  0.00050736  26.71996959  26.71996959
Ga  5.34958751 -26.72129240 -21.37336785
As  8.01780501 -24.04808601 -18.70142758
Ga  5.34414510 -21.37601347 -16.03194396
As  8.01595308 -18.70361966 -13.36021156
Ga  5.34420179 -16.03135814 -10.68840357
As  8.01600977 -13.35919111 -8.01600977
Ga  5.34395612 -10.68666503 -5.34395612
As  8.01544286 -8.01544286 -2.67158122
Ga  5.34325692 -5.34325692 -0.00055569
As  8.01463027 -2.67205365  2.67205365
Ga  5.34325692  0.00055569  5.34325692
As  8.01544286  2.67158122  8.01544286
Ga  5.34395612  5.34395612  10.68666503
As  8.01600977  8.01600977  13.35919111
Ga  5.34420179  10.68840357  16.03135814
As  8.01595308  13.36021156  18.70361966
Ga  5.34414510  16.03194396  21.37601347
As  8.01780501  18.70142758  24.04808601
Ga  5.34958751  21.37336785  26.72129240
As  13.35822735 -29.40111282 -18.69371750
Ga  10.68658944 -26.72223726 -16.02769207
As  13.35866199 -24.04846396 -13.35866199
Ga  10.68738312 -21.37563552 -10.68738312
As  13.36021156 -18.70361966 -8.01595308
Ga  10.68840357 -16.03135814 -5.34420179
As  13.36011707 -13.36011707 -2.67194027
Ga  10.68777997 -10.68777997 -0.00021460
As  13.35849191 -8.01619875  2.67209145
Ga  10.68708077 -5.34388053  5.34388053
As  13.35849191 -2.67209145  8.01619875
Ga  10.68777997  0.00021460  10.68777997
As  13.36011707  2.67194027  13.36011707
Ga  10.68840357  5.34420179  16.03135814
As  13.36021156  8.01595308  18.70361966
Ga  10.68738312  10.68738312  21.37563552
As  13.35866199  13.35866199  24.04846396
Ga  10.68658944  16.02769207  26.72223726
As  13.35822735  18.69371750  29.40111282
Ga  16.02754090 -32.09264955 -16.02754090
As  18.69371750 -29.40111282 -13.35822735
Ga  16.02769207 -26.72223726 -10.68658944
As  18.70142758 -24.04808601 -8.01780501
Ga  16.03194396 -21.37601347 -5.34414510
As  18.70467791 -18.70467791 -2.67243160
Ga  16.03256757 -16.03256757 -0.00018031
As  18.70309054 -13.36091076  2.67233711
Ga  16.03067784 -10.68881931  5.34397502
As  18.70131420 -8.01661449  8.01661449
Ga  16.03067784 -5.34397502  10.68881931
As  18.70309054 -2.67233711  13.36091076
Ga  16.03256757  0.00018031  16.03256757
As  18.70467791  2.67243160  18.70467791
Ga  16.03194396  5.34414510  21.37601347
As  18.70142758  8.01780501  24.04808601
Ga  16.02769207  10.68658944  26.72223726
As  18.69371750  13.35822735  29.40111282
Ga  16.02754090  16.02754090  32.09264955
Ga  21.37336785 -26.72129240 -5.34958751
As  24.04903088 -24.04903088 -2.67738268
Ga  21.37752525 -21.37752525 -0.00202898
As  24.04770807 -18.70626528  2.67237490
Ga  21.37525757 -16.03362581  5.34374825
As  24.04525142 -13.36053281  8.01544286
Ga  21.37431271 -10.68829019  10.68829019
As  24.04525142 -8.01544286  13.36053281
Ga  21.37525757 -5.34374825  16.03362581
As  24.04770807 -2.67237490  18.70626528
Ga  21.37752525  0.00202898  21.37752525
As  24.04903088  2.67738268  24.04903088
Ga  21.37336785  5.34958751  26.72129240
Ga  26.71996959 -26.71996959 -0.00050736
As  29.39468775 -24.04544040  2.66976708
Ga  26.71902473 -21.37865908  5.34533562
As  29.38845166 -18.70437555  8.01400666
Ga  26.71789089 -16.03194396  10.68638157
As  29.38637296 -13.35868088  13.35868088
Ga  26.71789089 -10.68638157  16.03194396
As  29.38845166 -8.01400666  18.70437555
Ga  26.71902473 -5.34533562  21.37865908
As  29.39468775 -2.66976708  24.04544040
Ga  26.71996959  0.00050736  26.71996959
As -24.04940882  13.35578960 -24.04940882
Ga -26.72696157  16.02738972 -21.37393477
As -24.05243238  18.70346849 -18.70346849
Ga -26.72696157  21.37393477 -16.02738972
As -24.04940882  24.04940882 -13.35578960
Ga -21.37828114 -0.00529152 -32.07885455
As -18.70789044  2.66808523 -29.39563262
Ga -21.37336785  5.34958751 -26.72129240
As -18.70142758  8.01780501 -24.04808601
Ga -21.37582449  10.68787445 -21.37582449
As -18.70452673  13.36085407 -18.70452673
Ga -21.37790319  16.03218962 -16.03218962
As -18.70452673  18.70452673 -13.36085407
Ga -21.37582449  21.37582449 -10.68787445
As -18.70142758  24.04808601 -8.01780501
Ga -21.37336785  26.72129240 -5.34958751
As -18.70789044  29.39563262 -2.66808523
Ga -21.37828114  32.07885455  0.00529152
As -13.34959130 -8.00554069 -34.73505340
Ga -16.02805112 -5.33669958 -32.06222496
As -13.35726359 -2.66995605 -29.38769577
Ga -16.03424942 -0.00040874 -26.71959164
As -13.36085407  2.67033400 -24.04657423
Ga -16.03194396  5.34414510 -21.37601347
As -13.36021156  8.01595308 -18.70361966
Ga -16.03247308  10.68881931 -16.03247308
As -13.36030605  13.36030605 -13.36030605
Ga -16.03247308  16.03247308 -10.68881931
As -13.36021156  18.70361966 -8.01595308
Ga -16.03194396  21.37601347 -5.34414510
As -13.36085407  24.04657423 -2.67033400
Ga -16.03424942  26.71959164  0.00040874
As -13.35726359  29.38769577  2.66995605
Ga -16.02805112  32.06222496  5.33669958
As -13.34959130  34.73505340  8.00554069
As -8.00554069 -13.34959130 -34.73505340
Ga -10.68505876 -10.68505876 -32.06071318
As -8.01572631 -8.01572631 -29.38580604
Ga -10.68791225 -5.34348369 -26.71543425
As -8.01617985 -2.67222373 -24.04336170
Ga -10.68895160 -0.00033959 -21.37355682
As -8.01650110  2.67156232 -18.70171104
Ga -10.68840357  5.34420179 -16.03135814
As -8.01600977  8.01600977 -13.35919111
Ga -10.68834688  10.68834688 -10.68834688
As -8.01600977  13.35919111 -8.01600977
Ga -10.68840357  16.03135814 -5.34420179
As -8.01650110  18.70171104 -2.67156232
Ga -10.68895160  21.37355682  0.00033959
As -8.01617985  24.04336170  2.67222373
Ga -10.68791225  26.71543425  5.34348369
As -8.01572631  29.38580604  8.01572631
Ga -10.68505876  32.06071318  10.68505876
As -8.00554069  34.73505340  13.34959130
Ga -5.33669958 -16.02805112 -32.06222496
As -2.66995605 -13.35726359 -29.38769577
Ga -5.34348369 -10.68791225 -26.71543425
As -2.67222373 -8.01617985 -24.04336170
Ga -5.34456084 -5.34456084 -21.37204504
As -2.67239380 -2.67239380 -18.69997249
Ga -5.34450414  0.00008235 -16.02929834
As -2.67207255  2.67207255 -13.35788720
Ga -5.34395612  5.34395612 -10.68666503
As -2.67158122  8.01544286 -8.01544286
Ga -5.34395612  10.68666503 -5.34395612
As -2.67207255  13.35788720 -2.67207255
Ga -5.34450414  16.02929834 -0.00008235
As -2.67239380  18.69997249  2.67239380
Ga -5.34456084  21.37204504  5.34456084
As -2.67222373  24.04336170  8.01617985
Ga -5.34348369  26.71543425  10.68791225
As -2.66995605  29.38769577  13.35726359
Ga -5.33669958  32.06222496  16.02805112
Ga -0.00529152 -21.37828114 -32.07885455
As  2.66808523 -18.70789044 -29.39563262
Ga -0.00040874 -16.03424942 -26.71959164
As  2.67033400 -13.36085407 -24.04657423
Ga -0.00033959 -10.68895160 -21.37355682
As  2.67156232 -8.01650110 -18.70171104
Ga  0.00008235 -5.34450414 -16.02929834
As  2.67207255 -2.67207255 -13.35788720
Ga  0.00000000  0.00000000 -10.68613590
As  2.67205365  2.67205365 -8.01463027
Ga -0.00055569  5.34325692 -5.34325692
As  2.67205365  8.01463027 -2.67205365
Ga  0.00000000  10.68613590  0.00000000
As  2.67207255  13.35788720  2.67207255
Ga  0.00008235  16.02929834  5.34450414
As  2.67156232  18.70171104  8.01650110
Ga -0.00033959  21.37355682  10.68895160
As  2.67033400  24.04657423  13.36085407
Ga -0.00040874  26.71959164  16.03424942
As  2.66808523  29.39563262  18.70789044
Ga -0.00529152  32.07885455  21.37828114
Ga  5.34958751 -21.37336785 -26.72129240
As  8.01780501 -18.70142758 -24.04808601
Ga  5.34414510 -16.03194396 -21.37601347
As  8.01595308 -13.36021156 -18.70361966
Ga  5.34420179 -10.68840357 -16.03135814
As  8.01600977 -8.01600977 -13.35919111
Ga  5.34395612 -5.34395612 -10.68666503
As  8.01544286 -2.67158122 -8.01544286
Ga  5.34325692 -0.00055569 -5.34325692
As  8.01463027  2.67205365 -2.67205365
Ga  5.34325692  5.34325692  0.00055569
As  8.01544286  8.01544286  2.67158122
Ga  5.34395612  10.68666503  5.34395612
As  8.01600977  13.35919111  8.01600977
Ga  5.34420179  16.03135814  10.68840357
As  8.01595308  18.70361966  13.36021156
Ga  5.34414510  21.37601347  16.03194396
As  8.01780501  24.04808601  18.70142758
Ga  5.34958751  26.72129240  21.37336785
As  13.35578960 -24.04940882 -24.04940882
Ga  10.68787445 -21.37582449 -21.37582449
As  13.36085407 -18.70452673 -18.70452673
Ga  10.68881931 -16.03247308 -16.03247308
As  13.36030605 -13.36030605 -13.36030605
Ga  10.68834688 -10.68834688 -10.68834688
As  13.35919111 -8.01600977 -8.01600977
Ga  10.68666503 -5.34395612 -5.34395612
As  13.35788720 -2.67207255 -2.67207255
Ga  10.68613590  0.00000000  0.00000000
As  13.35788720  2.67207255  2.67207255
Ga  10.68666503  5.34395612  5.34395612
As  13.35919111  8.01600977  8.01600977
Ga  10.68834688  10.68834688  10.68834688
As  13.36030605  13.36030605  13.36030605
Ga  10.68881931  16.03247308  16.03247308
As  13.36085407  18.70452673  18.70452673
Ga  10.68787445  21.37582449  21.37582449
As  13.35578960  24.04940882  24.04940882
Ga  16.02738972 -26.72696157 -21.37393477
As  18.70346849 -24.05243238 -18.70346849
Ga  16.03218962 -21.37790319 -16.03218962
As  18.70452673 -18.70452673 -13.36085407
Ga  16.03247308 -16.03247308 -10.68881931
As  18.70361966 -13.36021156 -8.01595308
Ga  16.03135814 -10.68840357 -5.34420179
As  18.70171104 -8.01650110 -2.67156232
Ga  16.02929834 -5.34450414 -0.00008235
As  18.69997249 -2.67239380  2.67239380
Ga  16.02929834  0.00008235  5.34450414
As  18.70171104  2.67156232  8.01650110
Ga  16.03135814  5.34420179  10.68840357
As  18.70361966  8.01595308  13.36021156
Ga  16.03247308  10.68881931  16.03247308
As  18.70452673  13.36085407  18.70452673
Ga  16.03218962  16.03218962  21.37790319
As  18.70346849  18.70346849  24.05243238
Ga  16.02738972  21.37393477  26.72696157
Ga  21.37393477 -26.72696157 -16.02738972
As  24.04940882 -24.04940882 -13.35578960
Ga  21.37582449 -21.37582449 -10.68787445
As  24.04808601 -18.70142758 -8.01780501
Ga  21.37601347 -16.03194396 -5.34414510
As  24.04657423 -13.36085407 -2.67033400
Ga  21.37355682 -10.68895160  0.00033959
As  24.04336170 -8.01617985  2.67222373
Ga  21.37204504 -5.34456084  5.34456084
As  24.04336170 -2.67222373  8.01617985
Ga  21.37355682 -0.00033959  10.68895160
As  24.04657423  2.67033400  13.36085407
Ga  21.37601347  5.34414510  16.03194396
As  24.04808601  8.01780501  18.70142758
Ga  21.37582449  10.68787445  21.37582449
As  24.04940882  13.35578960  24.04940882
Ga  21.37393477  16.02738972  26.72696157
Ga  26.72129240 -21.37336785 -5.34958751
As  29.39563262 -18.70789044 -2.66808523
Ga  26.71959164 -16.03424942  0.00040874
As  29.38769577 -13.35726359  2.66995605
Ga  26.71543425 -10.68791225  5.34348369
As  29.38580604 -8.01572631  8.01572631
Ga  26.71543425 -5.34348369  10.68791225
As  29.38769577 -2.66995605  13.35726359
Ga  26.71959164 -0.00040874  16.03424942
As  29.39563262  2.66808523  18.70789044
Ga  26.72129240  5.34958751  21.37336785
Ga  32.07885455 -21.37828114  0.00529152
Ga  32.06222496 -16.02805112  5.33669958
As  34.73505340 -13.34959130  8.00554069
Ga  32.06071318 -10.68505876  10.68505876
As  34.73505340 -8.00554069  13.34959130
Ga  32.06222496 -5.33669958  16.02805112
Ga  32.07885455 -0.00529152  21.37828114
As -18.69371750  13.35822735 -29.40111282
Ga -21.37393477  16.02738972 -26.72696157
As -18.70346849  18.70346849 -24.05243238
Ga -21.37506860  21.37506860 -21.37506860
As -18.70346849  24.05243238 -18.70346849
Ga -21.37393477  26.72696157 -16.02738972
As -18.69371750  29.40111282 -13.35822735
As -13.34583075  2.66606322 -34.73845490
Ga -16.02531102  5.33543346 -32.05995729
As -13.35533607  8.01017052 -29.38901857
Ga -16.02769207  10.68658944 -26.72223726
As -13.35866199  13.35866199 -24.04846396
Ga -16.03218962  16.03218962 -21.37790319
As -13.36085407  18.70452673 -18.70452673
Ga -16.03218962  21.37790319 -16.03218962
As -13.35866199  24.04846396 -13.35866199
Ga -16.02769207  26.72223726 -10.68658944
As -13.35533607  29.38901857 -8.01017052
Ga -16.02531102  32.05995729 -5.33543346
As -13.34583075  34.73845490 -2.66606322
Ga -10.68167615 -5.34397502 -37.41959814
As -8.01393108 -2.67789290 -34.73448648
Ga -10.68139269 -0.00388186 -32.06109112
As -8.01275944  2.67037179 -29.38901857
Ga -10.68543671  5.34051682 -26.71637911
As -8.01434681  8.01434681 -24.04544040
Ga -10.68738312  10.68738312 -21.37563552
As -8.01595308  13.36021156 -18.70361966
Ga -10.68881931  16.03247308 -16.03247308
As -8.01595308  18.70361966 -13.36021156
Ga -10.68738312  21.37563552 -10.68738312
As -8.01434681  24.04544040 -8.01434681
Ga -10.68543671  26.71637911 -5.34051682
As -8.01275944  29.38901857 -2.67037179
Ga -10.68139269  32.06109112  0.00388186
As -8.01393108  34.73448648  2.67789290
Ga -10.68167615  37.41959814  5.34397502
Ga -5.34397502 -10.68167615 -37.41959814
As -2.67789290 -8.01393108 -34.73448648
Ga -5.34526003 -5.34526003 -32.05844551
As -2.67275285 -2.67275285 -29.38637296
Ga -5.34340810 -0.00090487 -26.71486733
As -2.67161901  2.67161901 -24.04336170
Ga -5.34361597  5.34361597 -21.37242299
As -2.67156232  8.01650110 -18.70171104
Ga -5.34420179  10.68840357 -16.03135814
As -2.67194027  13.36011707 -13.36011707
Ga -5.34420179  16.03135814 -10.68840357
As -2.67156232  18.70171104 -8.01650110
Ga -5.34361597  21.37242299 -5.34361597
As -2.67161901  24.04336170 -2.67161901
Ga -5.34340810  26.71486733  0.00090487
As -2.67275285  29.38637296  2.67275285
Ga -5.34526003  32.05844551  5.34526003
As -2.67789290  34.73448648  8.01393108
Ga -5.34397502  37.41959814  10.68167615
As  2.66606322 -13.34583075 -34.73845490
Ga -0.00388186 -10.68139269 -32.06109112
As  2.67037179 -8.01275944 -29.38901857
Ga -0.00090487 -5.34340810 -26.71486733
As  2.67161901 -2.67161901 -24.04336170
Ga -0.00000000 -0.00000000 -21.37091120
As  2.67239380  2.67239380 -18.69997249
Ga -0.00008235  5.34450414 -16.02929834
As  2.67209145  8.01619875 -13.35849191
Ga -0.00021460  10.68777997 -10.68777997
As  2.67209145  13.35849191 -8.01619875
Ga -0.00008235  16.02929834 -5.34450414
As  2.67239380  18.69997249 -2.67239380
Ga  0.00000000  21.37091120 -0.00000000
As  2.67161901  24.04336170  2.67161901
Ga -0.00090487  26.71486733  5.34340810
As  2.67037179  29.38901857  8.01275944
Ga -0.00388186  32.06109112  10.68139269
As  2.66606322  34.73845490  13.34583075
Ga  5.33543346 -16.02531102 -32.05995729
As  8.01017052 -13.35533607 -29.38901857
Ga  5.34051682 -10.68543671 -26.71637911
As  8.01434681 -8.01434681 -24.04544040
Ga  5.34361597 -5.34361597 -21.37242299
As  8.01650110 -2.67156232 -18.70171104
Ga  5.34450414 -0.00008235 -16.02929834
As  8.01619875  2.67209145 -13.35849191
Ga  5.34388053  5.34388053 -10.68708077
As  8.01548065  8.01548065 -8.01548065
Ga  5.34388053  10.68708077 -5.34388053
As  8.01619875  13.35849191 -2.67209145
Ga  5.34450414  16.02929834  0.00008235
As  8.01650110  18.70171104  2.67156232
Ga  5.34361597  21.37242299  5.34361597
As  8.01434681  24.04544040  8.01434681
Ga  5.34051682  26.71637911  10.68543671
As  8.01017052  29.38901857  13.35533607
Ga  5.33543346  32.05995729  16.02531102
As  13.35822735 -18.69371750 -29.40111282
Ga  10.68658944 -16.02769207 -26.72223726
As  13.35866199 -13.35866199 -24.04846396
Ga  10.68738312 -10.68738312 -21.37563552
As  13.36021156 -8.01595308 -18.70361966
Ga  10.68840357 -5.34420179 -16.03135814
As  13.36011707 -2.67194027 -13.36011707
Ga  10.68777997 -0.00021460 -10.68777997
As  13.35849191  2.67209145 -8.01619875
Ga  10.68708077  5.34388053 -5.34388053
As  13.35849191  8.01619875 -2.67209145
Ga  10.68777997  10.68777997  0.00021460
As  13.36011707  13.36011707  2.67194027
Ga  10.68840357  16.03135814  5.34420179
As  13.36021156  18.70361966  8.01595308
Ga  10.68738312  21.37563552  10.68738312
As  13.35866199  24.04846396  13.35866199
Ga  10.68658944  26.72223726  16.02769207
As  13.35822735  29.40111282  18.69371750
Ga  16.02738972 -21.37393477 -26.72696157
As  18.70346849 -18.70346849 -24.05243238
Ga  16.03218962 -16.03218962 -21.37790319
As  18.70452673 -13.36085407 -18.70452673
Ga  16.03247308 -10.68881931 -16.03247308
As  18.70361966 -8.01595308 -13.36021156
Ga  16.03135814 -5.34420179 -10.68840357
As  18.70171104 -2.67156232 -8.01650110
Ga  16.02929834 -0.00008235 -5.34450414
As  18.69997249  2.67239380 -2.67239380
Ga  16.02929834  5.34450414  0.00008235
As  18.70171104  8.01650110  2.67156232
Ga  16.03135814  10.68840357  5.34420179
As  18.70361966  13.36021156  8.01595308
Ga  16.03247308  16.03247308  10.68881931
As  18.70452673  18.70452673  13.36085407
Ga  16.03218962  21.37790319  16.03218962
As  18.70346849  24.05243238  18.70346849
Ga  16.02738972  26.72696157  21.37393477
Ga  21.37506860 -21.37506860 -21.37506860
As  24.05243238 -18.70346849 -18.70346849
Ga  21.37790319 -16.03218962 -16.03218962
As  24.04846396 -13.35866199 -13.35866199
Ga  21.37563552 -10.68738312 -10.68738312
As  24.04544040 -8.01434681 -8.01434681
Ga  21.37242299 -5.34361597 -5.34361597
As  24.04336170 -2.67161901 -2.67161901
Ga  21.37091120  0.00000000 -0.00000000
As  24.04336170  2.67161901  2.67161901
Ga  21.37242299  5.34361597  5.34361597
As  24.04544040  8.01434681  8.01434681
Ga  21.37563552  10.68738312  10.68738312
As  24.04846396  13.35866199  13.35866199
Ga  21.37790319  16.03218962  16.03218962
As  24.05243238  18.70346849  18.70346849
Ga  21.37506860  21.37506860  21.37506860
Ga  26.72696157 -21.37393477 -16.02738972
As  29.40111282 -18.69371750 -13.35822735
Ga  26.72223726 -16.02769207 -10.68658944
As  29.38901857 -13.35533607 -8.01017052
Ga  26.71637911 -10.68543671 -5.34051682
As  29.38901857 -8.01275944 -2.67037179
Ga  26.71486733 -5.34340810  0.00090487
As  29.38637296 -2.67275285  2.67275285
Ga  26.71486733 -0.00090487  5.34340810
As  29.38901857  2.67037179  8.01275944
Ga  26.71637911  5.34051682  10.68543671
As  29.38901857  8.01017052  13.35533607
Ga  26.72223726  10.68658944  16.02769207
As  29.40111282  13.35822735  18.69371750
Ga  26.72696157  16.02738972  21.37393477
Ga  32.05995729 -16.02531102 -5.33543346
As  34.73845490 -13.34583075 -2.66606322
Ga  32.06109112 -10.68139269  0.00388186
As  34.73448648 -8.01393108  2.67789290
Ga  32.05844551 -5.34526003  5.34526003
As  34.73448648 -2.67789290  8.01393108
Ga  32.06109112 -0.00388186  10.68139269
As  34.73845490  2.66606322  13.34583075
Ga  32.05995729  5.33543346  16.02531102
Ga  37.41959814 -10.68167615  5.34397502
Ga  37.41959814 -5.34397502  10.68167615
Ga -16.02754090  16.02754090 -32.09264955
As -13.35822735  18.69371750 -29.40111282
Ga -16.02738972  21.37393477 -26.72696157
As -13.35578960  24.04940882 -24.04940882
Ga -16.02738972  26.72696157 -21.37393477
As -13.35822735  29.40111282 -18.69371750
Ga -16.02754090  32.09264955 -16.02754090
Ga -10.67717860  5.33411065 -37.42470040
As -8.01092641  8.01092641 -34.74506894
Ga -10.67984312  10.67984312 -32.05920140
As -8.01017052  13.35533607 -29.38901857
Ga -10.68658944  16.02769207 -26.72223726
As -8.01780501  18.70142758 -24.04808601
Ga -10.68787445  21.37582449 -21.37582449
As -8.01780501  24.04808601 -18.70142758
Ga -10.68658944  26.72223726 -16.02769207
As -8.01017052  29.38901857 -13.35533607
Ga -10.67984312  32.05920140 -10.67984312
As -8.01092641  34.74506894 -8.01092641
Ga -10.67717860  37.42470040 -5.33411065
Ga -5.33909953 -0.00825039 -37.39937807
As -2.66895450  2.66895450 -34.73014011
Ga -5.34227427  5.34227427 -32.06354777
As -2.67037179  8.01275944 -29.38901857
Ga -5.34051682  10.68543671 -26.71637911
As -2.67033400  13.36085407 -24.04657423
Ga -5.34414510  16.03194396 -21.37601347
As -2.67243160  18.70467791 -18.70467791
Ga -5.34414510  21.37601347 -16.03194396
As -2.67033400  24.04657423 -13.36085407
Ga -5.34051682  26.71637911 -10.68543671
As -2.67037179  29.38901857 -8.01275944
Ga -5.34227427  32.06354777 -5.34227427
As -2.66895450  34.73014011 -2.66895450
Ga -5.33909953  37.39937807  0.00825039
Ga -0.00825039 -5.33909953 -37.39937807
As  2.66895450 -2.66895450 -34.73014011
Ga -0.00000000  0.00000000 -32.05561092
As  2.67275285  2.67275285 -29.38637296
Ga  0.00090487  5.34340810 -26.71486733
As  2.67222373  8.01617985 -24.04336170
Ga  0.00033959  10.68895160 -21.37355682
As  2.67233711  13.36091076 -18.70309054
Ga -0.00018031  16.03256757 -16.03256757
As  2.67233711  18.70309054 -13.36091076
Ga  0.00033959  21.37355682 -10.68895160
As  2.67222373  24.04336170 -8.01617985
Ga  0.00090487  26.71486733 -5.34340810
As  2.67275285  29.38637296 -2.67275285
Ga -0.00000000  32.05561092  0.00000000
As  2.66895450  34.73014011  2.66895450
Ga -0.00825039  37.39937807  5.33909953
Ga  5.33411065 -10.67717860 -37.42470040
As  8.01092641 -8.01092641 -34.74506894
Ga  5.34227427 -5.34227427 -32.06354777
As  8.01275944 -2.67037179 -29.38901857
Ga  5.34340810  0.00090487 -26.71486733
As  8.01617985  2.67222373 -24.04336170
Ga  5.34456084  5.34456084 -21.37204504
As  8.01661449  8.01661449 -18.70131420
Ga  5.34397502  10.68881931 -16.03067784
As  8.01661449  13.36004149 -13.36004149
Ga  5.34397502  16.03067784 -10.68881931
As  8.01661449  18.70131420 -8.01661449
Ga  5.34456084  21.37204504 -5.34456084
As  8.01617985  24.04336170 -2.67222373
Ga  5.34340810  26.71486733 -0.00090487
As  8.01275944  29.38901857  2.67037179
Ga  5.34227427  32.06354777  5.34227427
As  8.01092641  34.74506894  8.01092641
Ga  5.33411065  37.42470040  10.67717860
Ga  10.67984312 -10.67984312 -32.05920140
As  13.35533607 -8.01017052 -29.38901857
Ga  10.68543671 -5.34051682 -26.71637911
As  13.36085407 -2.67033400 -24.04657423
Ga  10.68895160  0.00033959 -21.37355682
As  13.36091076  2.67233711 -18.70309054
Ga  10.68881931  5.34397502 -16.03067784
As  13.36004149  8.01661449 -13.36004149
Ga  10.68779886  10.68779886 -10.68779886
As  13.36004149  13.36004149 -8.01661449
Ga  10.68881931  16.03067784 -5.34397502
As  13.36091076  18.70309054 -2.67233711
Ga  10.68895160  21.37355682 -0.00033959
As  13.36085407  24.04657423  2.67033400
Ga  10.68543671  26.71637911  5.34051682
As  13.35533607  29.38901857  8.01017052
Ga  10.67984312  32.05920140  10.67984312
Ga  16.02754090 -16.02754090 -32.09264955
As  18.69371750 -13.35822735 -29.40111282
Ga  16.02769207 -10.68658944 -26.72223726
As  18.70142758 -8.01780501 -24.04808601
Ga  16.03194396 -5.34414510 -21.37601347
As  18.70467791 -2.67243160 -18.70467791
Ga  16.03256757 -0.00018031 -16.03256757
As  18.70309054  2.67233711 -13.36091076
Ga  16.03067784  5.34397502 -10.68881931
As  18.70131420  8.01661449 -8.01661449
Ga  16.03067784  10.68881931 -5.34397502
As  18.70309054  13.36091076 -2.67233711
Ga  16.03256757  16.03256757  0.00018031
As  18.70467791  18.70467791  2.67243160
Ga  16.03194396  21.37601347  5.34414510
As  18.70142758  24.04808601  8.01780501
Ga  16.02769207  26.72223726  10.68658944
As  18.69371750  29.40111282  13.35822735
Ga  16.02754090  32.09264955  16.02754090
Ga  21.37393477 -16.02738972 -26.72696157
As  24.04940882 -13.35578960 -24.04940882
Ga  21.37582449 -10.68787445 -21.37582449
As  24.04808601 -8.01780501 -18.70142758
Ga  21.37601347 -5.34414510 -16.03194396
As  24.04657423 -2.67033400 -13.36085407
Ga  21.37355682  0.00033959 -10.68895160
As  24.04336170  2.67222373 -8.01617985
Ga  21.37204504  5.34456084 -5.34456084
As  24.04336170  8.01617985 -2.67222373
Ga  21.37355682  10.68895160 -0.00033959
As  24.04657423  13.36085407  2.67033400
Ga  21.37601347  16.03194396  5.34414510
As  24.04808601  18.70142758  8.01780501
Ga  21.37582449  21.37582449  10.68787445
As  24.04940882  24.04940882  13.35578960
Ga  21.37393477  26.72696157  16.02738972
Ga  26.72696157 -16.02738972 -21.37393477
As  29.40111282 -13.35822735 -18.69371750
Ga  26.72223726 -10.68658944 -16.02769207
As  29.38901857 -8.01017052 -13.35533607
Ga  26.71637911 -5.34051682 -10.68543671
As  29.38901857 -2.67037179 -8.01275944
Ga  26.71486733  0.00090487 -5.34340810
As  29.38637296  2.67275285 -2.67275285
Ga  26.71486733  5.34340810 -0.00090487
As  29.38901857  8.01275944  2.67037179
Ga  26.71637911  10.68543671  5.34051682
As  29.38901857  13.35533607  8.01017052
Ga  26.72223726  16.02769207  10.68658944
As  29.40111282  18.69371750  13.35822735
Ga  26.72696157  21.37393477  16.02738972
Ga  32.09264955 -16.02754090 -16.02754090
Ga  32.05920140 -10.67984312 -10.67984312
As  34.74506894 -8.01092641 -8.01092641
Ga  32.06354777 -5.34227427 -5.34227427
As  34.73014011 -2.66895450 -2.66895450
Ga  32.05561092  0.00000000 -0.00000000
As  34.73014011  2.66895450  2.66895450
Ga  32.06354777  5.34227427  5.34227427
As  34.74506894  8.01092641  8.01092641
Ga  32.05920140  10.67984312  10.67984312
Ga  32.09264955  16.02754090  16.02754090
Ga  37.42470040 -10.67717860 -5.33411065
Ga  37.39937807 -5.33909953  0.00825039
Ga  37.39937807 -0.00825039  5.33909953
Ga  37.42470040  5.33411065  10.67717860
Ga -5.33411065  10.67717860 -37.42470040
As -2.66606322  13.34583075 -34.73845490
Ga -5.33543346  16.02531102 -32.05995729
As -2.66808523  18.70789044 -29.39563262
Ga -5.34958751  21.37336785 -26.72129240
As -2.67738268  24.04903088 -24.04903088
Ga -5.34958751  26.72129240 -21.37336785
As -2.66808523  29.39563262 -18.70789044
Ga -5.33543346  32.05995729 -16.02531102
As -2.66606322  34.73845490 -13.34583075
Ga -5.33411065  37.42470040 -10.67717860
Ga  0.00825039  5.33909953 -37.39937807
As  2.67789290  8.01393108 -34.73448648
Ga  0.00388186  10.68139269 -32.06109112
As  2.66995605  13.35726359 -29.38769577
Ga  0.00040874  16.03424942 -26.71959164
As  2.67237490  18.70626528 -24.04770807
Ga -0.00202898  21.37752525 -21.37752525
As  2.67237490  24.04770807 -18.70626528
Ga  0.00040874  26.71959164 -16.03424942
As  2.66995605  29.38769577 -13.35726359
Ga  0.00388186  32.06109112 -10.68139269
As  2.67789290  34.73448648 -8.01393108
Ga  0.00825039  37.39937807 -5.33909953
Ga  5.33909953  0.00825039 -37.39937807
As  8.01393108  2.67789290 -34.73448648
Ga  5.34526003  5.34526003 -32.05844551
As  8.01572631  8.01572631 -29.38580604
Ga  5.34348369  10.68791225 -26.71543425
As  8.01544286  13.36053281 -24.04525142
Ga  5.34374825  16.03362581 -21.37525757
As  8.01761604  18.70488578 -18.70488578
Ga  5.34374825  21.37525757 -16.03362581
As  8.01544286  24.04525142 -13.36053281
Ga  5.34348369  26.71543425 -10.68791225
As  8.01572631  29.38580604 -8.01572631
Ga  5.34526003  32.05844551 -5.34526003
As  8.01393108  34.73448648 -2.67789290
Ga  5.33909953  37.39937807 -0.00825039
Ga  10.67717860 -5.33411065 -37.42470040
As  13.34583075 -2.66606322 -34.73845490
Ga  10.68139269  0.00388186 -32.06109112
As  13.35726359  2.66995605 -29.38769577
Ga  10.68791225  5.34348369 -26.71543425
As  13.36053281  8.01544286 -24.04525142
Ga  10.68829019  10.68829019 -21.37431271
As  13.36047612  13.36047612 -18.70420548
Ga  10.68842247  16.03235970 -16.03235970
As  13.36047612  18.70420548 -13.36047612
Ga  10.68829019  21.37431271 -10.68829019
As  13.36053281  24.04525142 -8.01544286
Ga  10.68791225  26.71543425 -5.34348369
As  13.35726359  29.38769577 -2.66995605
Ga  10.68139269  32.06109112 -0.00388186
As  13.34583075  34.73845490  2.66606322
Ga  10.67717860  37.42470040  5.33411065
Ga  16.02531102 -5.33543346 -32.05995729
As  18.70789044 -2.66808523 -29.39563262
Ga  16.03424942  0.00040874 -26.71959164
As  18.70626528  2.67237490 -24.04770807
Ga  16.03362581  5.34374825 -21.37525757
As  18.70488578  8.01761604 -18.70488578
Ga  16.03235970  10.68842247 -16.03235970
As  18.70420548  13.36047612 -13.36047612
Ga  16.03235970  16.03235970 -10.68842247
As  18.70488578  18.70488578 -8.01761604
Ga  16.03362581  21.37525757 -5.34374825
As  18.70626528  24.04770807 -2.67237490
Ga  16.03424942  26.71959164 -0.00040874
As  18.70789044  29.39563262  2.66808523
Ga  16.02531102  32.05995729  5.33543346
Ga  21.37336785 -5.34958751 -26.72129240
As  24.04903088 -2.67738268 -24.04903088
Ga  21.37752525 -0.00202898 -21.37752525
As  24.04770807  2.67237490 -18.70626528
Ga  21.37525757  5.34374825 -16.03362581
As  24.04525142  8.01544286 -13.36053281
Ga  21.37431271  10.68829019 -10.68829019
As  24.04525142  13.36053281 -8.01544286
Ga  21.37525757  16.03362581 -5.34374825
As  24.04770807  18.70626528 -2.67237490
Ga  21.37752525  21.37752525  0.00202898
As  24.04903088  24.04903088  2.67738268
Ga  21.37336785  26.72129240  5.34958751
Ga  26.72129240 -5.34958751 -21.37336785
As  29.39563262 -2.66808523 -18.70789044
Ga  26.71959164  0.00040874 -16.03424942
As  29.38769577  2.66995605 -13.35726359
Ga  26.71543425  5.34348369 -10.68791225
As  29.38580604  8.01572631 -8.01572631
Ga  26.71543425  10.68791225 -5.34348369
As  29.38769577  13.35726359 -2.66995605
Ga  26.71959164  16.03424942 -0.00040874
As  29.39563262  18.70789044  2.66808523
Ga  26.72129240  21.37336785  5.34958751
Ga  32.05995729 -5.33543346 -16.02531102
As  34.73845490 -2.66606322 -13.34583075
Ga  32.06109112  0.00388186 -10.68139269
As  34.73448648  2.67789290 -8.01393108
Ga  32.05844551  5.34526003 -5.34526003
As  34.73448648  8.01393108 -2.67789290
Ga  32.06109112  10.68139269 -0.00388186
As  34.73845490  13.34583075  2.66606322
Ga  32.05995729  16.02531102  5.33543346
Ga  37.42470040 -5.33411065 -10.67717860
Ga  37.39937807  0.00825039 -5.33909953
Ga  37.39937807  5.33909953 -0.00825039
Ga  37.42470040  10.67717860  5.33411065
Ga  0.00529152  21.37828114 -32.07885455
As  2.66976708  24.04544040 -29.39468775
Ga -0.00050736  26.71996959 -26.71996959
As  2.66976708  29.39468775 -24.04544040
Ga  0.00529152  32.07885455 -21.37828114
Ga  5.34397502  10.68167615 -37.41959814
As  8.00554069  13.34959130 -34.73505340
Ga  5.33669958  16.02805112 -32.06222496
As  8.01400666  18.70437555 -29.38845166
Ga  5.34533562  21.37865908 -26.71902473
As  8.02496707  24.04865293 -24.04865293
Ga  5.34533562  26.71902473 -21.37865908
As  8.01400666  29.38845166 -18.70437555
Ga  5.33669958  32.06222496 -16.02805112
As  8.00554069  34.73505340 -13.34959130
Ga  5.34397502  37.41959814 -10.68167615
Ga  10.68167615  5.34397502 -37.41959814
As  13.34959130  8.00554069 -34.73505340
Ga  10.68505876  10.68505876 -32.06071318
As  13.35868088  13.35868088 -29.38637296
Ga  10.68638157  16.03194396 -26.71789089
As  13.36140209  18.70467791 -24.05186546
Ga  10.69239090  21.37639141 -21.37639141
As  13.36140209  24.05186546 -18.70467791
Ga  10.68638157  26.71789089 -16.03194396
As  13.35868088  29.38637296 -13.35868088
Ga  10.68505876  32.06071318 -10.68505876
As  13.34959130  34.73505340 -8.00554069
Ga  10.68167615  37.41959814 -5.34397502
Ga  16.02805112  5.33669958 -32.06222496
As  18.70437555  8.01400666 -29.38845166
Ga  16.03194396  10.68638157 -26.71789089
As  18.70467791  13.36140209 -24.05186546
Ga  16.03133925  16.03133925 -21.37809216
As  18.69940557  18.69940557 -18.69940557
Ga  16.03133925  21.37809216 -16.03133925
As  18.70467791  24.05186546 -13.36140209
Ga  16.03194396  26.71789089 -10.68638157
As  18.70437555  29.38845166 -8.01400666
Ga  16.02805112  32.06222496 -5.33669958
Ga  21.37828114  0.00529152 -32.07885455
As  24.04544040  2.66976708 -29.39468775
Ga  21.37865908  5.34533562 -26.71902473
As  24.04865293  8.02496707 -24.04865293
Ga  21.37639141  10.69239090 -21.37639141
As  24.05186546  13.36140209 -18.70467791
Ga  21.37809216  16.03133925 -16.03133925
As  24.05186546  18.70467791 -13.36140209
Ga  21.37639141  21.37639141 -10.69239090
As  24.04865293  24.04865293 -8.02496707
Ga  21.37865908  26.71902473 -5.34533562
As  24.04544040  29.39468775 -2.66976708
Ga  21.37828114  32.07885455 -0.00529152
Ga  26.71996959 -0.00050736 -26.71996959
As  29.39468775  2.66976708 -24.04544040
Ga  26.71902473  5.34533562 -21.37865908
As  29.38845166  8.01400666 -18.70437555
Ga  26.71789089  10.68638157 -16.03194396
As  29.38637296  13.35868088 -13.35868088
Ga  26.71789089  16.03194396 -10.68638157
As  29.38845166  18.70437555 -8.01400666
Ga  26.71902473  21.37865908 -5.34533562
As  29.39468775  24.04544040 -2.66976708
Ga  26.71996959  26.71996959  0.00050736
Ga  32.07885455  0.00529152 -21.37828114
Ga  32.06222496  5.33669958 -16.02805112
As  34.73505340  8.00554069 -13.34959130
Ga  32.06071318  10.68505876 -10.68505876
As  34.73505340  13.34959130 -8.00554069
Ga  32.06222496  16.02805112 -5.33669958
Ga  32.07885455  21.37828114 -0.00529152
Ga  37.41959814  5.34397502 -10.68167615
Ga  37.41959814  10.68167615 -5.34397502
Ga  16.03222742  21.37525757 -26.72979616
As  18.69218682  24.03712560 -24.03712560
Ga  16.03222742  26.72979616 -21.37525757
Ga  21.37525757  16.03222742 -26.72979616
As  24.03712560  18.69218682 -24.03712560
Ga  21.36769867  21.36769867 -21.36769867
As  24.03712560  24.03712560 -18.69218682
Ga  21.37525757  26.72979616 -16.03222742
Ga  26.72979616  16.03222742 -21.37525757
Ga  26.72979616  21.37525757 -16.03222742
P2 -30.20279128 -19.49398433  12.55652055
P1 -33.58276463 -17.49176579  17.49176579
P1 -33.54669921 -14.55301605  14.55301605
P2 -30.20279128 -12.55652055  19.49398433
P2 -24.85142743 -24.85142743  12.55348754
P1 -28.20065494 -22.84305499  17.49761166
P1 -28.20065494 -17.49761166  22.84305499
P2 -24.85142743 -12.55348754  24.85142743
P2 -19.49398433 -30.20279128  12.55652055
P1 -22.84305499 -28.20065494  17.49761166
P1 -22.84481244 -22.84481244  22.84481244
P1 -22.84305499 -17.49761166  28.20065494
P2 -19.49398433 -12.55652055  30.20279128
P1 -17.49176579 -33.58276463  17.49176579
P1 -14.55301605 -33.54669921  14.55301605
P2 -12.55652055 -30.20279128  19.49398433
P1 -17.49761166 -28.20065494  22.84305499
P2 -12.55348754 -24.85142743  24.85142743
P1 -17.49761166 -22.84305499  28.20065494
P2 -12.55652055 -19.49398433  30.20279128
P1 -17.49176579 -17.49176579  33.58276463
P1 -14.55301605 -14.55301605  33.54669921
P2 -35.54393171 -14.14323464  1.86423145
P1 -38.90805971 -12.14179845  6.79841869
P1 -38.88321926 -9.20878592  3.85833859
P1 -38.90805971 -6.79841869  12.14179845
P1 -38.88321926 -3.85833859  9.20878592
P2 -35.54393171 -1.86423145  14.14323464
P2 -30.19897403 -24.84649524 -3.46821978
P1 -33.55660137 -22.84948006  1.45697955
P1 -33.54600001 -19.89957811 -1.46561869
P1 -33.52814210 -17.49446243  6.80520848
P1 -33.53164754 -12.14655205  12.14655205
P1 -33.52814210 -6.80520848  17.49446243
P1 -33.55660137 -1.45697955  22.84948006
P1 -33.54600001  1.46561869  19.89957811
P2 -30.19897403  3.46821978  24.84649524
P2 -24.84649524 -30.19897403 -3.46821978
P1 -28.19044097 -28.19044097  1.46977467
P1 -28.19280313 -22.84030544  6.82127493
P1 -28.19280313 -6.82127493  22.84030544
P1 -28.19044097 -1.46977467  28.19044097
P2 -24.84649524  3.46821978  30.19897403
P1 -22.84948006 -33.55660137  1.45697955
P1 -19.89957811 -33.54600001 -1.46561869
P1 -22.84030544 -28.19280313  6.82127493
P1 -22.84030544 -6.82127493  28.19280313
P1 -22.84948006 -1.45697955  33.55660137
P1 -19.89957811  1.46561869  33.54600001
P2 -14.14323464 -35.54393171  1.86423145
P1 -17.49446243 -33.52814210  6.80520848
P1 -17.49446243 -6.80520848  33.52814210
P2 -14.14323464 -1.86423145  35.54393171
P1 -12.14179845 -38.90805971  6.79841869
P1 -9.20878592 -38.88321926  3.85833859
P1 -12.14655205 -33.53164754  12.14655205
P1 -12.14655205 -12.14655205  33.53164754
P1 -12.14179845 -6.79841869  38.90805971
P1 -9.20878592 -3.85833859  38.88321926
P1 -6.79841869 -38.90805971  12.14179845
P1 -3.85833859 -38.88321926  9.20878592
P2 -1.86423145 -35.54393171  14.14323464
P1 -6.80520848 -33.52814210  17.49446243
P1 -6.82127493 -28.19280313  22.84030544
P1 -6.82127493 -22.84030544  28.19280313
P1 -6.80520848 -17.49446243  33.52814210
P2 -1.86423145 -14.14323464  35.54393171
P1 -6.79841869 -12.14179845  38.90805971
P1 -3.85833859 -9.20878592  38.88321926
P1 -1.45697955 -33.55660137  22.84948006
P1  1.46561869 -33.54600001  19.89957811
P2  3.46821978 -30.19897403  24.84649524
P1 -1.46977467 -28.19044097  28.19044097
P2  3.46821978 -24.84649524  30.19897403
P1 -1.45697955 -22.84948006  33.55660137
P1  1.46561869 -19.89957811  33.54600001
P2 -35.54211757 -14.14685347 -8.80380630
P1 -38.89838431 -12.14506956 -3.87558234
P1 -38.89318756 -9.21323150 -6.81126599
P1 -38.87182421 -6.80665034  1.45427612
P1 -38.87566980 -3.86874247 -1.46986036
P1 -38.87182421 -1.45427612  6.80665034
P1 -38.87566980  1.46986036  3.86874247
P1 -38.89838431  3.87558234  12.14506956
P1 -38.89318756  6.81126599  9.21323150
P2 -35.54211757  8.80380630  14.14685347
P2 -30.18961989 -19.50643385 -8.81646747
P1 -33.53851669 -17.49197460 -3.86475232
P1 -33.53851669  3.86475232  17.49197460
P2 -30.18961989  8.81646747  19.50643385
P2 -24.85061485 -24.85061485 -8.82781338
P2 -24.85061485  8.82781338  24.85061485
P2 -19.50643385 -30.18961989 -8.81646747
P2 -19.50643385  8.81646747  30.18961989
P2 -14.14685347 -35.54211757 -8.80380630
P1 -17.49197460 -33.53851669 -3.86475232
P1 -17.49197460  3.86475232  33.53851669
P2 -14.14685347  8.80380630  35.54211757
P1 -12.14506956 -38.89838431 -3.87558234
P1 -9.21323150 -38.89318756 -6.81126599
P1 -12.14506956  3.87558234  38.89838431
P1 -9.21323150  6.81126599  38.89318756
P1 -6.80665034 -38.87182421  1.45427612
P1 -3.86874247 -38.87566980 -1.46986036
P1 -6.80665034 -1.45427612  38.87182421
P1 -3.86874247  1.46986036  38.87566980
P1 -1.45427612 -38.87182421  6.80665034
P1  1.46986036 -38.87566980  3.86874247
P1 -1.45427612 -6.80665034  38.87182421
P1  1.46986036 -3.86874247  38.87566980
P1  3.87558234 -38.89838431  12.14506956
P1  6.81126599 -38.89318756  9.21323150
P2  8.80380630 -35.54211757  14.14685347
P1  3.86475232 -33.53851669  17.49197460
P2  8.81646747 -30.18961989  19.50643385
P2  8.82781338 -24.85061485  24.85061485
P2  8.81646747 -19.50643385  30.18961989
P1  3.86475232 -17.49197460  33.53851669
P2  8.80380630 -14.14685347  35.54211757
P1  3.87558234 -12.14506956  38.89838431
P1  6.81126599 -9.21323150  38.89318756
P2 -35.54211757 -8.80380630 -14.14685347
P1 -38.89318756 -6.81126599 -9.21323150
P1 -38.89838431 -3.87558234 -12.14506956
P1 -38.87566980 -1.46986036 -3.86874247
P1 -38.87182421  1.45427612 -6.80665034
P1 -38.87566980  3.86874247  1.46986036
P1 -38.87182421  6.80665034 -1.45427612
P1 -38.89318756  9.21323150  6.81126599
P1 -38.89838431  12.14506956  3.87558234
P2 -35.54211757  14.14685347  8.80380630
P2 -30.18935533 -14.15960534 -14.15960534
P2 -30.18935533  14.15960534  14.15960534
P2 -24.83761353 -24.83761353 -19.49058849
P1 -28.20245018 -22.84843126 -14.56618366
P1 -28.20348953 -19.90762362 -17.50326005
P1 -28.20245018  14.56618366  22.84843126
P1 -28.20348953  17.50326005  19.90762362
P2 -24.83761353  19.49058849  24.83761353
P1 -22.84843126 -28.20245018 -14.56618366
P1 -19.90762362 -28.20348953 -17.50326005
P1 -22.84843126  14.56618366  28.20245018
P1 -19.90762362  17.50326005  28.20348953
P2 -14.15960534 -30.18935533 -14.15960534
P2 -14.15960534  14.15960534  30.18935533
P2 -8.80380630 -35.54211757 -14.14685347
P2 -8.80380630  14.14685347  35.54211757
P1 -6.81126599 -38.89318756 -9.21323150
P1 -3.87558234 -38.89838431 -12.14506956
P1 -6.81126599  9.21323150  38.89318756
P1 -3.87558234  12.14506956  38.89838431
P1 -1.46986036 -38.87566980 -3.86874247
P1  1.45427612 -38.87182421 -6.80665034
P1 -1.46986036  3.86874247  38.87566980
P1  1.45427612  6.80665034  38.87182421
P1  3.86874247 -38.87566980  1.46986036
P1  6.80665034 -38.87182421 -1.45427612
P1  3.86874247 -1.46986036  38.87566980
P1  6.80665034  1.45427612  38.87182421
P1  9.21323150 -38.89318756  6.81126599
P1  12.14506956 -38.89838431  3.87558234
P2  14.14685347 -35.54211757  8.80380630
P2  14.15960534 -30.18935533  14.15960534
P2  14.15960534 -14.15960534  30.18935533
P2  14.14685347 -8.80380630  35.54211757
P1  9.21323150 -6.81126599  38.89318756
P1  12.14506956 -3.87558234  38.89838431
P1  14.56618366 -28.20245018  22.84843126
P1  17.50326005 -28.20348953  19.90762362
P2  19.49058849 -24.83761353  24.83761353
P1  14.56618366 -22.84843126  28.20245018
P1  17.50326005 -19.90762362  28.20348953
P2 -35.54393171  1.86423145 -14.14323464
P1 -38.88321926  3.85833859 -9.20878592
P1 -38.90805971  6.79841869 -12.14179845
P1 -38.88321926  9.20878592 -3.85833859
P1 -38.90805971  12.14179845 -6.79841869
P2 -35.54393171  14.14323464 -1.86423145
P2 -30.18961989 -8.81646747 -19.50643385
P1 -33.53851669 -3.86475232 -17.49197460
P1 -33.53851669  17.49197460  3.86475232
P2 -30.18961989  19.50643385  8.81646747
P2 -24.83761353 -19.49058849 -24.83761353
P1 -28.20348953 -17.50326005 -19.90762362
P1 -28.20245018 -14.56618366 -22.84843126
P1 -28.20348953  19.90762362  17.50326005
P1 -28.20245018  22.84843126  14.56618366
P2 -24.83761353  24.83761353  19.49058849
P2 -19.49058849 -24.83761353 -24.83761353
P2 -19.49058849  24.83761353  24.83761353
P1 -17.50326005 -28.20348953 -19.90762362
P1 -14.56618366 -28.20245018 -22.84843126
P1 -17.50326005  19.90762362  28.20348953
P1 -14.56618366  22.84843126  28.20245018
P2 -8.81646747 -30.18961989 -19.50643385
P2 -8.81646747  19.50643385  30.18961989
P1 -3.86475232 -33.53851669 -17.49197460
P1 -3.86475232  17.49197460  33.53851669
P2  1.86423145 -35.54393171 -14.14323464
P2  1.86423145  14.14323464  35.54393171
P1  3.85833859 -38.88321926 -9.20878592
P1  6.79841869 -38.90805971 -12.14179845
P1  3.85833859  9.20878592  38.88321926
P1  6.79841869  12.14179845  38.90805971
P1  9.20878592 -38.88321926 -3.85833859
P1  12.14179845 -38.90805971 -6.79841869
P2  14.14323464 -35.54393171 -1.86423145
P2  14.14323464  1.86423145  35.54393171
P1  9.20878592  3.85833859  38.88321926
P1  12.14179845  6.79841869  38.90805971
P1  17.49197460 -33.53851669  3.86475232
P2  19.50643385 -30.18961989  8.81646747
P2  19.50643385 -8.81646747  30.18961989
P1  17.49197460 -3.86475232  33.53851669
P1  19.90762362 -28.20348953  17.50326005
P1  22.84843126 -28.20245018  14.56618366
P2  24.83761353 -24.83761353  19.49058849
P2  24.83761353 -19.49058849  24.83761353
P1  19.90762362 -17.50326005  28.20348953
P1  22.84843126 -14.56618366  28.20245018
P2 -30.19897403 -3.46821978 -24.84649524
P1 -33.54600001 -1.46561869 -19.89957811
P1 -33.55660137  1.45697955 -22.84948006
P1 -33.52814210  6.80520848 -17.49446243
P1 -33.53164754  12.14655205 -12.14655205
P1 -33.52814210  17.49446243 -6.80520848
P1 -33.54600001  19.89957811  1.46561869
P1 -33.55660137  22.84948006 -1.45697955
P2 -30.19897403  24.84649524  3.46821978
P2 -24.85061485 -8.82781338 -24.85061485
P2 -24.85061485  24.85061485  8.82781338
P1 -22.84843126 -14.56618366 -28.20245018
P1 -19.90762362 -17.50326005 -28.20348953
P1 -22.84843126  28.20245018  14.56618366
P1 -19.90762362  28.20348953  17.50326005
P1 -17.50326005 -19.90762362 -28.20348953
P1 -14.56618366 -22.84843126 -28.20245018
P1 -17.50326005  28.20348953  19.90762362
P1 -14.56618366  28.20245018  22.84843126
P2 -8.82781338 -24.85061485 -24.85061485
P2 -8.82781338  24.85061485  24.85061485
P2 -3.46821978 -30.19897403 -24.84649524
P2 -3.46821978  24.84649524  30.19897403
P1 -1.46561869 -33.54600001 -19.89957811
P1  1.45697955 -33.55660137 -22.84948006
P1 -1.46561869  19.89957811  33.54600001
P1  1.45697955  22.84948006  33.55660137
P1  6.80520848 -33.52814210 -17.49446243
P1  6.80520848  17.49446243  33.52814210
P1  12.14655205 -33.53164754 -12.14655205
P1  12.14655205  12.14655205  33.53164754
P1  17.49446243 -33.52814210 -6.80520848
P1  17.49446243  6.80520848  33.52814210
P1  19.89957811 -33.54600001  1.46561869
P1  22.84948006 -33.55660137 -1.45697955
P2  24.84649524 -30.19897403  3.46821978
P2  24.85061485 -24.85061485  8.82781338
P2  24.85061485 -8.82781338  24.85061485
P2  24.84649524 -3.46821978  30.19897403
P1  19.89957811 -1.46561869  33.54600001
P1  22.84948006  1.45697955  33.55660137
P1  28.20245018 -22.84843126  14.56618366
P1  28.20348953 -19.90762362  17.50326005
P1  28.20348953 -17.50326005  19.90762362
P1  28.20245018 -14.56618366  22.84843126
P2 -30.20279128  12.55652055 -19.49398433
P1 -33.54669921  14.55301605 -14.55301605
P1 -33.58276463  17.49176579 -17.49176579
P2 -30.20279128  19.49398433 -12.55652055
P2 -24.84649524 -3.46821978 -30.19897403
P1 -28.19044097  1.46977467 -28.19044097
P1 -28.19280313  6.82127493 -22.84030544
P1 -28.19280313  22.84030544 -6.82127493
P1 -28.19044097  28.19044097 -1.46977467
P2 -24.84649524  30.19897403  3.46821978
P2 -19.50643385 -8.81646747 -30.18961989
P2 -19.50643385  30.18961989  8.81646747
P2 -14.15960534 -14.15960534 -30.18935533
P2 -14.15960534  30.18935533  14.15960534
P2 -8.81646747 -19.50643385 -30.18961989
P2 -8.81646747  30.18961989  19.50643385
P2 -3.46821978 -24.84649524 -30.19897403
P2 -3.46821978  30.19897403  24.84649524
P1  1.46977467 -28.19044097 -28.19044097
P1  1.46977467  28.19044097  28.19044097
P1  6.82127493 -28.19280313 -22.84030544
P1  6.82127493  22.84030544  28.19280313
P2  12.55652055 -30.20279128 -19.49398433
P2  12.55652055  19.49398433  30.20279128
P1  14.55301605 -33.54669921 -14.55301605
P1  17.49176579 -33.58276463 -17.49176579
P2  19.49398433 -30.20279128 -12.55652055
P2  19.49398433  12.55652055  30.20279128
P1  14.55301605  14.55301605  33.54669921
P1  17.49176579  17.49176579  33.58276463
P1  22.84030544 -28.19280313 -6.82127493
P1  22.84030544  6.82127493  28.19280313
P1  28.19044097 -28.19044097 -1.46977467
P2  30.19897403 -24.84649524  3.46821978
P2  30.18961989 -19.50643385  8.81646747
P2  30.18935533 -14.15960534  14.15960534
P2  30.18961989 -8.81646747  19.50643385
P2  30.19897403 -3.46821978  24.84649524
P1  28.19044097  1.46977467  28.19044097
P2 -24.85142743  12.55348754 -24.85142743
P1 -28.20065494  17.49761166 -22.84305499
P1 -28.20065494  22.84305499 -17.49761166
P2 -24.85142743  24.85142743 -12.55348754
P1 -22.84948006  1.45697955 -33.55660137
P1 -19.89957811 -1.46561869 -33.54600001
P1 -22.84030544  6.82127493 -28.19280313
P1 -22.84030544  28.19280313 -6.82127493
P1 -22.84948006  33.55660137 -1.45697955
P1 -19.89957811  33.54600001  1.46561869
P2 -14.14685347 -8.80380630 -35.54211757
P1 -17.49197460 -3.86475232 -33.53851669
P1 -17.49197460  33.53851669  3.86475232
P2 -14.14685347  35.54211757  8.80380630
P2 -8.80380630 -14.14685347 -35.54211757
P2 -8.80380630  35.54211757  14.14685347
P1 -3.86475232 -17.49197460 -33.53851669
P1 -3.86475232  33.53851669  17.49197460
P1 -1.46561869 -19.89957811 -33.54600001
P1  1.45697955 -22.84948006 -33.55660137
P1 -1.46561869  33.54600001  19.89957811
P1  1.45697955  33.55660137  22.84948006
P1  6.82127493 -22.84030544 -28.19280313
P1  6.82127493  28.19280313  22.84030544
P2  12.55348754 -24.85142743 -24.85142743
P2  12.55348754  24.85142743  24.85142743
P1  17.49761166 -28.20065494 -22.84305499
P1  17.49761166  22.84305499  28.20065494
P1  22.84305499 -28.20065494 -17.49761166
P2  24.85142743 -24.85142743 -12.55348754
P2  24.85142743  12.55348754  24.85142743
P1  22.84305499  17.49761166  28.20065494
P1  28.19280313 -22.84030544 -6.82127493
P1  28.19280313  6.82127493  22.84030544
P1  33.55660137 -22.84948006 -1.45697955
P1  33.54600001 -19.89957811  1.46561869
P1  33.53851669 -17.49197460  3.86475232
P2  35.54211757 -14.14685347  8.80380630
P2  35.54211757 -8.80380630  14.14685347
P1  33.53851669 -3.86475232  17.49197460
P1  33.54600001 -1.46561869  19.89957811
P1  33.55660137  1.45697955  22.84948006
P2 -19.49398433  12.55652055 -30.20279128
P1 -22.84305499  17.49761166 -28.20065494
P1 -22.84481244  22.84481244 -22.84481244
P1 -22.84305499  28.20065494 -17.49761166
P2 -19.49398433  30.20279128 -12.55652055
P2 -14.14323464  1.86423145 -35.54393171
P1 -17.49446243  6.80520848 -33.52814210
P1 -17.49446243  33.52814210 -6.80520848
P2 -14.14323464  35.54393171 -1.86423145
P1 -12.14506956 -3.87558234 -38.89838431
P1 -9.21323150 -6.81126599 -38.89318756
P1 -12.14506956  38.89838431  3.87558234
P1 -9.21323150  38.89318756  6.81126599
P1 -6.81126599 -9.21323150 -38.89318756
P1 -3.87558234 -12.14506956 -38.89838431
P1 -6.81126599  38.89318756  9.21323150
P1 -3.87558234  38.89838431  12.14506956
P2  1.86423145 -14.14323464 -35.54393171
P2  1.86423145  35.54393171  14.14323464
P1  6.80520848 -17.49446243 -33.52814210
P1  6.80520848  33.52814210  17.49446243
P2  12.55652055 -19.49398433 -30.20279128
P2  12.55652055  30.20279128  19.49398433
P1  17.49761166 -22.84305499 -28.20065494
P1  17.49761166  28.20065494  22.84305499
P1  22.84481244 -22.84481244 -22.84481244
P1  22.84481244  22.84481244  22.84481244
P1  28.20065494 -22.84305499 -17.49761166
P2  30.20279128 -19.49398433 -12.55652055
P2  30.20279128  12.55652055  19.49398433
P1  28.20065494  17.49761166  22.84305499
P1  33.52814210 -17.49446243 -6.80520848
P2  35.54393171 -14.14323464 -1.86423145
P2  35.54393171  1.86423145  14.14323464
P1  33.52814210  6.80520848  17.49446243
P1  38.89838431 -12.14506956  3.87558234
P1  38.89318756 -9.21323150  6.81126599
P1  38.89318756 -6.81126599  9.21323150
P1  38.89838431 -3.87558234  12.14506956
P1 -17.49176579  17.49176579 -33.58276463
P1 -14.55301605  14.55301605 -33.54669921
P2 -12.55652055  19.49398433 -30.20279128
P1 -17.49761166  22.84305499 -28.20065494
P2 -12.55348754  24.85142743 -24.85142743
P1 -17.49761166  28.20065494 -22.84305499
P2 -12.55652055  30.20279128 -19.49398433
P1 -17.49176579  33.58276463 -17.49176579
P1 -14.55301605  33.54669921 -14.55301605
P1 -12.14179845  6.79841869 -38.90805971
P1 -9.20878592  3.85833859 -38.88321926
P1 -12.14655205  12.14655205 -33.53164754
P1 -12.14655205  33.53164754 -12.14655205
P1 -12.14179845  38.90805971 -6.79841869
P1 -9.20878592  38.88321926 -3.85833859
P1 -6.80665034  1.45427612 -38.87182421
P1 -3.86874247 -1.46986036 -38.87566980
P1 -6.80665034  38.87182421 -1.45427612
P1 -3.86874247  38.87566980  1.46986036
P1 -1.46986036 -3.86874247 -38.87566980
P1  1.45427612 -6.80665034 -38.87182421
P1 -1.46986036  38.87566980  3.86874247
P1  1.45427612  38.87182421  6.80665034
P1  3.85833859 -9.20878592 -38.88321926
P1  6.79841869 -12.14179845 -38.90805971
P1  3.85833859  38.88321926  9.20878592
P1  6.79841869  38.90805971  12.14179845
P1  12.14655205 -12.14655205 -33.53164754
P1  12.14655205  33.53164754  12.14655205
P1  14.55301605 -14.55301605 -33.54669921
P1  17.49176579 -17.49176579 -33.58276463
P2  19.49398433 -12.55652055 -30.20279128
P2  19.49398433  30.20279128  12.55652055
P1  14.55301605  33.54669921  14.55301605
P1  17.49176579  33.58276463  17.49176579
P1  22.84305499 -17.49761166 -28.20065494
P2  24.85142743 -12.55348754 -24.85142743
P2  24.85142743  24.85142743  12.55348754
P1  22.84305499  28.20065494  17.49761166
P1  28.20065494 -17.49761166 -22.84305499
P2  30.20279128 -12.55652055 -19.49398433
P2  30.20279128  19.49398433  12.55652055
P1  28.20065494  22.84305499  17.49761166
P1  33.58276463 -17.49176579 -17.49176579
P1  33.54669921 -14.55301605 -14.55301605
P1  33.53164754 -12.14655205 -12.14655205
P1  33.53164754  12.14655205  12.14655205
P1  33.54669921  14.55301605  14.55301605
P1  33.58276463  17.49176579  17.49176579
P1  38.90805971 -12.14179845 -6.79841869
P1  38.88321926 -9.20878592 -3.85833859
P1  38.87182421 -6.80665034 -1.45427612
P1  38.87566980 -3.86874247  1.46986036
P1  38.87566980 -1.46986036  3.86874247
P1  38.87182421  1.45427612  6.80665034
P1  38.88321926  3.85833859  9.20878592
P1  38.90805971  6.79841869  12.14179845
P1 -6.79841869  12.14179845 -38.90805971
P1 -3.85833859  9.20878592 -38.88321926
P2 -1.86423145  14.14323464 -35.54393171
P1 -6.80520848  17.49446243 -33.52814210
P1 -6.82127493  22.84030544 -28.19280313
P1 -6.82127493  28.19280313 -22.84030544
P1 -6.80520848  33.52814210 -17.49446243
P2 -1.86423145  35.54393171 -14.14323464
P1 -6.79841869  38.90805971 -12.14179845
P1 -3.85833859  38.88321926 -9.20878592
P1 -1.45427612  6.80665034 -38.87182421
P1  1.46986036  3.86874247 -38.87566980
P1 -1.45427612  38.87182421 -6.80665034
P1  1.46986036  38.87566980 -3.86874247
P1  3.86874247  1.46986036 -38.87566980
P1  6.80665034 -1.45427612 -38.87182421
P1  3.86874247  38.87566980 -1.46986036
P1  6.80665034  38.87182421  1.45427612
P1  9.20878592 -3.85833859 -38.88321926
P1  12.14179845 -6.79841869 -38.90805971
P2  14.14323464 -1.86423145 -35.54393171
P2  14.14323464  35.54393171  1.86423145
P1  9.20878592  38.88321926  3.85833859
P1  12.14179845  38.90805971  6.79841869
P1  17.49446243 -6.80520848 -33.52814210
P1  17.49446243  33.52814210  6.80520848
P1  22.84030544 -6.82127493 -28.19280313
P1  22.84030544  28.19280313  6.82127493
P1  28.19280313 -6.82127493 -22.84030544
P1  28.19280313  22.84030544  6.82127493
P1  33.52814210 -6.80520848 -17.49446243
P2  35.54393171 -1.86423145 -14.14323464
P2  35.54393171  14.14323464  1.86423145
P1  33.52814210  17.49446243  6.80520848
P1  38.90805971 -6.79841869 -12.14179845
P1  38.88321926 -3.85833859 -9.20878592
P1  38.87182421 -1.45427612 -6.80665034
P1  38.87566980  1.46986036 -3.86874247
P1  38.87566980  3.86874247 -1.46986036
P1  38.87182421  6.80665034  1.45427612
P1  38.88321926  9.20878592  3.85833859
P1  38.90805971  12.14179845  6.79841869
P1 -1.45697955  22.84948006 -33.55660137
P1  1.46561869  19.89957811 -33.54600001
P2  3.46821978  24.84649524 -30.19897403
P1 -1.46977467  28.19044097 -28.19044097
P2  3.46821978  30.19897403 -24.84649524
P1 -1.45697955  33.55660137 -22.84948006
P1  1.46561869  33.54600001 -19.89957811
P1  3.87558234  12.14506956 -38.89838431
P1  6.81126599  9.21323150 -38.89318756
P2  8.80380630  14.14685347 -35.54211757
P1  3.86475232  17.49197460 -33.53851669
P2  8.81646747  19.50643385 -30.18961989
P2  8.82781338  24.85061485 -24.85061485
P2  8.81646747  30.18961989 -19.50643385
P1  3.86475232  33.53851669 -17.49197460
P2  8.80380630  35.54211757 -14.14685347
P1  3.87558234  38.89838431 -12.14506956
P1  6.81126599  38.89318756 -9.21323150
P1  9.21323150  6.81126599 -38.89318756
P1  12.14506956  3.87558234 -38.89838431
P2  14.14685347  8.80380630 -35.54211757
P2  14.15960534  14.15960534 -30.18935533
P2  14.15960534  30.18935533 -14.15960534
P2  14.14685347  35.54211757 -8.80380630
P1  9.21323150  38.89318756 -6.81126599
P1  12.14506956  38.89838431 -3.87558234
P1  17.49197460  3.86475232 -33.53851669
P2  19.50643385  8.81646747 -30.18961989
P2  19.50643385  30.18961989 -8.81646747
P1  17.49197460  33.53851669 -3.86475232
P1  19.89957811  1.46561869 -33.54600001
P1  22.84948006 -1.45697955 -33.55660137
P2  24.84649524  3.46821978 -30.19897403
P2  24.85061485  8.82781338 -24.85061485
P2  24.85061485  24.85061485 -8.82781338
P2  24.84649524  30.19897403 -3.46821978
P1  19.89957811  33.54600001 -1.46561869
P1  22.84948006  33.55660137  1.45697955
P1  28.19044097 -1.46977467 -28.19044097
P2  30.19897403  3.46821978 -24.84649524
P2  30.18961989  8.81646747 -19.50643385
P2  30.18935533  14.15960534 -14.15960534
P2  30.18961989  19.50643385 -8.81646747
P2  30.19897403  24.84649524 -3.46821978
P1  28.19044097  28.19044097  1.46977467
P1  33.55660137 -1.45697955 -22.84948006
P1  33.54600001  1.46561869 -19.89957811
P1  33.53851669  3.86475232 -17.49197460
P2  35.54211757  8.80380630 -14.14685347
P2  35.54211757  14.14685347 -8.80380630
P1  33.53851669  17.49197460 -3.86475232
P1  33.54600001  19.89957811 -1.46561869
P1  33.55660137  22.84948006  1.45697955
P1  38.89838431  3.87558234 -12.14506956
P1  38.89318756  6.81126599 -9.21323150
P1  38.89318756  9.21323150 -6.81126599
P1  38.89838431  12.14506956 -3.87558234
P1  14.56618366  22.84843126 -28.20245018
P1  17.50326005  19.90762362 -28.20348953
P2  19.49058849  24.83761353 -24.83761353
P1  14.56618366  28.20245018 -22.84843126
P1  17.50326005  28.20348953 -19.90762362
P1  19.90762362  17.50326005 -28.20348953
P1  22.84843126  14.56618366 -28.20245018
P2  24.83761353  19.49058849 -24.83761353
P2  24.83761353  24.83761353 -19.49058849
P1  19.90762362  28.20348953 -17.50326005
P1  22.84843126  28.20245018 -14.56618366
P1  28.20245018  14.56618366 -22.84843126
P1  28.20348953  17.50326005 -19.90762362
P1  28.20348953  19.90762362 -17.50326005
P1  28.20245018  22.84843126 -14.56618366