0 -0.226437943983542 6.14288e-05
1 -0.226437928670309 4.66967e-05
2 -0.226296419078492 8.03572e-05
3 -0.22629639325855 5.96808e-05
4 -0.226296380302784 4.78167e-05
5 -0.226279564419312 6.85263e-05
6 -0.226260706366967 8.97943e-05
7 -0.226260652293996 5.72545e-05
8 -0.226260641735116 4.08068e-05
9 -0.22608281806473 7.42481e-05
10 -0.226082797432702 5.74002e-05
11 -0.22586068411875 6.75316e-05
12 -0.225860651006044 2.92986e-05
13 -0.225695731206387 3.18775e-05
14 -0.225624225422866 2.93755e-05
15 -0.225624223734333 2.66349e-05
16 -0.225624219272032 1.80595e-05
17 -0.225596768314203 4.82836e-05
18 -0.225596752852202 3.00653e-05
19 -0.225596752598968 2.90618e-05
20 -0.22540257952394 3.36702e-05
21 -0.225402576221903 2.56702e-05
22 -0.225402573327744 2.23976e-05
23 -0.225362853540531 4.49711e-05
24 -0.225362847641589 3.38788e-05
25 -0.225362841506701 2.18475e-05
26 -0.225201338623384 3.18193e-05
27 -0.225201332802508 1.9827e-05
28 -0.225156500529034 2.0343e-05
29 -0.224918703441492 2.00011e-05
30 -0.224918702311209 1.68431e-05
31 -0.224918700898213 1.05509e-05
32 -0.224859559917457 1.88833e-05
33 -0.22485955803017 1.29412e-05
34 -0.224859557476052 9.42904e-06
35 -0.224855506979111 1.40638e-05
36 -0.224855506254088 1.1671e-05
37 -0.224735361998 2.29374e-05
38 -0.224735360627058 1.9074e-05
39 -0.224735358757464 1.17738e-05
40 -0.224442070920621 7.55482e-06
41 -0.224339623186307 1.16187e-05
42 -0.224339622850851 9.48078e-06
43 -0.224339622390779 5.6394e-06
44 -0.224195400470953 7.77578e-06
45 -0.224195400252808 5.20626e-06
46 -0.224195400172172 4.04777e-06
47 -0.224001420187787 7.45882e-06
48 -0.224001419791682 3.36074e-06
49 -0.223743366410649 5.71585e-06
50 -0.223743366330617 4.64094e-06
51 -0.223743366253058 3.73495e-06
52 -0.223735131476904 2.31114e-06
53 -0.223661494615907 3.8502e-06
54 -0.223661494582458 3.53258e-06
55 -0.22366149453039 2.41207e-06
56 -0.223397344352837 5.09078e-06
57 -0.22339734423187 2.61714e-06
58 -0.223397344215761 2.10142e-06
59 -0.223242163003705 3.0507e-06
60 -0.22324216299386 2.67735e-06
61 -0.223242162968693 2.0162e-06
62 -0.223152475875056 2.12707e-06
63 -0.223152475855229 1.53108e-06
64 -0.222856195748863 2.11729e-06
65 -0.222856195727656 1.71863e-06
66 -0.222856195720316 1.18256e-06
67 -0.222609571434454 1.26372e-06
68 -0.222609571431929 1.22616e-06
69 -0.222609571429757 9.15672e-07
70 -0.222322496665605 1.41256e-06
71 -0.222322496658358 9.01597e-07
72 -0.222322496654013 5.9586e-07
73 -0.222203424456174 9.10104e-07
74 -0.222203424454155 8.32446e-07
75 -0.222075731738722 1.0853e-06
76 -0.22207573173643 9.36912e-07
77 -0.222075731731462 5.31432e-07
78 -0.221819667030533 5.48346e-07
79 -0.221553987668937 4.68328e-07
80 -0.221553987668353 3.90898e-07
81 -0.221410695202689 6.95807e-07
82 -0.221410695200806 4.34464e-07
83 -0.221410695200227 3.64175e-07
84 -0.220991763324302 4.10543e-07
85 -0.220991763323976 3.40737e-07
86 -0.220991763323758 2.93365e-07
87 -0.220727855231998 3.82219e-07
88 -0.220727855231535 2.68751e-07
89 -0.220727855231471 2.66195e-07
90 -0.153905783377601 8.32792e-08
91 -0.147714768682791 1.96242e-08
92 -0.14771476868225 4.74518e-08
93 -0.147714768682235 3.87591e-08
94 -0.141314426429451 3.08323e-08
95 -0.141314426428015 3.18289e-08
96 -0.141314426428003 2.06577e-08
97 -0.141083584285481 5.20208e-08
98 -0.141083584285477 6.45239e-08
99 -0.138527275020742 8.792e-08
100 -0.136344608487259 2.25926e-07
101 -0.136298852497598 1.18713e-07
102 -0.136298852496699 2.11613e-07
103 -0.136298852496697 1.81768e-07
104 -0.135869409602727 7.96979e-07
105 -0.135279255252584 1.27479e-07
106 -0.135279255251633 1.98745e-07
107 -0.135279255251626 2.87349e-07
108 -0.135122529236773 1.59721e-07
109 -0.13478513255022 3.57599e-07
110 -0.134785132542711 2.90041e-07
111 -0.134785132542704 2.18271e-07
112 -0.134519146648561 1.62894e-07
113 -0.134519146648559 2.30667e-07
114 -0.134519146635946 3.67253e-07
115 -0.133899632899588 1.06215e-06
116 -0.133899632897138 5.56482e-07
117 -0.13389963289713 5.15822e-07
118 -0.133787738924473 2.75816e-07
119 -0.132281918362938 1.59775e-06
120 -0.132278441756937 6.70097e-07
121 -0.13227844175692 1.62903e-06
122 -0.132278441756903 1.59652e-06
123 -0.131405168467077 5.07694e-06
124 -0.131405168465783 3.87652e-06
125 -0.131405168465751 1.00085e-06
126 -0.131117342783182 1.53931e-06
127 -0.131117342783162 1.48681e-06
128 -0.131117342782683 5.5768e-06
129 -0.130991870483334 9.32417e-07
130 -0.13099187048325 4.40658e-06
131 -0.130938654379198 1.52586e-06
132 -0.130938654377083 9.68373e-07
133 -0.130938654377058 2.87803e-06
134 -0.130512123335132 9.28818e-07
135 -0.130501282505417 2.25501e-06
136 -0.13050128250523 1.1022e-06
137 -0.130501282505188 1.29763e-06
138 -0.129822859204224 3.27547e-06
139 -0.129822859204182 2.17137e-06
140 -0.129822859197044 1.74181e-06
141 -0.129794749647414 2.63223e-06
142 -0.129794749646705 3.19289e-06
143 -0.129794749646495 3.46036e-06
144 -0.129647722809263 2.85573e-05
145 -0.129647722807693 1.84235e-06
146 -0.129589573477798 5.62567e-06
147 -0.129589573476199 9.87129e-06
148 -0.1295895734759 1.07537e-05
149 -0.128967482758645 8.89415e-06
