0 -0.225666240162579 0.00347053
1 -0.225623668470761 0.00289305
2 -0.225563786064881 0.00326473
3 -0.225526037933909 0.00804182
4 -0.225457279928039 0.00892257
5 -0.225404939159986 0.0079954
6 -0.22527806604262 0.00824003
7 -0.224920231023921 0.00454331
8 -0.224844380655168 0.00315027
9 -0.224828262430394 0.00537925
10 -0.224812477503369 0.00161209
11 -0.224776675704535 0.00844221
12 -0.224721123404145 0.0038624
13 -0.224661309255811 0.00659797
14 -0.224641172207729 0.005823
15 -0.224580405691173 0.00654685
16 -0.224513977319136 0.0053823
17 -0.224352363423908 0.00589057
18 -0.224324630112959 0.00622693
19 -0.224319853959422 0.00294793
20 -0.224304319971443 0.0014574
21 -0.224294463900645 0.00578875
22 -0.224111783777751 0.003044
23 -0.224099661683875 0.00250505
24 -0.224066806435959 0.00168499
25 -0.224054875384891 0.000939966
26 -0.223958232752302 0.00770254
27 -0.223942708952087 0.001794
28 -0.223934262936696 0.00123005
29 -0.223656373205954 0.0013545
30 -0.223642521590829 0.00568628
31 -0.223637127188288 0.00112094
32 -0.223636532755519 0.00122423
33 -0.223634287579521 0.00154036
34 -0.223552803756781 0.00574123
35 -0.223546381500878 0.00207892
36 -0.223542923081702 0.00422083
37 -0.223488862218192 0.00195112
38 -0.223486903133175 0.003427
39 -0.223476070404184 0.00874478
40 -0.223292376352916 0.00123014
41 -0.223288767097446 0.000844706
42 -0.223286404718412 0.00187536
43 -0.223178513834288 0.00273388
44 -0.223076243885716 0.00173951
45 -0.22307186849034 0.000743907
46 -0.223071740663947 0.00168025
47 -0.222808213792743 0.000511697
48 -0.222806292414168 0.000774111
49 -0.222773896930041 0.000530052
50 -0.222772756239931 0.00061426
51 -0.222772540966921 0.000433323
52 -0.222763192784518 0.000995509
53 -0.222761269107922 0.000605462
54 -0.222760518430635 0.000384565
55 -0.222689337547223 0.000318839
56 -0.222446808143524 0.000348411
57 -0.222446210681305 0.000261333
58 -0.222445596940535 0.000865022
59 -0.2223451635866 0.00072016
60 -0.222344765784923 0.000658896
61 -0.222344721742587 0.00064687
62 -0.222249994573498 0.000314639
63 -0.222249325701448 0.00012475
64 -0.221998583935034 0.000217333
65 -0.221998180547738 0.000157317
66 -0.221997887098581 0.000227122
67 -0.221816966416666 0.000162796
68 -0.221816819604188 0.000175988
69 -0.221816776280356 0.000182396
70 -0.221632001188486 0.000117552
71 -0.221631948983562 8.95006e-05
72 -0.221631895614604 0.000124183
73 -0.221447628531735 7.71491e-05
74 -0.221447623533949 7.43573e-05
75 -0.221423344868017 0.000143581
76 -0.221423231238134 8.34389e-05
77 -0.221423188817968 6.91837e-05
78 -0.221169855993314 6.17923e-05
79 -0.22103983457224 8.65048e-05
80 -0.221039784405138 7.69397e-05
81 -0.220897067081218 6.70196e-05
82 -0.220897050199194 6.5661e-05
83 -0.220897039087195 6.57948e-05
84 -0.220596848828472 6.54736e-05
85 -0.220596839313978 3.46769e-05
86 -0.220596830861768 5.13782e-05
87 -0.220308690050236 2.40651e-05
88 -0.220308687672716 4.83688e-05
89 -0.220308682845835 1.53133e-05
90 -0.155273484671606 7.32377e-08
91 -0.150100666063809 3.57317e-08
92 -0.150100666063802 3.67843e-08
93 -0.150100666063786 6.24472e-08
94 -0.14455475912162 1.53598e-08
95 -0.14455475912156 5.40167e-08
96 -0.144554759121552 5.25847e-08
97 -0.144481397082642 6.74936e-08
98 -0.144481397082632 5.22869e-08
99 -0.142108452914209 5.64046e-08
100 -0.139298659216388 2.64895e-07
101 -0.138853692414049 2.10256e-07
102 -0.138853692413717 2.43145e-07
103 -0.138853692413667 2.17635e-07
104 -0.138810916449405 1.94769e-07
105 -0.13881091644909 2.95586e-07
106 -0.138810916448932 2.32495e-07
107 -0.137187036482349 5.18458e-07
108 -0.137146566349585 3.29762e-07
109 -0.137146566349469 3.88727e-07
110 -0.137146566348543 4.66577e-07
111 -0.136309496201027 5.64981e-07
112 -0.136309496200307 7.24061e-07
113 -0.136309496191358 1.12364e-06
114 -0.136260703311629 1.17108e-06
115 -0.135458252039068 6.87412e-07
116 -0.135458252034355 1.00851e-06
117 -0.13545825200203 2.10188e-06
118 -0.135265174575001 1.24536e-06
119 -0.135265174557846 1.91451e-06
120 -0.135265174525737 3.33415e-06
121 -0.135205711469944 1.89739e-06
122 -0.134014110955064 3.3862e-06
123 -0.134014110811137 5.87641e-06
124 -0.134014110569167 8.91185e-06
125 -0.133989840349731 3.00181e-06
126 -0.133902090799345 3.10192e-06
127 -0.133902090708744 4.25784e-06
128 -0.133902090468976 6.80326e-06
129 -0.133506062196664 7.23889e-06
130 -0.133226622542039 4.65388e-06
131 -0.133226622156138 9.26199e-06
132 -0.13322662109664 1.42661e-05
133 -0.133167901559065 9.93425e-06
134 -0.133167899833358 1.55936e-05
135 -0.133081389358973 6.52634e-06
136 -0.133081388723428 1.27049e-05
137 -0.133081387255218 1.58441e-05
138 -0.132933066940941 1.24616e-05
139 -0.132933064492717 2.51151e-05
140 -0.13292482868929 7.25079e-06
141 -0.132924826827693 1.38877e-05
142 -0.132924824570228 2.78255e-05
143 -0.132611642979544 1.0717e-05
144 -0.132611642342237 1.56039e-05
145 -0.132611640107252 1.90735e-05
146 -0.132495468220634 1.97703e-05
147 -0.131842169533575 2.22959e-05
148 -0.131842168797081 2.22847e-05
149 -0.131842160728662 4.00946e-05
