0 -0.240421891368616 0.000837928
1 -0.240411659220643 0.00118284
2 -0.240406690112264 0.000177415
3 -0.240270903823287 4.21814e-05
4 -0.240258051046767 1.34421e-05
5 -0.240136915440842 9.58026e-05
6 -0.240093719234706 5.32099e-05
7 -0.240088423290861 8.13816e-05
8 -0.239968881208723 3.23401e-05
9 -0.239943444757027 2.56154e-05
10 -0.239873568724352 4.00463e-05
11 -0.239703820180315 3.77071e-05
12 -0.239676575830906 2.89629e-05
13 -0.239638887944318 1.454e-05
14 -0.23962654916991 2.29586e-05
15 -0.239381500637554 6.81869e-06
16 -0.239362528192881 5.09915e-06
17 -0.239260212336984 1.3779e-05
18 -0.239175437914596 7.01344e-06
19 -0.239022738237098 7.90523e-06
20 -0.239010483896023 1.29333e-05
21 -0.238997130645242 5.21848e-06
22 -0.238859484413229 5.75765e-06
23 -0.238838169987516 1.29563e-05
24 -0.238770306691283 4.4239e-06
25 -0.238535067973929 9.29073e-06
26 -0.238416307854052 3.35986e-06
27 -0.238385049450703 4.2246e-06
28 -0.23834596308305 3.94607e-06
29 -0.238254368174147 3.44662e-06
30 -0.238246526351118 2.38683e-06
31 -0.238244403920965 3.50198e-06
32 -0.237791703808837 2.0347e-06
33 -0.237784603818856 1.23299e-06
34 -0.237640405874775 1.58284e-06
35 -0.237638123139695 1.83167e-06
36 -0.237625167636407 2.11698e-06
37 -0.237387110156184 3.09025e-06
38 -0.237368866694363 1.77345e-06
39 -0.237353719308069 1.58104e-06
40 -0.237348812374442 1.11796e-06
41 -0.237330420979289 2.48115e-06
42 -0.236872338645796 9.59014e-07
43 -0.236681809177476 1.28096e-06
44 -0.236666249982404 9.98763e-07
45 -0.236287025559704 8.55877e-07
46 -0.236258624578968 8.55139e-07
47 -0.236148635054942 6.38282e-07
48 -0.236138882968273 7.78015e-07
49 -0.235711652267215 5.62414e-07
50 -0.235663913991533 5.30105e-07
51 -0.235648954229893 6.87258e-07
52 -0.235265921902655 5.47218e-07
53 -0.235092242344499 5.11865e-07
54 -0.234776693515906 4.64094e-07
55 -0.234293032335261 4.14304e-07
56 -0.234292389479976 3.24389e-07
57 -0.234088742125826 3.80864e-07
58 -0.233696477381216 3.44212e-07
59 -0.233684026688447 3.5298e-07
60 -0.154144774372326 8.66681e-08
61 -0.14438070808212 3.72063e-08
62 -0.144373271148796 2.01476e-08
63 -0.143950745899192 3.51936e-08
64 -0.134625323453738 2.97441e-08
65 -0.13423845797361 1.34317e-08
66 -0.134218521332091 7.83862e-08
67 -0.133051153735208 1.41855e-08
68 -0.133050026500159 2.40707e-08
69 -0.129686298510919 2.31897e-08
70 -0.125769464804779 2.64076e-08
71 -0.124521708546813 1.59144e-08
72 -0.124498823133111 1.55283e-08
73 -0.122775427225995 3.52429e-08
74 -0.122349288185826 3.97752e-08
75 -0.121928288213167 1.14063e-08
76 -0.121927711273389 2.58096e-08
77 -0.117748187915061 2.57086e-08
78 -0.117745639474879 2.05314e-08
79 -0.11774292212982 1.80109e-08
80 -0.114760919490315 4.84646e-08
81 -0.114725820077767 4.55111e-08
82 -0.113235330770333 7.75742e-08
83 -0.113202543968394 7.80202e-08
84 -0.112881525816479 6.26691e-08
85 -0.112877637451912 6.86152e-08
86 -0.112814660028775 1.03448e-07
87 -0.112814290226362 1.33637e-07
88 -0.110153363938046 9.3939e-08
89 -0.108888777486492 1.20663e-07
90 -0.107078131743297 1.23245e-07
91 -0.107052369826155 1.02149e-07
92 -0.10603962533025 1.17598e-07
93 -0.106029259366157 1.4012e-07
94 -0.104812948460703 1.23834e-07
95 -0.103844946924707 1.49714e-07
96 -0.103759114027682 1.28171e-07
97 -0.103756988569083 1.97062e-07
98 -0.103347091225209 2.59503e-07
99 -0.103345280675652 1.86176e-07
100 -0.102343087393527 5.65598e-06
101 -0.102037537902674 2.43849e-06
102 -0.102035034875765 1.4716e-06
103 -0.101209437766432 3.68281e-07
104 -0.100765455646339 3.31737e-07
105 -0.100763086521273 4.11927e-07
106 -0.0996709739503331 2.39062e-07
107 -0.0987994575843145 1.11119e-06
108 -0.0979456444833539 1.03466e-06
109 -0.0979229577425703 5.04161e-06
110 -0.0974084967758786 2.59958e-05
111 -0.095368032798789 2.16367e-06
112 -0.095361566688223 1.2372e-06
113 -0.0942421533072594 1.3226e-06
114 -0.0942195038162795 2.84874e-06
115 -0.0940613434376495 4.57674e-06
116 -0.0936537190271768 2.98994e-06
117 -0.0936335672309213 4.21119e-06
118 -0.0934246066620157 3.55762e-06
119 -0.093095406780203 2.36977e-06
