2046
Cd  0.04154903 -4.64284888  4.16616550
Cd  8.12389423 -4.64190402  4.16599543
Se  8.12389423 -4.64305675 -0.78410967
Cd  16.20623339 -4.64284888  4.16616550
Cd -4.00005859  2.35741427  4.16616550
Cd  4.08360338  2.35765994  4.16650565
Se  4.08252623  2.35705523 -0.78276986
Cd  12.16418509  2.35765994  4.16650565
Cd  8.12389423  0.02396437 -2.43389148
Se  12.16526223  2.35705523 -0.78276986
Cd  20.24784705  2.35741427  4.16616550
Cd  0.04193472  9.35644911  4.16599543
Se  0.04093770  9.35703492 -0.78410967
Cd  8.12389423  9.35565542  4.16650565
Cd  4.08269631  7.02350679 -2.43389148
Se  8.12389423  9.35690264 -0.78276986
Cd  16.20585544  9.35644911  4.16599543
Cd  12.16507326  7.02350679 -2.43389148
Se  16.20685700  9.35703492 -0.78410967
Cd  4.08228057  16.35642881  4.16616550
Cd  12.16548900  16.35642881  4.16616550
Se  0.04155016 -4.64284888  12.41665248
Cd  8.12389423 -4.64305675  17.36692199
Cd  4.08256403 -6.97735968  10.76622249
Se  8.12389423 -4.64190402  12.41682255
Se  4.08256403 -6.97735968  5.81661439
Cd  12.16520554 -6.97735968  10.76622249
Se  16.20623339 -4.64284888  12.41665248
Se  12.16520554 -6.97735968  5.81661439
Se -4.00005859  2.35741427  12.41665248
Cd  4.08252623  2.35703633  17.36559918
Cd  0.04190637  0.02419435  10.76607131
Se  4.08360338  2.35765994  12.41631233
Se  0.04190808  0.02419473  5.81674667
Cd  12.16526223  2.35703633  17.36559918
Cd  8.12389423  0.02464959  10.76559888
Se  12.16418509  2.35765994  12.41631233
Se  8.12389423  0.02464996  5.81721910
Cd  16.20587434  0.02419378  10.76607131
Se  20.24784705  2.35741427  12.41665248
Se  16.20587434  0.02419435  5.81674667
Cd  0.04093543  9.35703492  17.36692199
Cd -4.00128691  7.02430047  10.76622249
Se  0.04193623  9.35644911  12.41682255
Se -4.00128691  7.02430047  5.81661439
Cd  8.12389423  9.35690264  17.36559918
Cd  4.08330102  7.02316664  10.76559888
Se  8.12389423  9.35565542  12.41631233
Se  4.08330102  7.02316664  5.81721910
Cd  16.20683810  9.35703492  17.36692199
Cd  12.16448744  7.02316664  10.76559888
Se  16.20585544  9.35644911  12.41682255
Se  12.16448744  7.02316664  5.81721910
Cd  20.24898089  7.02428157  10.76622249
Se  20.24898089  7.02430047  5.81661439
Cd  0.04003177  14.02407230  10.76622249
Se  4.08228057  16.35642881  12.41665248
Se  0.04003403  14.02407230  5.81661439
Cd  8.12389423  14.02259831  10.76607131
Se  12.16548900  16.35642881  12.41665248
Se  8.12389423  14.02259831  5.81674667
Cd  16.20774517  14.02407230  10.76622249
Se  16.20774517  14.02407230  5.81661439
Se  8.12389423  0.02396456  19.01669057
Se  4.08269631  7.02350679  19.01669057
Se  12.16509215  7.02350679  19.01669057
Se  0.04146871 -4.64290558 -0.78444604
Se -4.00041764 -6.97794549  5.81610416
Cd  12.16463862 -6.97675497 -2.43549775
Cd  4.08313094 -6.97675497 -2.43549775
Se  16.20630898 -4.64290558 -0.78444604
Se  20.24822500 -6.97794549  5.81610416
Se -4.00013418  2.35735758 -0.78444604
Se -8.04329742  0.02450994  5.81610416
Cd  0.04185044  0.02416241 -2.43508201
Se  8.12389423  0.02359058 -7.38412320
Cd  16.20593103  0.02416166 -2.43508201
Se  20.24784705  2.35735758 -0.78444604
Se  24.29110477  0.02450880  5.81610416
Cd -4.00047433  7.02447055 -2.43549775
Cd  0.04027894  14.02325972 -2.43549775
Se  4.08237505  7.02369576 -7.38412320
Cd  8.12389423  14.02267390 -2.43508201
Se  12.16541341  7.02369576 -7.38412320
Cd  20.24822500  7.02447055 -2.43549775
Cd  16.20749950  14.02325972 -2.43549775
Se  4.08228057  16.35652329 -0.78444604
Se  4.08101445  21.02452443  5.81610416
Se  12.16548900  16.35652329 -0.78444604
Se  12.16677401  21.02452443  5.81610416
Cd -4.00041764 -6.97794549  10.76671382
Cd  0.04146682 -4.64290558  17.36726214
Se  4.08313094 -6.97675497  19.01839132
Se  12.16463862 -6.97675497  19.01839132
Se  4.08245064 -11.64556869  12.41686035
Cd  4.08245064 -11.64556869  4.16595763
Se  12.16533782 -11.64556869  12.41686035
Cd  20.24822500 -6.97794549  10.76671382
Cd  16.20630898 -4.64290558  17.36726214
Cd  12.16533782 -11.64556869  4.16595763
Cd -8.04329742  0.02450918  10.76671382
Cd -4.00013418  2.35735758  17.36726214
Se  0.04185157  0.02416241  19.01782440
Se  16.20593103  0.02416185  19.01782440
Cd  24.29110477  0.02450842  10.76671382
Cd  20.24784705  2.35735758  17.36726214
Se -4.00047433  7.02447055  19.01839132
Se  0.04028008  14.02325972  19.01839132
Se -8.04412890  9.35828214  12.41686035
Cd -8.04412890  9.35828214  4.16595763
Se  8.12389423  14.02267390  19.01782440
Se  20.24822500  7.02447055  19.01839132
Se  16.20749950  14.02325972  19.01839132
Se  24.29186067  9.35828214  12.41686035
Cd  24.29186067  9.35828214  4.16595763
Se -4.00268531  16.35828074  12.41686035
Cd  4.08101445  21.02452443  10.76671382
Cd  4.08228057  16.35652329  17.36726214
Cd -4.00268531  16.35828074  4.16595763
Cd  12.16677401  21.02452443  10.76671382
Cd  12.16548900  16.35652329  17.36726214
Se  20.25049267  16.35826184  12.41686035
Cd  20.25049267  16.35826184  4.16595763
Cd  8.12389423  0.02358983  23.96701677
Cd  4.08237505  7.02369576  23.96701677
Cd  12.16541341  7.02369576  23.96701677
Cd -3.99975623 -6.97652820 -2.43617805
Cd -4.00049323 -11.64600332  4.16608991
Cd -8.04263601 -4.64341580  4.16576866
Se  12.16446854 -6.97677386 -7.38569167
Se  12.16471421 -11.64530412 -0.78497706
Se  4.08331992 -6.97677386 -7.38569167
Se  4.08307425 -11.64530412 -0.78497706
Cd  20.24746910 -6.97652820 -2.43617805
Cd  20.24822500 -11.64600332  4.16608991
Cd  24.29034888 -4.64341580  4.16576866
Cd -8.04172894  0.02437255 -2.43617805
Cd -12.08596933  2.35847252  4.16608991
Se  0.04166846  0.02405640 -7.38501137
Cd  8.12389423 -4.64247094 -9.03668857
Cd  4.08288528  2.35726310 -9.03632953
Cd  12.16488428  2.35726310 -9.03632953
Se  16.20612000  0.02405564 -7.38501137
Cd  24.28959299  0.02437161 -2.43617805
Cd  28.33379558  2.35847252  4.16608991
Se -4.00039874  7.02464062 -7.38569167
Se -8.04359977  9.35869788 -0.78497706
Se  0.04018011  14.02312744 -7.38569167
Se -4.00277979  16.35760044 -0.78497706
Cd  0.04144112  9.35673257 -9.03668857
Cd  8.12389423  9.35646801 -9.03632953
Se  8.12389423  14.02288177 -7.38501137
Cd  16.20634677  9.35673257 -9.03668857
Se  20.24822500  7.02464062 -7.38569167
Se  24.29129375  9.35869788 -0.78497706
Se  16.20761289  14.02312744 -7.38569167
Se  20.25049267  16.35760044 -0.78497706
Cd  4.08192152  21.02320162 -2.43617805
Cd  0.03840509  23.35852500  4.16608991
Cd  8.12389423  23.35776911  4.16576866
Cd  12.16586694  21.02320162 -2.43617805
Cd  16.20937033  23.35852500  4.16608991
Se -4.00049323 -11.64600332  12.41672807
Se -8.04263601 -4.64341580  12.41704932
Se -3.99975623 -6.97652820  19.01895824
Cd  4.08305535 -11.64530412  17.36779126
Cd  4.08330102 -6.97677386  23.96852855
Cd  12.16471421 -11.64530412  17.36779126
Cd  12.16446854 -6.97677386  23.96852855
Cd  8.12389423 -13.98136449  10.76643036
Cd  0.04081449 -13.98091096  10.76661933
Se  0.04081581 -13.98091096  5.81619865
Se  8.12389423 -13.98136449  5.81638762
Cd  16.20697038 -13.98091096  10.76661933
Se  20.24822500 -11.64600332  12.41672807
Se  24.29034888 -4.64341580  12.41704932
Se  20.24746910 -6.97652820  19.01895824
Se  16.20697038 -13.98091096  5.81619865
Se -12.08596933  2.35847252  12.41672807
Se -8.04172894  0.02437274  19.01895824
Cd  0.04166581  0.02405546  23.96777266
Cd  16.20612000  0.02405508  23.96777266
Se  28.33379558  2.35847252  12.41672807
Se  24.28959299  0.02437180  19.01895824
Cd -8.04359977  9.35869788  17.36779126
Cd -4.00039874  7.02464062  23.96852855
Cd -4.00277979  16.35760044  17.36779126
Cd  0.04017765  14.02312744  23.96852855
Cd -12.08742442  7.02581225  10.76661933
Cd -8.04626429  14.02616990  10.76643036
Se -12.08742442  7.02581225  5.81619865
Se -8.04626429  14.02616990  5.81638762
Cd  8.12389423  14.02288177  23.96777266
Cd  24.29129375  9.35869788  17.36779126
Cd  20.24822500  7.02464062  23.96852855
Cd  20.25049267  16.35760044  17.36779126
Cd  16.20761289  14.02312744  23.96852855
Cd  28.33511839  7.02581225  10.76661933
Cd  24.29412834  14.02616990  10.76643036
Se  28.33511839  7.02581225  5.81619865
Se  24.29412834  14.02616990  5.81638762
Cd -4.00434827  21.02603621  10.76661933
Se  8.12389423  23.35776911  12.41704932
Se  0.03840641  23.35852500  12.41672807
Se  4.08192152  21.02320162  19.01895824
Se -4.00434827  21.02603621  5.81619865
Se  16.20937033  23.35852500  12.41672807
Se  12.16586694  21.02320162  19.01895824
Cd  20.25219342  21.02603621  10.76661933
Se  20.25219342  21.02603621  5.81619865
Se  8.12389423 -4.64247094  25.61958214
Se  12.16488428  2.35726310  25.61920420
Se  4.08290418  2.35726310  25.61920420
Se  8.12389423  9.35646801  25.61920420
Se  0.04144150  9.35673257  25.61958214
Se  16.20634677  9.35673257  25.61958214
Se -3.99871688 -6.97550775 -7.38627749
Se -3.99968064 -11.64468051 -0.78458022
Se -8.04163446 -4.64284888 -0.78513202
Se -8.04237145 -13.98019286  5.81627424
Se -12.08532682 -6.97745416  5.81616085
Cd  12.16390163 -11.64290417 -9.03742557
Cd  16.20481609 -4.64199851 -9.03757675
Cd  16.20602552 -13.98009838 -2.43544106
Cd  8.12389423 -13.98081647 -2.43555444
Cd  4.08386794 -11.64290417 -9.03742557
Cd  0.04295744 -4.64199851 -9.03757675
Cd  0.04174953 -13.98009838 -2.43544106
Se  20.24652424 -6.97550775 -7.38627749
Se  20.24746910 -11.64468051 -0.78458022
Se  24.28940402 -4.64284888 -0.78513202
Se  24.29015991 -13.98019286  5.81627424
Se  28.33303969 -6.97745416  5.81616085
Se -8.04031165  0.02476694 -7.38627749
Se -12.08441975  2.35852921 -0.78458022
Se -16.12839557  0.02520139  5.81627424
Cd -3.99860350  2.35818906 -9.03757675
Se  8.12389423 -4.64207410 -13.98767618
Se  4.08320653  2.35743317 -13.98784625
Se  12.16458193  2.35743317 -13.98784625
Cd  20.24633527  2.35818906 -9.03757675
Se  24.28808121  0.02476543 -7.38627749
Se  28.33228380  2.35851031 -0.78458022
Se  32.37610844  0.02519987  5.81627424
Cd -8.04110533  9.35818766 -9.03742557
Cd -12.08625279  7.02620910 -2.43544106
Cd -8.04581075  14.02590534 -2.43555444
Cd -4.00109794  16.35571071 -9.03742557
Cd  4.08233726  16.35478475 -9.03757675
Cd -4.00410260  21.02490238 -2.43544106
Se  0.04178902  9.35654360 -13.98767618
Se  8.12389423  9.35610896 -13.98784625
Cd  12.16545120  16.35478475 -9.03757675
Se  16.20598772  9.35654360 -13.98767618
Cd  24.28883710  9.35818766 -9.03742557
Cd  28.33398455  7.02620910 -2.43544106
Cd  24.29356142  14.02590534 -2.43555444
Cd  20.24879191  16.35571071 -9.03742557
Cd  20.25181547  21.02490238 -2.43544106
Se  4.08228057  21.02168984 -7.38627749
Se  8.12389423  23.35663527 -0.78513202
Se  0.03914454  23.35720219 -0.78458022
Se  0.03787068  28.02595922  5.81627424
Se  8.12389423  28.02595922  5.81616085
Se  12.16550789  21.02168984 -7.38627749
Se  16.20863334  23.35720219 -0.78458022
Se  16.20991835  28.02595922  5.81627424
Cd -8.04237145 -13.98019286  10.76654374
Cd -3.99968064 -11.64468051  17.36739442
Cd -12.08532682 -6.97745416  10.76665713
Cd -8.04163446 -4.64284888  17.36796134
Cd -3.99871688 -6.97550775  23.96909547
Se  0.04175047 -13.98009838  19.01820235
Se  8.12389423 -13.98081647  19.01839132
Se  4.08386794 -11.64290417  25.62033804
Se  0.04295801 -4.64199851  25.62033804
Se  16.20602552 -13.98009838  19.01820235
Se  12.16390163 -11.64290417  25.62033804
Se  16.20481609 -4.64199851  25.62033804
Se  8.12389423 -18.64983806  12.41650130
Se  0.04100592 -18.64929004  12.41650130
Cd  0.04100516 -18.64929004  4.16633558
Cd  8.12389423 -18.64983806  4.16631668
Se  16.20678141 -18.64929004  12.41650130
Cd  24.29015991 -13.98019286  10.76654374
Cd  20.24746910 -11.64468051  17.36739442
Cd  28.33303969 -6.97745416  10.76665713
Cd  24.28940402 -4.64284888  17.36796134
Cd  20.24652424 -6.97550775  23.96909547
Cd  16.20678141 -18.64929004  4.16633558
Cd -16.12839557  0.02520063  10.76654374
Cd -12.08441975  2.35851031  17.36739442
Cd -8.04033055  0.02476561  23.96909547
Se -3.99860350  2.35818906  25.62033804
Se  20.24633527  2.35818906  25.62033804
Cd  32.37610844  0.02519969  10.76654374
Cd  28.33228380  2.35851031  17.36739442
Cd  24.28808121  0.02476524  23.96909547
Se -12.08625279  7.02620910  19.01820235
Se -8.04581075  14.02590534  19.01839132
Se -8.04110533  9.35818766  25.62033804
Se -4.00410260  21.02490238  19.01820235
Se  4.08233726  16.35478475  25.62033804
Se -4.00109794  16.35571071  25.62033804
Se -16.13024750  9.36015297  12.41650130
Se -12.08929524  16.36041613  12.41650130
Cd -16.13026640  9.36015297  4.16633558
Cd -12.08929524  16.36041613  4.16631668
Se  12.16545120  16.35478475  25.62033804
Se  28.33398455  7.02620910  19.01820235
Se  24.29356142  14.02590534  19.01839132
Se  24.28883710  9.35818766  25.62033804
Se  20.25181547  21.02490238  19.01820235
Se  20.24879191  16.35571071  25.62033804
Se  32.37799817  9.36015297  12.41650130
Se  28.33700812  16.36041613  12.41650130
Cd  32.37799817  9.36015297  4.16633558
Cd  28.33700812  16.36041613  4.16631668
Se -8.04737923  23.36003678  12.41650130
Cd  8.12389423  28.02595922  10.76665713
Cd  8.12389423  23.35663527  17.36796134
Cd  0.03786935  28.02595922  10.76654374
Cd  0.03914246  23.35720219  17.36739442
Cd  4.08228057  21.02168984  23.96909547
Cd -8.04737923  23.36003678  4.16633558
Cd  16.20991835  28.02595922  10.76654374
Cd  16.20863334  23.35720219  17.36739442
Cd  12.16550789  21.02168984  23.96909547
Se  24.29507320  23.36003678  12.41650130
Cd  24.29507320  23.36003678  4.16633558
Cd  8.12389423 -4.64207410  30.57047526
Cd  12.16458193  2.35743317  30.57066424
Cd  4.08320653  2.35743317  30.57066424
Cd  8.12389423  9.35610896  30.57066424
Cd  0.04178638  9.35654360  30.57047526
Cd  16.20598772  9.35654360  30.57047526
Cd -3.99824445 -11.64235615 -9.03763344
Cd -8.03980142 -4.64177174 -9.03837043
Cd -8.04155887 -13.97885116 -2.43525209
Cd -12.08347489 -6.97639592 -2.43604577
Cd -8.04278719 -18.64889320  4.16680801
Cd -12.08494888 -11.64600332  4.16618440
Cd -16.12820660 -4.64286778  4.16618440
Se  12.16348589 -11.64231836 -13.98814861
Se  8.12389423 -13.97941808 -7.38633418
Se  16.20496727 -13.97809527 -7.38616410
Se  16.20381454 -4.64112923 -13.98839427
Se  16.20598772 -18.64874202 -0.78450463
Se  8.12389423 -18.64976247 -0.78499596
Se  4.08430257 -11.64231836 -13.98814861
Se  0.04280910 -13.97809527 -7.38616410
Se  0.04396277 -4.64112923 -13.98839427
Se  0.04179809 -18.64874202 -0.78450463
Cd  20.24595732 -11.64235615 -9.03763344
Cd  24.28751430 -4.64177174 -9.03837043
Cd  24.28940402 -13.97885116 -2.43525209
Cd  28.33133894 -6.97639592 -2.43604577
Cd  24.29053786 -18.64889320  4.16680801
Cd  28.33266175 -11.64600332  4.16618440
Cd  32.37591947 -4.64286778  4.16618440
Cd -12.08169855  2.35858590 -9.03763344
Cd -16.12682710  0.02523105 -2.43525209
Cd -20.17188007  2.35919062  4.16680801
Se -3.99735628  2.35864260 -13.98839427
Cd  12.16354258 -6.97550775 -15.64052501
Cd  4.08424588 -6.97550775 -15.64052501
Cd  8.12389423  0.02444701 -15.64048722
Cd  0.04353192  0.02513336 -15.64131870
Cd  4.08311205  7.02328002 -15.64048722
Cd  16.20424917  0.02513279 -15.64131870
Cd  12.16465752  7.02328002 -15.64048722
Se  20.24520143  2.35864260 -13.98839427
Cd  28.32944921  2.35858590 -9.03763344
Cd  32.37459666  0.02522954 -2.43525209
Cd  36.41955514  2.35917172  4.16680801
Se -8.04038724  9.35826325 -13.98814861
Se -12.08398511  7.02611461 -7.38616410
Se -8.04458243  14.02520614 -7.38633418
Se -16.12937823  9.36056871 -0.78450463
Se -12.08921966  16.36037834 -0.78499596
Se -4.00079558  16.35504931 -13.98814861
Se -4.00289318  21.02301265 -7.38616410
Se  4.08256403  16.35348084 -13.98839427
Se -8.04728474  23.35909192 -0.78450463
Cd -3.99884916  7.02481070 -15.64052501
Cd  0.04081222  14.02169125 -15.64052501
Cd  8.12389423  14.02072749 -15.64131870
Se  12.16520554  16.35348084 -13.98839427
Cd  20.24671321  7.02481070 -15.64052501
Cd  16.20697038  14.02169125 -15.64052501
Se  24.28808121  9.35826325 -13.98814861
Se  28.33171688  7.02611461 -7.38616410
Se  24.29242758  14.02520614 -7.38633418
Se  32.37724228  9.36056871 -0.78450463
Se  28.33700812  16.36037834 -0.78499596
Se  20.24860294  16.35504931 -13.98814861
Se  20.25068164  21.02301265 -7.38616410
Se  24.29507320  23.35909192 -0.78450463
Cd  0.04044486  23.35474555 -9.03763344
Cd  8.12389423  23.35455658 -9.03837043
Cd  8.12389423  28.02388052 -2.43604577
Cd  0.03863110  28.02463641 -2.43525209
Cd -4.00512305  30.36071568  4.16680801
Cd  4.08063651  30.35977081  4.16618440
Cd  12.16715196  30.35977081  4.16618440
Cd  16.20732943  23.35474555 -9.03763344
Cd  16.20914356  28.02463641 -2.43525209
Cd  20.25294931  30.36071568  4.16680801
Se -8.04278719 -18.64889320  12.41602887
Se -12.08494888 -11.64600332  12.41663358
Se -8.04155887 -13.97885116  19.01801338
Se -16.12820660 -4.64286778  12.41663358
Se -12.08347489 -6.97639592  19.01895824
Se -3.99824445 -11.64235615  25.62052701
Se -8.03980142 -4.64177174  25.62128290
Cd  0.04179677 -18.64874202  17.36731883
Cd  0.04280721 -13.97809527  23.96890649
Cd  8.12389423 -18.64976247  17.36781016
Cd  8.12389423 -13.97941808  23.96909547
Cd  4.08430257 -11.64231836  30.57104218
Cd  0.04396070 -4.64112923  30.57123115
Cd  16.20598772 -18.64874202  17.36731883
Cd  16.20496727 -13.97809527  23.96890649
Cd  12.16348589 -11.64231836  30.57104218
Cd  16.20381454 -4.64112923  30.57123115
Cd  12.16545120 -20.98540710  10.76682720
Cd  4.08233726 -20.98540710  10.76682720
Cd -4.00087117 -20.98408429  10.76656264
Se -4.00087117 -20.98408429  5.81627424
Se  4.08233726 -20.98540710  5.81599078
Se  12.16545120 -20.98540710  5.81599078
Cd  20.24860294 -20.98408429  10.76656264
Se  24.29053786 -18.64889320  12.41602887
Se  28.33266175 -11.64600332  12.41663358
Se  24.28940402 -13.97885116  19.01801338
Se  32.37591947 -4.64286778  12.41663358
Se  28.33133894 -6.97639592  19.01895824
Se  20.24595732 -11.64235615  25.62052701
Se  24.28751430 -4.64177174  25.62128290
Se  20.24860294 -20.98408429  5.81627424
Se -20.17188007  2.35919062  12.41602887
Se -16.12682710  0.02523068  19.01801338
Se -12.08169855  2.35858590  25.62052701
Cd -3.99735628  2.35864260  30.57123115
Cd  20.24520143  2.35864260  30.57123115
Se  36.41955514  2.35919062  12.41602887
Se  32.37459666  0.02522973  19.01801338
Se  28.32944921  2.35858590  25.62052701
Cd -16.12937823  9.36056871  17.36731883
Cd -12.08398511  7.02611461  23.96890649
Cd -12.08921966  16.36037834  17.36781016
Cd -8.04458243  14.02520614  23.96909547
Cd -8.04038724  9.35826325  30.57104218
Cd -8.04728474  23.35909192  17.36731883
Cd -4.00289318  21.02301265  23.96890649
Cd  4.08256403  16.35348084  30.57123115
Cd -4.00079558  16.35504931  30.57104218
Cd -20.17320287  7.02715396  10.76656264
Cd -16.13272305  14.02811631  10.76682720
Cd -12.09118497  21.02830388  10.76682720
Se -20.17320287  7.02715396  5.81627424
Se -16.13272305  14.02811631  5.81599078
Se -12.09116607  21.02830388  5.81599078
Cd  12.16520554  16.35348084  30.57123115
Cd  32.37724228  9.36056871  17.36731883
Cd  28.33171688  7.02611461  23.96890649
Cd  28.33700812  16.36037834  17.36781016
Cd  24.29242758  14.02520614  23.96909547
Cd  24.28808121  9.35826325  30.57104218
Cd  24.29507320  23.35909192  17.36731883
Cd  20.25068164  21.02301265  23.96890649
Cd  20.24860294  16.35504931  30.57104218
Cd  36.42087795  7.02715396  10.76656264
Cd  32.38045481  14.02811631  10.76682720
Cd  28.33889784  21.02830388  10.76682720
Se  36.42087795  7.02715396  5.81627424
Se  32.38045481  14.02811631  5.81599078
Se  28.33889784  21.02830388  5.81599078
Cd -8.04836188  28.02784894  10.76656264
Se  12.16715196  30.35977081  12.41663358
Se  4.08063651  30.35977081  12.41663358
Se  8.12389423  28.02388052  19.01895824
Se -4.00512305  30.36071568  12.41602887
Se  0.03863205  28.02463641  19.01801338
Se  8.12389423  23.35455658  25.62128290
Se  0.04044524  23.35474555  25.62052701
Se -8.04836188  28.02784894  5.81627424
Se  20.25294931  30.36071568  12.41602887
Se  16.20914356  28.02463641  19.01801338
Se  16.20732943  23.35474555  25.62052701
Cd  24.29620704  28.02784894  10.76656264
Se  24.29620704  28.02784894  5.81627424
Se  4.08424588 -6.97550775  32.22341858
Se  12.16354258 -6.97550775  32.22341858
Se  8.12389423  0.02444663  32.22322961
Se  16.20424917  0.02513260  32.22417448
Se  12.16465752  7.02328002  32.22322961
Se  0.04353229  0.02513317  32.22417448
Se  4.08311205  7.02328002  32.22322961
Se  8.12389423  14.02072749  32.22417448
Se -3.99884916  7.02481070  32.22341858
Se  0.04081203  14.02169125  32.22341858
Se  20.24671321  7.02481070  32.22341858
Se  16.20697038  14.02169125  32.22341858
Se -3.99590119 -11.63991840 -13.98856435
Se -8.04051952 -13.97641341 -7.38589954
Se -8.03632433 -4.63976863 -13.98899899
Se -12.08156627 -6.97529988 -7.38640977
Se -8.04159666 -18.64653104 -0.78353898
Se -12.08290797 -11.64384903 -0.78426652
Se -16.12531532 -4.64218748 -0.78426652
Se -12.08595043 -20.98332840  5.81608526
Se -16.12777196 -13.97994720  5.81617975
Se -20.17093520 -6.97709512  5.81617975
Cd  16.20353108 -13.97560083 -15.64010927
Cd  8.12389423 -13.97709371 -15.64018486
Cd  8.12389423 -18.64702237 -9.03653740
Cd  16.20534522 -18.64596412 -9.03597048
Cd  20.24350068 -6.97371251 -15.64165885
Cd  20.24841397 -20.98238354 -2.43370251
Cd  12.16524333 -20.98484019 -2.43506311
Cd  4.08254513 -20.98484019 -2.43506311
Cd  0.04425965 -13.97560083 -15.64010927
Cd  0.04242737 -18.64596412 -9.03597048
Cd -3.99563663 -6.97371251 -15.64165885
Cd -4.00062551 -20.98238354 -2.43370251
Se  20.24368965 -11.63991840 -13.98856435
Se  24.28827019 -13.97641341 -7.38589954
Se  24.28411279 -4.63978753 -13.98899899
Se  28.32926024 -6.97529988 -7.38640977
Se  24.28940402 -18.64653104 -0.78353898
Se  28.33077202 -11.64384903 -0.78426463
Se  32.37308488 -4.64218748 -0.78426463
Se  28.33379558 -20.98332840  5.81608526
Se  32.37554153 -13.97994720  5.81617975
Se  36.41861028 -6.97709512  5.81617975
Se -12.07841042  2.35941738 -13.98856435
Se -16.12420038  0.02491112 -7.38589954
Se -20.16923445  2.35902054 -0.78353898
Se -24.21513779  0.02492133  5.81608526
Cd -8.03723140  0.02653308 -15.64165885
Se  12.16314574 -6.97405266 -20.59196615
Se  4.08464272 -6.97405266 -20.59196615
Se  8.12389423  0.02510312 -20.59158821
Se  0.04445750  0.02566739 -20.59234410
Se  4.08367896  7.02293987 -20.59158821
Se  16.20332321  0.02566664 -20.59234410
Se  12.16409060  7.02293987 -20.59158821
Cd  24.28505765  0.02653194 -15.64165885
Se  28.32623668  2.35941738 -13.98856435
Se  32.37195105  0.02490923 -7.38589954
Se  36.41690953  2.35902054 -0.78353898
Se  40.46281287  0.02491963  5.81608526
Cd -12.08109383  7.02613351 -15.64010927
Cd -8.04257932  14.02405340 -15.64018486
Cd -16.12667592  9.35973723 -9.03597048
Cd -12.08685750  16.35899884 -9.03653740
Cd -20.17169109  7.02656814 -2.43370251
Cd -16.13209944  14.02798403 -2.43506311
Cd -12.09075033  21.02773697 -2.43506311
Cd -4.00145699  21.02055601 -15.64010927
Cd -8.04520604  23.35720219 -9.03597048
Cd  4.08229946  21.01809936 -15.64165885
Cd -8.04711466  28.02690408 -2.43370251
Se -3.99739408  7.02443275 -20.59196615
Se  0.04185894  14.02061410 -20.59196615
Se  8.12389423  14.01965034 -20.59234410
Cd  12.16548900  21.01809936 -15.64165885
Se  20.24520143  7.02443275 -20.59196615
Se  16.20593103  14.02061410 -20.59196615
Cd  28.32888229  7.02613351 -15.64010927
Cd  24.29034888  14.02405340 -15.64018486
Cd  32.37440769  9.35973723 -9.03597048
Cd  28.33455147  16.35899884 -9.03653740
Cd  36.41936617  7.02656814 -2.43370251
Cd  32.37988790  14.02798403 -2.43506311
Cd  28.33851990  21.02773697 -2.43506311
Cd  20.24916986  21.02055601 -15.64010927
Cd  24.29299450  23.35720219 -9.03597048
Cd  24.29488423  28.02690408 -2.43370251
Se  0.04137234  23.35153301 -13.98856435
Se  0.04022244  28.02255771 -7.38589954
Se  8.12389423  23.35058815 -13.98899899
Se  8.12389423  28.02161285 -7.38640977
Se  12.16630158  30.35693623 -0.78426463
Se  4.08148688  30.35693623 -0.78426463
Se -4.00366797  30.35844801 -0.78353898
Se -4.00521754  35.02947271  5.81608526
Se  4.08078768  35.02796092  5.81617975
Se  12.16698188  35.02796092  5.81617975
Se  16.20642236  23.35153301 -13.98856435
Se  16.20755619  28.02255771 -7.38589954
Se  20.25143753  30.35844801 -0.78353898
Se  20.25294931  35.02947271  5.81608526
Cd -12.08595043 -20.98332840  10.76673272
Cd -8.04161556 -18.64653104  17.36635507
Cd -16.12777196 -13.97994720  10.76663823
Cd -12.08290797 -11.64384903  17.36709206
Cd -8.04051952 -13.97641341  23.96871752
Cd -20.17093520 -6.97709512  10.76663823
Cd -16.12531532 -4.64218748  17.36709206
Cd -12.08156627 -6.97529988  23.96928444
Cd -3.99590119 -11.63991840  30.57142013
Cd -8.03632433 -4.63978753  30.57179807
Se -4.00062551 -20.98238354  19.01650160
Se  4.08254513 -20.98484019  19.01782440
Se  0.04242756 -18.64596412  25.61882625
Se  12.16524333 -20.98484019  19.01782440
Se  8.12389423 -18.64702237  25.61939317
Se  0.04425965 -13.97560083  32.22285167
Se  8.12389423 -13.97709371  32.22304064
Se -3.99563663 -6.97371251  32.22455242
Se  20.24841397 -20.98238354  19.01650160
Se  16.20534522 -18.64596412  25.61882625
Se  16.20353108 -13.97560083  32.22285167
Se  20.24350068 -6.97371251  32.22455242
Se  12.16596143 -25.65397516  12.41619894
Se  4.08182703 -25.65397516  12.41619894
Se -4.00281759 -25.65284132  12.41536746
Cd -4.00281759 -25.65284132  4.16745052
Cd  4.08182703 -25.65397516  4.16661904
Cd  12.16596143 -25.65397516  4.16661904
Se  20.25068164 -25.65284132  12.41536746
Cd  28.33379558 -20.98332840  10.76673272
Cd  24.28940402 -18.64653104  17.36635507
Cd  32.37554153 -13.97994720  10.76663823
Cd  28.33077202 -11.64384903  17.36709206
Cd  24.28827019 -13.97641341  23.96871752
Cd  36.41861028 -6.97709512  10.76663823
Cd  32.37308488 -4.64218748  17.36709206
Cd  28.32926024 -6.97529988  23.96928444
Cd  20.24368965 -11.63991840  30.57142013
Cd  24.28411279 -4.63978753  30.57179807
Cd  20.25068164 -25.65284132  4.16746941
Cd -24.21513779  0.02492057  10.76673272
Cd -20.16923445  2.35902054  17.36635507
Cd -16.12420038  0.02490961  23.96871752
Cd -12.07841042  2.35941738  30.57142013
Se -8.03723140  0.02653251  32.22455242
Se  24.28505765  0.02653175  32.22455242
Cd  40.46281287  0.02491944  10.76673272
Cd  36.41690953  2.35902054  17.36635507
Cd  32.37195105  0.02490905  23.96871752
Cd  28.32623668  2.35941738  30.57142013
Se -20.17169109  7.02656814  19.01650160
Se -16.13209944  14.02798403  19.01782440
Se -16.12667592  9.35973723  25.61882625
Se -12.09075033  21.02773697  19.01782440
Se -12.08685750  16.35899884  25.61939317
Se -12.08109383  7.02613351  32.22285167
Se -8.04257932  14.02405340  32.22304064
Se -8.04711466  28.02690408  19.01650160
Se -8.04520604  23.35720219  25.61882625
Se  4.08229946  21.01809936  32.22455242
Se -4.00145699  21.02055601  32.22285167
Se -24.21740546  9.35988841  12.41536746
Se -20.17603746  16.36196570  12.41619894
Se -16.13402696  23.36306034  12.41619894
Cd -24.21740546  9.35988841  4.16745052
Cd -20.17603746  16.36196570  4.16661904
Cd -16.13402696  23.36306034  4.16661904
Se  12.16548900  21.01809936  32.22455242
Se  36.41936617  7.02656814  19.01650160
Se  32.37988790  14.02798403  19.01782440
Se  32.37440769  9.35973723  25.61882625
Se  28.33851990  21.02773697  19.01782440
Se  28.33455147  16.35899884  25.61939317
Se  28.32888229  7.02613351  32.22285167
Se  24.29034888  14.02405340  32.22304064
Se  24.29488423  28.02690408  19.01650160
Se  24.29299450  23.35720219  25.61882625
Se  20.24916986  21.02055601  32.22285167
Se  40.46526951  9.35988841  12.41536746
Se  36.42390151  16.36196570  12.41619894
Se  32.38177762  23.36306034  12.41619894
Cd  40.46526951  9.35988841  4.16746941
Cd  36.42390151  16.36196570  4.16661904
Cd  32.38177762  23.36306034  4.16661904
Se -12.09073144  30.36392821  12.41536746
Cd  12.16698188  35.02796092  10.76663823
Cd  12.16630158  30.35693623  17.36709206
Cd  4.08078768  35.02796092  10.76663823
Cd  4.08148688  30.35693623  17.36709206
Cd  8.12389423  28.02161285  23.96928444
Cd -4.00521754  35.02947271  10.76673272
Cd -4.00366797  30.35844801  17.36635507
Cd  0.04022055  28.02255771  23.96871752
Cd  8.12389423  23.35058815  30.57179807
Cd  0.04137007  23.35153301  30.57142013
Cd -12.09073144  30.36392821  4.16745052
Cd  20.25294931  35.02947271  10.76673272
Cd  20.25143753  30.35844801  17.36635507
Cd  16.20755619  28.02255771  23.96871752
Cd  16.20640346  23.35153301  30.57142013
Se  28.33851990  30.36392821  12.41536746
Cd  28.33851990  30.36392821  4.16746941
Cd  4.08464272 -6.97405266  37.17487862
Cd  12.16314574 -6.97405266  37.17487862
Cd  8.12389423  0.02510199  37.17431170
Cd  16.20332321  0.02566588  37.17525657
Cd  12.16409060  7.02293987  37.17431170
Cd  0.04445543  0.02566607  37.17525657
Cd  4.08367896  7.02293987  37.17431170
Cd  8.12389423  14.01965034  37.17525657
Cd -3.99739408  7.02443275  37.17487862
Cd  0.04185686  14.02061410  37.17487862
Cd  20.24520143  7.02443275  37.17487862
Cd  16.20593103  14.02061410  37.17487862
Cd -8.03728809 -13.97284183 -15.63874867
Cd -8.04155887 -18.64439565 -9.03447760
Cd -12.08213318 -11.64216718 -9.03727439
Cd -12.07718210 -6.97276764 -15.64054391
Cd -16.12348229 -4.64233866 -9.03727439
Cd -12.08436306 -20.98011587 -2.43213404
Cd -16.12518304 -13.97743386 -2.43385369
Cd -20.16734472 -6.97609356 -2.43385369
Cd -12.08855825 -25.65246338  4.16901899
Cd -16.12799873 -18.64828849  4.16790405
Cd -20.16999034 -11.64517184  4.16752611
Cd -24.21381498 -4.64311345  4.16790405
Se  16.20239724 -13.97469376 -20.59083232
Se  16.20375785 -18.64295946 -13.98659903
Se  8.12389423 -13.97595988 -20.59083232
Se  8.12389423 -18.64507595 -13.98720375
Se  4.08294197 -20.98219457 -7.38538931
Se  12.16484649 -20.98219457 -7.38538931
Se  20.24765808 -20.97973793 -7.38402871
Se  20.24198890 -6.97267316 -20.59309999
Se  20.24935883 -25.65038468 -0.78261679
Se  12.16537561 -25.65265235 -0.78425518
Se  4.08241285 -25.65265235 -0.78425518
Se  0.04538271 -13.97469376 -20.59083232
Se  0.04403005 -18.64295946 -13.98659903
Se -3.99985072 -20.97973793 -7.38402871
Se -3.99421934 -6.97267316 -20.59309999
Se -4.00160816 -25.65038468 -0.78261679
Cd  24.28505765 -13.97284183 -15.63874867
Cd  24.28940402 -18.64439565 -9.03445870
Cd  28.32982716 -11.64216718 -9.03727439
Cd  28.32491387 -6.97276764 -15.64054391
Cd  32.37119516 -4.64233866 -9.03727439
Cd  28.33209483 -20.98011587 -2.43213404
Cd  32.37289591 -13.97745276 -2.43385369
Cd  36.41520877 -6.97609356 -2.43385369
Cd  28.33625223 -25.65246338  4.16901899
Cd  32.37573050 -18.64828849  4.16790405
Cd  36.41785439 -11.64517184  4.16752611
Cd  40.46167903 -4.64311345  4.16790405
Cd -16.11949496  0.02592458 -15.63874867
Cd -20.16734472  2.35800009 -9.03447760
Cd -24.21154731  0.02471478 -2.43213404
Cd -28.25990730  2.35722530  4.16900009
Se -8.03562513  0.02725136 -20.59309999
Cd  12.16274889 -11.64042863 -22.24377564
Cd  8.12389423 -4.63999540 -22.24509845
Cd  16.20224606 -4.63967414 -22.24566536
Cd  4.08502067 -11.64042863 -22.24377564
Cd  0.04552728 -4.63967414 -22.24566536
Cd  4.08437816  2.35811347 -22.24509845
Cd  12.16341030  2.35811347 -22.24509845
Cd -3.99531538  2.35926620 -22.24566536
Cd  0.04359295  9.35548535 -22.24509845
Cd  8.12389423  9.35474836 -22.24509845
Cd  20.24312273  2.35926620 -22.24566536
Cd  16.20419248  9.35548535 -22.24509845
Se  24.28335690  0.02725004 -20.59309999
Cd  32.36722673  0.02592288 -15.63874867
Cd  36.41501980  2.35800009 -9.03445870
Cd  40.45922239  0.02471251 -2.43213404
Cd  44.50777135  2.35720640  4.16901899
Se -12.07975213  7.02664373 -20.59083232
Se -16.12325552  9.35960495 -13.98659903
Se -8.04159666  14.02348649 -20.59083232
Se -12.08515674  16.35803507 -13.98720375
Se -20.16885650  7.02586894 -7.38402871
Se -16.12971838  14.02707697 -7.38538931
Se -12.08876612  21.02622518 -7.38538931
Se -24.21475985  9.35968054 -0.78261679
Se -20.17471465  16.36183342 -0.78425518
Se -16.13323327  23.36192651 -0.78425518
Se -4.00123022  21.01904423 -20.59083232
Se -8.04339190  23.35436760 -13.98659903
Se -8.04511155  28.02482538 -7.38402871
Se  4.08248844  21.01639861 -20.59309999
Se -12.08916296  30.36166054 -0.78261679
Cd -8.03838413  9.35796089 -22.24377564
Cd -3.99952947  16.35346194 -22.24377564
Cd  4.08305535  16.35140214 -22.24566536
Cd  12.16473311  16.35140214 -22.24566536
Se  12.16530002  21.01639861 -20.59309999
Cd  24.28619149  9.35796089 -22.24377564
Cd  20.24728013  16.35346194 -22.24377564
Se  28.32755949  7.02664373 -20.59083232
Se  32.37100618  9.35960495 -13.98659903
Se  24.28940402  14.02348649 -20.59083232
Se  28.33285072  16.35803507 -13.98720375
Se  36.41672055  7.02586894 -7.38402871
Se  32.37743125  14.02707697 -7.38538931
Se  28.33663017  21.02622518 -7.38538931
Se  40.46243492  9.35968054 -0.78261679
Se  36.42257870  16.36183342 -0.78425518
Se  32.38102173  23.36192651 -0.78425518
Se  20.24898089  21.01904423 -20.59083232
Se  24.29110477  23.35436760 -13.98659903
Se  24.29280553  28.02482538 -7.38402871
Se  28.33700812  30.36166054 -0.78261679
Cd  0.04169832  28.01783340 -15.63874867
Cd -4.00185383  30.35731417 -9.03447760
Cd  4.08254513  30.35542444 -9.03727439
Cd  8.12389423  28.01651059 -15.64054391
Cd  12.16524333  30.35542444 -9.03727439
Cd  12.16611261  35.02455942 -2.43385369
Cd  4.08165696  35.02455942 -2.43385369
Cd -4.00327112  35.02644914 -2.43213404
Cd -8.04747371  37.36611889  4.16901899
Cd  0.03799578  37.36233944  4.16790405
Cd  8.12389423  37.36139457  4.16752611
Cd  16.20978607  37.36233944  4.16790405
Cd  16.20608221  28.01783340 -15.63874867
Cd  20.24954780  30.35731417 -9.03445870
Cd  20.25105958  35.02644914 -2.43213404
Cd  24.29526217  37.36611889  4.16901899
Se -12.08855825 -25.65246338  12.41381789
Se -16.12799873 -18.64828849  12.41491393
Se -12.08436306 -20.98011587  19.01498981
Se -20.16999034 -11.64517184  12.41529188
Se -16.12518304 -13.97745276  19.01669057
Se -8.04155887 -18.64439565  25.61731447
Se -12.08213318 -11.64216718  25.62014906
Se -24.21381498 -4.64311345  12.41491393
Se -20.16734472 -6.97609356  19.01669057
Se -16.12348229 -4.64233866  25.62014906
Se -8.03728809 -13.97284183  32.22152886
Se -12.07718210 -6.97276764  32.22341858
Cd -4.00160816 -25.65038468  17.36542910
Cd -3.99985072 -20.97973793  23.96682780
Cd  4.08241285 -25.65265235  17.36707316
Cd  4.08294197 -20.98219457  23.96815060
Cd  0.04402873 -18.64295946  30.56934143
Cd  12.16537561 -25.65265235  17.36707316
Cd  12.16484649 -20.98219457  23.96815060
Cd  8.12389423 -18.64507595  30.57009732
Cd  0.04538120 -13.97469376  37.17374478
Cd  8.12389423 -13.97595988  37.17374478
Cd -3.99421934 -6.97267316  37.17582348
Cd  20.24935883 -25.65038468  17.36542910
Cd  20.24765808 -20.97973793  23.96682780
Cd  16.20375785 -18.64295946  30.56934143
Cd  16.20239724 -13.97469376  37.17374478
Cd  20.24198890 -6.97267316  37.17582348
Cd  16.20863334 -27.98816470  10.76637367
Cd  8.12389423 -27.98873162  10.76660044
Cd  0.03914511 -27.98816470  10.76637367
Cd -8.04601862 -27.98797573  10.76637367
Se -8.04601862 -27.98797573  5.81644431
Se  0.03914586 -27.98816470  5.81644431
Se  8.12389423 -27.98873162  5.81621754
Se  16.20863334 -27.98816470  5.81644431
Cd  24.29375039 -27.98797573  10.76637367
Se  28.33625223 -25.65246338  12.41381789
Se  32.37573050 -18.64828849  12.41491393
Se  28.33209483 -20.98011587  19.01498981
Se  36.41785439 -11.64517184  12.41529188
Se  32.37289591 -13.97745276  19.01669057
Se  24.28940402 -18.64439565  25.61731447
Se  28.32982716 -11.64216718  25.62014906
Se  40.46167903 -4.64311345  12.41491393
Se  36.41520877 -6.97609356  19.01669057
Se  32.37119516 -4.64233866  25.62014906
Se  24.28505765 -13.97284183  32.22152886
Se  28.32491387 -6.97276764  32.22341858
Se  24.29375039 -27.98797573  5.81644431
Se -28.25990730  2.35722530  12.41381789
Se -24.21154731  0.02471403  19.01498981
Se -20.16734472  2.35800009  25.61731447
Se -16.11949496  0.02592364  32.22152886
Cd -8.03562513  0.02724985  37.17582348
Cd  24.28335690  0.02724966  37.17582348
Se  44.50777135  2.35720640  12.41381789
Se  40.45922239  0.02471270  19.01498981
Se  36.41501980  2.35800009  25.61731447
Se  32.36722673  0.02592288  32.22152886
Cd -24.21475985  9.35968054  17.36542910
Cd -20.16885650  7.02586894  23.96682780
Cd -20.17471465  16.36183342  17.36707316
Cd -16.12971838  14.02707697  23.96815060
Cd -16.12325552  9.35960495  30.56934143
Cd -16.13323327  23.36192651  17.36707316
Cd -12.08876612  21.02622518  23.96815060
Cd -12.08515674  16.35803507  30.57009732
Cd -12.07975213  7.02664373  37.17374478
Cd -8.04159666  14.02348649  37.17374478
Cd -12.08916296  30.36166054  17.36542910
Cd -8.04511155  28.02482538  23.96682780
Cd -8.04339190  23.35436760  30.56934143
Cd  4.08248844  21.01639861  37.17582348
Cd -4.00123022  21.01904423  37.17374478
Cd -28.26123010  7.02592564  10.76637367
Cd -24.21891724  14.02798403  10.76637367
Cd -20.17698233  21.02981566  10.76660044
Cd -16.13414034  28.03125045  10.76637367
Se -28.26123010  7.02594453  5.81644431
Se -24.21891724  14.02798403  5.81644431
Se -20.17698233  21.02981566  5.81621754
Se -16.13414034  28.03125045  5.81644431
Cd  12.16530002  21.01639861  37.17582348
Cd  40.46243492  9.35968054  17.36542910
Cd  36.41672055  7.02586894  23.96682780
Cd  36.42257870  16.36183342  17.36707316
Cd  32.37743125  14.02707697  23.96815060
Cd  32.37100618  9.35960495  30.56934143
Cd  32.38102173  23.36192651  17.36707316
Cd  28.33663017  21.02622518  23.96815060
Cd  28.33285072  16.35803507  30.57009732
Cd  28.32755949  7.02664373  37.17374478
Cd  24.28940402  14.02348649  37.17374478
Cd  28.33700812  30.36166054  17.36542910
Cd  24.29280553  28.02482538  23.96682780
Cd  24.29110477  23.35436760  30.56934143
Cd  20.24898089  21.01904423  37.17374478
Cd  44.50909415  7.02592564  10.76637367
Cd  40.46659232  14.02798403  10.76637367
Cd  36.42484638  21.02981566  10.76660044
Cd  32.38196660  28.03125045  10.76637367
Se  44.50909415  7.02592564  5.81644431
Se  40.46659232  14.02798403  5.81644431
Se  36.42484638  21.02981566  5.81621754
Se  32.38196660  28.03125045  5.81644431
Cd -12.09139284  35.03306318  10.76637367
Se  16.20978607  37.36233944  12.41491393
Se  8.12389423  37.36139457  12.41529188
Se  12.16611261  35.02455942  19.01669057
Se  0.03799653  37.36233944  12.41491393
Se  4.08165696  35.02455942  19.01669057
Se  12.16524333  30.35542444  25.62014906
Se  4.08254513  30.35542444  25.62014906
Se -8.04747371  37.36611889  12.41381789
Se -4.00327112  35.02644914  19.01498981
Se -4.00185383  30.35731417  25.61731447
Se  8.12389423  28.01651059  32.22341858
Se  0.04169813  28.01783340  32.22152886
Se -12.09139284  35.03306318  5.81644431
Se  24.29526217  37.36611889  12.41381789
Se  20.25105958  35.02644914  19.01498981
Se  20.24954780  30.35731417  25.61731447
Se  16.20608221  28.01783340  32.22152886
Cd  28.33908682  35.03306318  10.76637367
Se  28.33908682  35.03306318  5.81644431
Se  4.08502067 -11.64042863  38.82649913
Se  8.12389423 -4.63999540  38.82801091
Se  0.04552728 -4.63967414  38.82838886
Se  12.16274889 -11.64042863  38.82649913
Se  16.20224606 -4.63967414  38.82838886
Se  12.16341030  2.35811347  38.82782194
Se  4.08437816  2.35811347  38.82782194
Se  20.24312273  2.35926620  38.82838886
Se  16.20419248  9.35548535  38.82801091
Se  8.12389423  9.35474836  38.82782194
Se -3.99531538  2.35926620  38.82838886
Se  0.04359258  9.35548535  38.82801091
Se  12.16473311  16.35140214  38.82838886
Se  4.08305535  16.35140214  38.82838886
Se -8.03838413  9.35796089  38.82649913
Se -3.99952947  16.35346194  38.82649913
Se  24.28619149  9.35796089  38.82649913
Se  20.24728013  16.35346194  38.82649913
Se -8.03449129 -13.97140564 -20.59007643
Se -8.03870538 -18.63995480 -13.98520064
Se -12.07897734 -11.63931369 -13.98803523
Se -12.08441975 -20.97765923 -7.38251693
Se -16.12429487 -13.97582760 -7.38450114
Se -12.07427192 -6.97108579 -20.59253307
Se -16.11943827 -4.64105364 -13.98803523
Se -20.16564397 -6.97613136 -7.38450114
Se -12.08610161 -25.64830598 -0.78064581
Se -16.12599562 -18.64486808 -0.78203475
Se -20.16677780 -11.64330101 -0.78236357
Se -24.20984656 -4.64309455 -0.78203475
Se -16.13211833 -27.98835367  5.81691674
Se -20.17112417 -20.98276149  5.81676557
Se -24.21287012 -13.97928580  5.81684115
Se -28.25726168 -6.97737858  5.81676557
Cd  16.20251063 -18.64190121 -22.24018516
Cd  20.24161095 -11.63929480 -22.24415358
Cd  20.24576835 -20.97652539 -15.63457238
Cd  12.16424178 -20.98011587 -15.63725579
Cd  8.12389423 -18.64299725 -22.24094105
Cd  4.08352779 -20.98011587 -15.63725579
Cd  4.08258292 -25.65000673 -9.03517679
Cd  12.16518664 -25.65000673 -9.03517679
Cd  20.24916986 -25.64773906 -9.03166190
Cd  24.28184512 -4.63846472 -22.24623228
Cd  24.29280553 -27.98381833 -2.43039549
Cd  16.20806642 -27.98589703 -2.43343795
Cd  8.12389423 -27.98740881 -2.43547885
Cd  0.03972280 -27.98589703 -2.43343795
Cd  0.04527481 -18.64190121 -22.24018516
Cd -3.99387919 -11.63929480 -22.24415358
Cd -3.99803658 -20.97652539 -15.63457238
Cd -4.00143809 -25.64773906 -9.03166190
Cd -8.03403776 -4.63844582 -22.24623228
Cd -8.04496038 -27.98381833 -2.43039549
Se  24.28222306 -13.97140564 -20.59007643
Se  24.28656943 -18.63995480 -13.98520064
Se  28.32680360 -11.63931369 -13.98803523
Se  28.33228380 -20.97765923 -7.38251693
Se  32.37214002 -13.97582760 -7.38450114
Se  28.32207928 -6.97108579 -20.59253307
Se  32.36722673 -4.64105364 -13.98803523
Se  36.41331905 -6.97613136 -7.38450114
Se  28.33398455 -25.64830598 -0.78064581
Se  32.37384077 -18.64486808 -0.78203286
Se  36.41464185 -11.64330101 -0.78236357
Se  40.45771061 -4.64309455 -0.78203286
Se  32.37988790 -27.98835367  5.81691674
Se  36.41898822 -20.98276149  5.81676557
Se  40.46054520 -13.97928580  5.81684115
Se  44.50493676 -6.97737858  5.81676557
Se -16.11683045  0.02763290 -20.59007643
Se -20.16205349  2.35824575 -13.98520064
Se -24.20927964  0.02338385 -7.38251693
Se -28.25518298  2.35730089 -0.78064581
Se -32.30467680  0.02332583  5.81691674
Cd -12.07686085  2.36085357 -22.24415358
Se  12.16305125 -11.63738617 -27.19485773
Se  8.12389423 -4.63799229 -27.19618054
Se  16.20145238 -4.63844582 -27.19674746
Se  4.08473721 -11.63738617 -27.19485773
Se  0.04634081 -4.63844582 -27.19674746
Se  4.08551200  2.35877488 -27.19599156
Se  12.16225757  2.35877488 -27.19599156
Se -3.99384139  2.35936069 -27.19674746
Se  0.04533604  9.35448379 -27.19618054
Se  8.12389423  9.35344444 -27.19599156
Se  20.24161095  2.35936069 -27.19674746
Se  16.20245393  9.35448379 -27.19618054
Cd  28.32472490  2.36085357 -22.24415358
Se  32.36458112  0.02763138 -20.59007643
Se  36.40972857  2.35824575 -13.98520064
Se  40.45714369  0.02338177 -7.38251693
Se  44.50285806  2.35730089 -0.78064581
Se  48.55235188  0.02332338  5.81691674
Cd -16.12172484  9.36017187 -22.24018516
Cd -20.16507705  7.02583115 -15.63457238
Cd -16.12756409  14.02651005 -15.63725579
Cd -12.08336151  16.35699573 -22.24094105
Cd -12.08721655  21.02452443 -15.63725579
Cd -24.21230320  9.35850891 -9.03166190
Cd -20.17225801  16.36062400 -9.03517679
Cd -16.13094670  23.36041473 -9.03517679
Cd -28.25726168  7.02481070 -2.43039549
Cd -24.21664957  14.02734153 -2.43343795
Cd -20.17584849  21.02924875 -2.43547885
Cd -16.13243959  28.02954970 -2.43343795
Cd -8.04310844  23.35266685 -22.24018516
Cd  0.04089896  23.34945431 -22.24415358
Cd -8.04322183  28.02161285 -15.63457238
Cd -12.08695198  30.36014876 -9.03166190
Cd  8.12389423  23.34794253 -22.24623228
Cd -12.08838818  35.03003962 -2.43039549
Se -8.03590859  9.35618455 -27.19485773
Se -3.99675157  16.35219582 -27.19485773
Se  4.08371676  16.35007933 -27.19674746
Se  12.16407170  16.35007933 -27.19674746
Cd  16.20687589  23.34945431 -22.24415358
Se  24.28373484  9.35618455 -27.19485773
Se  20.24444554  16.35219582 -27.19485773
Cd  32.36949440  9.36015297 -22.24018516
Cd  36.41294110  7.02581225 -15.63457238
Cd  32.37535255  14.02651005 -15.63725579
Cd  28.33114997  16.35699573 -22.24094105
Cd  28.33492942  21.02452443 -15.63725579
Cd  40.45997828  9.35850891 -9.03166190
Cd  36.42012206  16.36062400 -9.03517679
Cd  32.37875406  23.36041473 -9.03517679
Cd  44.50493676  7.02481070 -2.43039549
Cd  40.46432465  14.02734153 -2.43343795
Cd  36.42352357  21.02924875 -2.43547885
Cd  32.38026584  28.02954970 -2.43343795
Cd  24.29091580  23.35266685 -22.24018516
Cd  24.29091580  28.02161285 -15.63457238
Cd  28.33474045  30.36014876 -9.03166190
Cd  28.33625223  35.03003962 -2.43039549
Se  0.04154695  28.01480984 -20.59007643
Se  4.08343330  30.35126705 -13.98803523
Se -3.99943498  30.35277883 -13.98520064
Se -4.00102235  35.02512634 -7.38251693
Se  4.08262072  35.02285866 -7.38450114
Se  8.12389423  28.01310908 -20.59253307
Se  12.16435516  30.35126705 -13.98803523
Se  12.16516774  35.02285866 -7.38450114
Se  16.20782076  37.35893793 -0.78203475
Se  8.12389423  37.35761512 -0.78236357
Se  0.03996222  37.35893793 -0.78203475
Se -8.04516825  37.36196149 -0.78064581
Se -8.04862644  42.03600975  5.81691674
Se  0.03785575  42.03109647  5.81676557
Se  8.12389423  42.02958468  5.81684115
Se  16.20993725  42.03109647  5.81676557
Se  16.20623339  28.01480984 -20.59007643
Se  20.24728013  30.35277883 -13.98520064
Se  20.24879191  35.02512634 -7.38251693
Se  24.29299450  37.36196149 -0.78064581
Se  24.29639601  42.03600975  5.81691674
Cd -16.13213723 -27.98835367  10.76590124
Cd -12.08610161 -25.64830598  17.36346379
Cd -20.17112417 -20.98276149  10.76605242
Cd -16.12599562 -18.64486808  17.36486218
Cd -12.08441975 -20.97765923  23.96531601
Cd -24.21287012 -13.97928580  10.76597683
Cd -20.16677780 -11.64330101  17.36518344
Cd -16.12429487 -13.97582760  23.96739471
Cd -8.03870538 -18.63995480  30.56801862
Cd -12.07897734 -11.63931369  30.57085321
Cd -28.25726168 -6.97737858  10.76605242
Cd -24.20984656 -4.64309455  17.36486218
Cd -20.16564397 -6.97613136  23.96739471
Cd -16.11943827 -4.64105364  30.57085321
Cd -8.03449129 -13.97140564  37.17279992
Cd -12.07427192 -6.97108579  37.17525657
Se -8.04496038 -27.98381833  19.01328906
Se  0.03972299 -27.98589703  19.01631262
Se -4.00143809 -25.64773906  25.61447988
Se  8.12389423 -27.98740881  19.01820235
Se  4.08258292 -25.65000673  25.61807036
Se -3.99803658 -20.97652539  32.21737146
Se  4.08352779 -20.98011587  32.22001708
Se  16.20806642 -27.98589703  19.01631262
Se  12.16518664 -25.65000673  25.61807036
Se  12.16424178 -20.98011587  32.22001708
Se  0.04527462 -18.64190121  38.82290865
Se -3.99387919 -11.63929480  38.82687708
Se  8.12389423 -18.64299725  38.82385352
Se -8.03403776 -4.63844582  38.82914475
Se  24.29280553 -27.98381833  19.01328906
Se  20.24916986 -25.64773906  25.61447988
Se  20.24576835 -20.97652539  32.21737146
Se  16.20251063 -18.64190121  38.82290865
Se  20.24161095 -11.63929480  38.82687708
Se  24.28184512 -4.63846472  38.82914475
Se  16.21018291 -32.65559892  12.41704932
Se  8.12389423 -32.65559892  12.41799418
Se  0.03760177 -32.65559892  12.41704932
Se -8.04843747 -32.65635481  12.41455488
Cd -8.04843747 -32.65635481  4.16826310
Cd  0.03760120 -32.65559892  4.16576866
Cd  8.12389423 -32.65559892  4.16482380
Cd  16.21018291 -32.65559892  4.16576866
Se  24.29620704 -32.65635481  12.41455488
Cd  32.37988790 -27.98835367  10.76590124
Cd  28.33398455 -25.64830598  17.36346379
Cd  36.41898822 -20.98276149  10.76605242
Cd  32.37384077 -18.64486808  17.36486218
Cd  28.33228380 -20.97765923  23.96531601
Cd  40.46054520 -13.97928580  10.76597683
Cd  36.41464185 -11.64330101  17.36518344
Cd  32.37214002 -13.97582760  23.96739471
Cd  24.28656943 -18.63995480  30.56801862
Cd  28.32680360 -11.63931369  30.57085321
Cd  44.50493676 -6.97737858  10.76605242
Cd  40.45771061 -4.64309455  17.36486218
Cd  36.41331905 -6.97613136  23.96739471
Cd  32.36722673 -4.64105364  30.57085321
Cd  24.28222306 -13.97140564  37.17279992
Cd  28.32207928 -6.97108579  37.17525657
Cd  24.29620704 -32.65635481  4.16826310
Cd -32.30467680  0.02332527  10.76590124
Cd -28.25518298  2.35730089  17.36346379
Cd -24.20927964  0.02338252  23.96531601
Cd -20.16205349  2.35824575  30.56801862
Cd -16.11683045  0.02763157  37.17279992
Se -12.07686085  2.36085357  38.82687708
Se  28.32472490  2.36085357  38.82687708
Cd  48.55235188  0.02332319  10.76590124
Cd  44.50285806  2.35730089  17.36346379
Cd  40.45714369  0.02338139  23.96531601
Cd  36.40972857  2.35824575  30.56801862
Cd  32.36458112  0.02763120  37.17279992
Se -28.25726168  7.02481070  19.01328906
Se -24.21664957  14.02734153  19.01631262
Se -24.21230320  9.35850891  25.61447988
Se -20.17584849  21.02924875  19.01820235
Se -20.17225801  16.36062400  25.61807036
Se -20.16507705  7.02583115  32.21737146
Se -16.12756409  14.02651005  32.22001708
Se -16.13243959  28.02954970  19.01631262
Se -16.13094670  23.36041473  25.61807036
Se -12.08721655  21.02452443  32.22001708
Se -16.12172484  9.36015297  38.82290865
Se -12.08336151  16.35699573  38.82385352
Se -12.08838818  35.03003962  19.01328906
Se -12.08695198  30.36014876  25.61447988
Se -8.04322183  28.02161285  32.21737146
Se  8.12389423  23.34794253  38.82914475
Se  0.04089821  23.34945431  38.82687708
Se -8.04310844  23.35266685  38.82290865
Se -32.30543269  9.35803648  12.41455488
Se -28.26179702  16.36037834  12.41704932
Se -24.21853930  23.36324931  12.41799418
Se -20.17547054  30.36619588  12.41704932
Cd -32.30543269  9.35803648  4.16826310
Cd -28.26179702  16.36037834  4.16576866
Cd -24.21853930  23.36324931  4.16482380
Cd -20.17547054  30.36619588  4.16576866
Se  16.20687589  23.34945431  38.82687708
Se  44.50493676  7.02481070  19.01328906
Se  40.46432465  14.02734153  19.01631262
Se  40.45997828  9.35850891  25.61447988
Se  36.42352357  21.02924875  19.01820235
Se  36.42012206  16.36062400  25.61807036
Se  36.41294110  7.02581225  32.21737146
Se  32.37535255  14.02651005  32.22001708
Se  32.38026584  28.02954970  19.01631262
Se  32.37875406  23.36041473  25.61807036
Se  28.33492942  21.02452443  32.22001708
Se  32.36949440  9.36015297  38.82290865
Se  28.33114997  16.35699573  38.82385352
Se  28.33625223  35.03003962  19.01328906
Se  28.33474045  30.36014876  25.61447988
Se  24.29091580  28.02161285  32.21737146
Se  24.29091580  23.35266685  38.82290865
Se  48.55329674  9.35803648  12.41455488
Se  44.50966107  16.36037834  12.41704932
Se  40.46640335  23.36324931  12.41799418
Se  36.42333459  30.36619588  12.41704932
Cd  48.55329674  9.35803648  4.16826310
Cd  44.50966107  16.36037834  4.16576866
Cd  40.46640335  23.36324931  4.16482380
Cd  36.42333459  30.36619588  4.16576866
Se -16.13313879  37.36933142  12.41455488
Cd  16.20991835  42.03109647  10.76605242
Cd  16.20782076  37.35893793  17.36486218
Cd  8.12389423  42.02958468  10.76597683
Cd  8.12389423  37.35761512  17.36518344
Cd  12.16516774  35.02285866  23.96739471
Cd  0.03785537  42.03109647  10.76605242
Cd  0.03996147  37.35893793  17.36486218
Cd  4.08262072  35.02285866  23.96739471
Cd  12.16433626  30.35126705  30.57085321
Cd  4.08343330  30.35126705  30.57085321
Cd -8.04862644  42.03600975  10.76590124
Cd -8.04516825  37.36196149  17.36346379
Cd -4.00102235  35.02512634  23.96531601
Cd -3.99943498  30.35277883  30.56801862
Cd  8.12389423  28.01310908  37.17525657
Cd  0.04154506  28.01480984  37.17279992
Cd -16.13313879  37.36933142  4.16826310
Cd  24.29639601  42.03600975  10.76590124
Cd  24.29299450  37.36196149  17.36346379
Cd  20.24879191  35.02512634  23.96531601
Cd  20.24728013  30.35277883  30.56801862
Cd  16.20623339  28.01480984  37.17279992
Se  32.38102173  37.36933142  12.41455488
Cd  32.38102173  37.36933142  4.16826310
Cd  4.08473721 -11.63738617  43.77777020
Cd  8.12389423 -4.63799229  43.77890403
Cd  0.04633929 -4.63844582  43.77965992
Cd  12.16305125 -11.63738617  43.77777020
Cd  16.20143348 -4.63844582  43.77965992
Cd  12.16225757  2.35877488  43.77890403
Cd  4.08551200  2.35877488  43.77890403
Cd  20.24161095  2.35936069  43.77965992
Cd  16.20245393  9.35448379  43.77890403
Cd  8.12389423  9.35344444  43.77890403
Cd -3.99384139  2.35936069  43.77965992
Cd  0.04533396  9.35448379  43.77890403
Cd  12.16407170  16.35007933  43.77965992
Cd  4.08371676  16.35007933  43.77965992
Cd -8.03590859  9.35618455  43.77777020
Cd -3.99675157  16.35219582  43.77777020
Cd  24.28373484  9.35618455  43.77777020
Cd  20.24444554  16.35219582  43.77777020
Se  16.20171694 -18.64012487 -27.19126725
Se  12.16337250 -20.97898203 -20.58780876
Se  20.24331171 -20.97444669 -20.58554108
Se  20.24085506 -11.63770743 -27.19561362
Se  20.24709116 -25.64433756 -13.98191251
Se  12.16441185 -25.64811701 -13.98546520
Se  8.12389423 -18.64057840 -27.19221211
Se  4.08441596 -20.97898203 -20.58780876
Se  4.08335771 -25.64811701 -13.98546520
Se  0.04046414 -27.98381833 -7.38372636
Se  8.12389423 -27.98570806 -7.38597513
Se  16.20731053 -27.98381833 -7.38372636
Se  24.29242758 -27.98060580 -7.38055162
Se  24.28108923 -4.63801119 -27.19769232
Se  24.29393936 -32.65314227 -0.78171917
Se  16.20887900 -32.65427611 -0.78482210
Se  8.12389423 -32.65540995 -0.78631120
Se  0.03890662 -32.65427611 -0.78482210
Se  0.04607303 -18.64012487 -27.19126725
Se -3.99557994 -20.97444669 -20.58554108
Se -3.99302881 -11.63770743 -27.19561362
Se -3.99922711 -25.64433756 -13.98191251
Se -8.04473361 -27.98060580 -7.38055162
Se -8.03326297 -4.63799229 -27.19769232
Se -8.04620759 -32.65314227 -0.78171917
Se -12.07506561  2.36077799 -27.19561362
Cd  16.20139569 -13.97325757 -28.84628927
Cd  8.12389423 -13.97303080 -28.84591133
Cd  12.16208749 -6.97187947 -28.84893489
Cd  4.08568207 -6.97187947 -28.84893489
Cd  8.12389423  0.02608521 -28.85025770
Cd  20.24066609 -6.97178499 -28.84987975
Cd  16.20145238  0.02675077 -28.84987975
Cd  0.04638616 -13.97325757 -28.84628927
Cd -3.99285873 -6.97178499 -28.84987975
Cd  0.04633419  0.02675115 -28.84987975
Cd  4.08452934  7.02244854 -28.85025770
Cd  12.16324022  7.02244854 -28.85025770
Cd -8.03417004  0.02797531 -28.84987975
Cd -3.99499412  7.02424378 -28.84893489
Cd  0.04321747  14.01862989 -28.84893489
Cd  8.12389423  14.01749605 -28.84987975
Cd  24.28203409  0.02797418 -28.84987975
Cd  20.24274479  7.02424378 -28.84893489
Cd  16.20457043  14.01862989 -28.84893489
Se  28.32283517  2.36077799 -27.19561362
Se -16.11977842  9.35996400 -27.19126725
Se -20.16224246  7.02696499 -20.58554108
Se -16.12610900  14.02668012 -20.58780876
Se -24.20814580  9.35871678 -13.98191251
Se -20.17036828  16.36039723 -13.98548410
Se -12.08126391  16.35578630 -27.19221211
Se -12.08661183  21.02320162 -20.58780876
Se -16.12977507  23.35871397 -13.98548410
Se -28.25423812  7.02331781 -7.38055162
Se -24.21438190  14.02690689 -7.38372636
Se -20.17433671  21.02830388 -7.38597513
Se -16.13096560  28.02784894 -7.38372636
Se -32.30165324  9.35839553 -0.78171917
Se -28.25990730  16.36083187 -0.78482210
Se -24.21853930  23.36324931 -0.78631120
Se -20.17490363  30.36449513 -0.78482210
Se -8.04197461  23.35115507 -27.19126725
Se -8.04273050  28.01840031 -20.58554108
Se  0.04186291  23.34794253 -27.19561362
Se -12.08510005  30.35655828 -13.98191251
Se -12.08559138  35.02814990 -7.38055162
Se  8.12389423  23.34699767 -27.19769232
Se -16.13151362  37.36574094 -0.78171917
Cd -12.07801358  7.02681381 -28.84628927
Cd -8.03906443  14.02201250 -28.84591133
Cd -4.00051212  21.01753244 -28.84628927
Cd  4.08258292  21.01488683 -28.84987975
Cd  12.16520554  21.01488683 -28.84987975
Se  16.20593103  23.34794253 -27.19561362
Cd  28.32585873  7.02679491 -28.84628927
Cd  24.28675841  14.02201250 -28.84591133
Cd  20.24822500  21.01753244 -28.84628927
Se  32.36760468  9.35996400 -27.19126725
Se  36.40991754  7.02696499 -20.58554108
Se  32.37384077  14.02668012 -20.58780876
Se  40.45600985  9.35871678 -13.98191251
Se  36.41804336  16.36039723 -13.98546520
Se  28.32907127  16.35578630 -27.19221211
Se  28.33436250  21.02320162 -20.58780876
Se  32.37762023  23.35871397 -13.98546520
Se  44.50191320  7.02331781 -7.38055162
Se  40.46224595  14.02690689 -7.38372636
Se  36.42220076  21.02830388 -7.38597513
Se  32.37875406  28.02784894 -7.38372636
Se  48.54932832  9.35839553 -0.78171917
Se  44.50777135  16.36083187 -0.78482210
Se  40.46621437  23.36324931 -0.78631120
Se  36.42276768  30.36449513 -0.78482210
Se  24.28978197  23.35115507 -27.19126725
Se  24.29053786  28.01840031 -20.58554108
Se  28.33285072  30.35655828 -13.98191251
Se  28.33341764  35.02814990 -7.38055162
Se  32.37932098  37.36574094 -0.78171917
Cd -8.04620759 -32.65314227  17.36454093
Cd -8.04473361 -27.98060580  23.96342629
Cd  0.03890643 -32.65427611  17.36764008
Cd  0.04046338 -27.98381833  23.96663882
Cd -3.99922711 -25.64433756  30.56480608
Cd  8.12389423 -32.65540995  17.36913297
Cd  8.12389423 -27.98570806  23.96871752
Cd  4.08335771 -25.64811701  30.56820759
Cd -3.99557994 -20.97444669  37.16845355
Cd  4.08439706 -20.97898203  37.17072122
Cd  16.20887900 -32.65427611  17.36764008
Cd  16.20731053 -27.98381833  23.96663882
Cd  12.16441185 -25.64811701  30.56820759
Cd  12.16337250 -20.97898203  37.17072122
Cd  0.04607190 -18.64012487  43.77417972
Cd -3.99304771 -11.63770743  43.77833711
Cd  8.12389423 -18.64057840  43.77493561
Cd -8.03326297 -4.63801119  43.78060479
Cd  24.29393936 -32.65314227  17.36454093
Cd  24.29242758 -27.98060580  23.96342629
Cd  20.24709116 -25.64433756  30.56480608
Cd  20.24331171 -20.97444669  37.16845355
Cd  16.20171694 -18.64012487  43.77417972
Cd  20.24085506 -11.63770743  43.77833711
Cd  24.28108923 -4.63801119  43.78060479
Cd  20.25294931 -34.98997743  10.76648705
Cd  12.16696298 -34.98789873  10.76688390
Cd  4.08080658 -34.98789873  10.76688390
Cd -4.00516085 -34.98997743  10.76648705
Cd -12.09160071 -34.99262305  10.76624139
Se -12.09160071 -34.99262305  5.81657659
Se -4.00516085 -34.98997743  5.81633093
Se  4.08080658 -34.98789873  5.81593409
Se  12.16696298 -34.98789873  5.81593409
Se  20.25294931 -34.98997743  5.81633093
Cd  28.33946476 -34.99262305  10.76624139
Se  28.33946476 -34.99262305  5.81657659
Cd -12.07506561  2.36077799  43.77833711
Cd  28.32283517  2.36077799  43.77833711
Cd -32.30165324  9.35839553  17.36454093
Cd -28.25423812  7.02331781  23.96342629
Cd -28.25990730  16.36083187  17.36764008
Cd -24.21438190  14.02690689  23.96663882
Cd -24.20814580  9.35871678  30.56480608
Cd -24.21853930  23.36324931  17.36913297
Cd -20.17433671  21.02830388  23.96871752
Cd -20.17036828  16.36039723  30.56820759
Cd -20.16224246  7.02696499  37.16845355
Cd -16.12610900  14.02668012  37.17072122
Cd -20.17490363  30.36449513  17.36764008
Cd -16.13096560  28.02784894  23.96663882
Cd -16.12979397  23.35871397  30.56820759
Cd -12.08663073  21.02320162  37.17072122
Cd -16.11977842  9.35996400  43.77417972
Cd -12.08126391  16.35578630  43.77493561
Cd -16.13151362  37.36574094  17.36454093
Cd -12.08559138  35.02814990  23.96342629
Cd -12.08510005  30.35655828  30.56480608
Cd -8.04273050  28.01840031  37.16845355
Cd  8.12389423  23.34699767  43.78060479
Cd  0.04186083  23.34794253  43.77833711
Cd -8.04197461  23.35115507  43.77417972
Cd -36.35020220  7.02464062  10.76624139
Cd -32.30486577  14.02643446  10.76648705
Cd -28.26009627  21.02811491  10.76688390
Cd -24.21702752  28.03087251  10.76688390
Cd -20.17584849  35.03457497  10.76648705
Se -36.35020220  7.02464062  5.81657659
Se -32.30486577  14.02643446  5.81633093
Se -28.26009627  21.02811491  5.81593409
Se -24.21702752  28.03087251  5.81593409
Se -20.17584849  35.03457497  5.81633093
Cd  16.20591213  23.34794253  43.77833711
Cd  48.54932832  9.35839553  17.36454093
Cd  44.50191320  7.02331781  23.96342629
Cd  44.50777135  16.36083187  17.36764008
Cd  40.46224595  14.02690689  23.96663882
Cd  40.45600985  9.35871678  30.56480608
Cd  40.46621437  23.36324931  17.36913297
Cd  36.42220076  21.02830388  23.96871752
Cd  36.41804336  16.36039723  30.56820759
Cd  36.40991754  7.02696499  37.16845355
Cd  32.37384077  14.02668012  37.17072122
Cd  36.42276768  30.36449513  17.36764008
Cd  32.37875406  28.02784894  23.96663882
Cd  32.37762023  23.35871397  30.56820759
Cd  28.33436250  21.02320162  37.17072122
Cd  32.36760468  9.35996400  43.77417972
Cd  28.32907127  16.35578630  43.77493561
Cd  32.37932098  37.36574094  17.36454093
Cd  28.33341764  35.02814990  23.96342629
Cd  28.33285072  30.35655828  30.56480608
Cd  24.29053786  28.01840031  37.16845355
Cd  24.28978197  23.35115507  43.77417972
Cd  52.59806625  7.02464062  10.76624139
Cd  48.55254085  14.02643446  10.76648705
Cd  44.50777135  21.02811491  10.76688390
Cd  40.46470259  28.03087251  10.76688390
Cd  36.42352357  35.03457497  10.76648705
Se  52.59806625  7.02464062  5.81657659
Se  48.55254085  14.02643446  5.81633093
Se  44.50777135  21.02811491  5.81593409
Se  40.46470259  28.03087251  5.81593409
Se  36.42352357  35.03457497  5.81633093
Cd -16.13472615  42.03884434  10.76624139
Se -16.13472615  42.03884434  5.81657659
Cd  32.38253351  42.03884434  10.76624139
Se  32.38253351  42.03884434  5.81657659
Se  0.04638578 -13.97325757  45.42920174
Se  8.12389423 -13.97303080  45.42863482
Se  4.08568207 -6.97187947  45.43165838
Se  12.16208749 -6.97187947  45.43165838
Se  8.12389423  0.02608445  45.43298119
Se -3.99285873 -6.97178499  45.43279222
Se  0.04633381  0.02675039  45.43279222
Se  16.20139569 -13.97325757  45.42920174
Se  20.24066609 -6.97178499  45.43279222
Se  16.20145238  0.02675039  45.43279222
Se  12.16324022  7.02244854  45.43298119
Se  4.08452934  7.02244854  45.43298119
Se  24.28203409  0.02797399  45.43279222
Se  20.24274479  7.02424378  45.43165838
Se  16.20457043  14.01862989  45.43165838
Se  8.12389423  14.01749605  45.43279222
Se -8.03417004  0.02797418  45.43279222
Se -3.99499412  7.02424378  45.43165838
Se  0.04321671  14.01862989  45.43165838
Se  12.16520554  21.01488683  45.43279222
Se  4.08258292  21.01488683  45.43279222
Se -12.07801358  7.02681381  45.42920174
Se -8.03906443  14.02201250  45.42863482
Se -4.00051212  21.01753244  45.42920174
Se  28.32585873  7.02679491  45.42920174
Se  24.28675841  14.02201250  45.42863482
Se  20.24822500  21.01753244  45.42920174
P2 -8.03451019 -15.13817443 -21.00227291
P2 -9.04437504 -13.38785353 -21.00359572
P2 -9.25134255 -19.33979214 -14.48009720
P2 -13.29129136 -12.33921340 -14.48357807
P2 -12.08510950 -22.14470675 -7.79440633
P2 -13.09489403 -20.39412601 -7.79536537
P2 -16.12480037 -15.14275229 -7.79685353
P2 -17.13491560 -13.39269595 -7.79724092
P2 -12.07421051 -8.13761364 -21.00543820
P2 -13.08448637 -6.38776517 -21.00543820
P2 -17.33171261 -5.34099303 -14.48357807
P2 -20.16592743 -8.14292377 -7.79724092
P2 -21.17645840 -6.39310837 -7.79685353
P2 -13.29890318 -26.34856284 -1.27499812
P2 -17.33868381 -19.34493219 -1.27659967
P2 -21.37935828 -12.34338780 -1.27701692
P2 -25.42248372 -5.34330039 -1.27659967
P2 -16.13284115 -29.15573190  5.40504624
P2 -17.14267293 -27.40423937  5.40498482
P2 -20.17192731 -22.15004523  5.40487144
P2 -21.18165515 -20.39892119  5.40462105
P2 -24.21296461 -15.14631443  5.40467774
P2 -25.22359006 -13.39586124  5.40467774
P2 -28.25688373 -8.14443083  5.40462105
P2 -29.26854854 -6.39440756  5.40487144
P2  24.28227031 -15.13817443 -21.00227291
P2  25.29213987 -13.38785353 -21.00359572
P2  25.49920660 -19.33979214 -14.48009720
P2  29.53910061 -12.33921907 -14.48357807
P2  28.33294521 -22.14470675 -7.79440633
P2  29.34272029 -20.39412601 -7.79536537
P2  32.37261245 -15.14275229 -7.79685353
P2  33.38276548 -13.39269595 -7.79724092
P2  28.32203204 -8.13761364 -21.00543820
P2  29.33227955 -6.38776517 -21.00543820
P2  33.57952375 -5.34099303 -14.48357807
P2  36.41364975 -8.14292377 -7.79724092
P2  37.42418072 -6.39310837 -7.79685353
P2  29.54673511 -26.34856284 -1.27499812
P2  33.58653463 -19.34493219 -1.27659834
P2  37.62722233 -12.34338780 -1.27701692
P2  41.67029108 -5.34330039 -1.27659834
P2  32.38059654 -29.15573190  5.40504624
P2  33.39046611 -27.40423937  5.40498482
P2  36.41979136 -22.15004523  5.40487144
P2  37.42951920 -20.39892119  5.40462105
P2  40.46068693 -15.14631443  5.40467774
P2  41.47131238 -13.39586124  5.40467774
P2  44.50460605 -8.14443083  5.40462105
P2  45.51627086 -6.39440756  5.40487144
P2 -16.11640526 -1.13872616 -21.00359572
P2 -17.12728583  0.61099948 -21.00227291
P2 -21.37440720  1.65798044 -14.48009720
P2 -24.20918515 -1.14347197 -7.79536537
P2 -25.22033029  0.60631981 -7.79440633
P2 -29.46799022  1.65710157 -1.27499812
P2 -32.30410988 -1.14387925  5.40498482
P2 -33.31601091  0.60639913  5.40504624
P2  32.36415593 -1.13872729 -21.00359572
P2  33.37506485  0.61099835 -21.00227291
P2  37.62213897  1.65797988 -14.48009720
P2  40.45704920 -1.14347353 -7.79536537
P2  41.46819434  0.60631825 -7.79440633
P2  45.71572199  1.65710072 -1.27499812
P2  48.55183220 -1.14388109  5.40498482
P2  49.56373323  0.60639729  5.40504624
P2 -0.96889695  28.59821549 -21.00227291
P2  1.05185791  28.59760133 -21.00359572
P2  4.08346165  31.75115716 -14.48357807
P2 -3.99917420  31.75283902 -14.48009720
P2 -5.01138797  35.60928788 -7.79440633
P2 -2.99044626  35.60848475 -7.79536537
P2  3.07228604  35.60678399 -7.79685353
P2  5.09293910  35.60654778 -7.79724092
P2  7.11361837  28.59632577 -21.00543820
P2  9.13417009  28.59632577 -21.00543820
P2  12.16432682  31.75115716 -14.48357807
P2  11.15484937  35.60654778 -7.79724092
P2  13.17550029  35.60678399 -7.79685353
P2  16.20772438  38.75916820 -1.27659967
P2  8.12389423  38.75778870 -1.27701692
P2  0.04005815  38.75916820 -1.27659967
P2 -8.04519092  38.76241853 -1.27499812
P2 -9.05926135  42.62031303  5.40504624
P2 -7.03751911  42.61913195  5.40498482
P2 -0.97265746  42.61544698  5.40487144
P2  1.04873991  42.61431315  5.40462105
P2  7.11326877  42.61317931  5.40467774
P2  9.13451969  42.61317931  5.40467774
P2  15.19905195  42.61431315  5.40462105
P2  17.22045405  42.61544698  5.40487144
P2  15.19592446  28.59760133 -21.00359572
P2  17.21668405  28.59821549 -21.00227291
P2  20.24699667  31.75283902 -14.48009720
P2  19.23821842  35.60848475 -7.79536537
P2  21.25918116  35.60928788 -7.79440633
P2  24.29299450  38.76241853 -1.27499812
P2  23.28529812  42.61913195  5.40498482
P2  25.30702147  42.62031303  5.40504624
P1 -16.13371704 -30.55658578  11.67201635
P1 -18.35534694 -26.70330220  11.67215146
P1 -14.30957116 -26.93211023  18.26972440
P1 -20.17289107 -23.55078572  11.67221949
P1 -22.39429231 -19.69831284  11.67277035
P1 -18.34925730 -19.92831895  18.27160090
P1 -12.08593720 -23.54516379  24.87152466
P1 -14.30746317 -19.69388616  24.87360336
P1 -24.21307799 -16.54674878  11.67273633
P1 -26.43645400 -12.69575178  11.67273633
P1 -22.38984201 -12.92679346  18.27205727
P1 -16.12540697 -16.54306193  24.87453878
P1 -18.34766048 -12.69293798  24.87537026
P1 -10.26187352 -19.92298992  31.47537055
P1 -14.30155305 -12.92247354  31.47934843
P1 -28.25643020 -9.54489353  11.67277035
P1 -30.48209278 -5.69484233  11.67221949
P1 -26.43301470 -5.92680525  18.27160090
P1 -20.16626758 -9.54307467  24.87537026
P1 -22.38943572 -5.69348079  24.87453878
P1 -18.34194123 -5.92427586  31.47934843
P1 -8.03453287 -16.53829698  38.07963218
P1 -10.25623552 -12.68759100  38.08264629
P1 -12.07413681 -9.53744706  38.08375178
P1 -14.29674370 -5.68778043  38.08375178
P1  32.38144692 -30.55658578  11.67201635
P1  34.60315997 -26.70330220  11.67215146
P1  30.55736056 -26.93211023  18.26972440
P1  36.42075512 -23.55078572  11.67221949
P1  38.64215636 -19.69831284  11.67277035
P1  34.59711285 -19.92831895  18.27160090
P1  28.33373889 -23.54516379  24.87152466
P1  30.55524407 -19.69388616  24.87360336
P1  40.46085700 -16.54674878  11.67273633
P1  42.68423301 -12.69575178  11.67273633
P1  38.63770606 -12.92679346  18.27205727
P1  32.37317937 -16.54306193  24.87453878
P1  34.59551603 -12.69293798  24.87537026
P1  26.50973757 -19.92298992  31.47537055
P1  30.54934813 -12.92247354  31.47934843
P1  44.50420921 -9.54489353  11.67277035
P1  46.72987179 -5.69484233  11.67221949
P1  42.68077481 -5.92680525  18.27160090
P1  36.41404659 -9.54307467  24.87537026
P1  38.63721473 -5.69348079  24.87453878
P1  34.58977126 -5.92427586  31.47934843
P1  24.28232700 -16.53829698  38.07963218
P1  26.50404005 -12.68759100  38.08264629
P1  28.32197535 -9.53744706  38.08375178
P1  30.54451988 -5.68778043  38.08375178
P1 -32.30342958 -2.54452561  11.67215146
P1 -34.52961184  1.30608684  11.67201635
P1 -30.47866293  1.07360141  18.26972440
P1 -24.20907177 -2.54369954  24.87360336
P1 -26.43359106  1.30584237  24.87152466
P1 -22.38470195  1.07442560  31.47537055
P1 -16.11589504 -2.53835762  38.08264629
P1 -18.33983229  1.31103879  38.07963218
P1  48.55120860 -2.54452654  11.67215146
P1  50.77739085  1.30608590  11.67201635
P1  46.72644194  1.07360058  18.26972440
P1  40.45693582 -2.54370005  24.87360336
P1  42.68145511  1.30584186  24.87152466
P1  38.63248097  1.07442498  31.47537055
P1  32.36364570 -2.53835779  38.08264629
P1  34.58764532  1.31103862  38.07963218
P1  18.43306570  43.31666761  11.67221949
P1  13.98598109  43.31417317  11.67277035
P1  16.20764407  39.92602675  18.27160090
P1  10.34727024  43.31349287  11.67273633
P1  5.90051822  43.31349287  11.67273633
P1  8.12389423  39.92460001  18.27205727
P1  14.38789936  36.30749439  24.87453878
P1  9.94246731  36.30697472  24.87537026
P1  2.26180073  43.31417317  11.67277035
P1 -2.18527348  43.31666761  11.67221949
P1  0.04013816  39.92602675  18.27160090
P1  6.30532115  36.30697472  24.87537026
P1  1.85988443  36.30749439  24.87453878
P1  12.16429469  32.91773226  31.47934843
P1  4.08348527  32.91773226  31.47934843
P1 -5.82419030  43.31887859  11.67215146
P1 -10.27202324  43.32147696  11.67201635
P1 -8.04520982  39.92946605  18.26972440
P1 -1.77775495  36.30851484  24.87360336
P1 -6.22382672  36.31028174  24.87152466
P1 -3.99895688  32.91955584  31.47537055
P1  10.34650112  29.29618579  38.08375178
P1  5.90128734  29.29618579  38.08375178
P1  2.26423021  29.29695112  38.08264629
P1 -2.18143049  29.29830228  38.07963218
P1  22.07198065  43.31887859  11.67215146
P1  26.51977202  43.32147696  11.67201635
P1  24.29299450  39.92946605  18.26972440
P1  18.02553023  36.30851484  24.87360336
P1  22.47164825  36.31028174  24.87152466
P1  20.24676046  32.91955584  31.47537055
P1  13.98355374  29.29695112  38.08264629
P1  18.42922484  29.29830228  38.07963218
P2  17.21173769 -19.22408327 -27.60341649
P2  15.19200328 -19.22422500 -27.60412514
P2  12.16374667 -22.37943907 -21.08238784
P2  21.25308679 -20.39045522 -20.99887140
P2  20.24378414 -22.14139973 -20.99740686
P2  21.45269855 -12.33820239 -27.69098639
P2  21.25781110 -26.22712905 -14.39407593
P2  19.23711293 -26.22854634 -14.39472788
P2  13.17510345 -26.23138093 -14.39739239
P2  11.15428245 -26.23208958 -14.39801128
P2  9.13363624 -19.22456515 -27.60483378
P2  7.11414749 -19.22456515 -27.60483378
P2  4.08404179 -22.37943907 -21.08238784
P2  5.09349184 -26.23208958 -14.39801128
P2  3.07266795 -26.23138093 -14.39739239
P2  0.03989847 -29.38404860 -7.87892905
P2  8.12389423 -29.38605170 -7.88129688
P2  16.20787745 -29.38404860 -7.87892905
P2  25.30305304 -27.39691668 -7.79293235
P2  24.29313623 -29.14741711 -7.79305045
P2  25.49327286 -5.33787687 -27.69334855
P2  25.30451758 -33.23683139 -1.19374652
P2  23.28355012 -33.23659517 -1.19464414
P2  17.21975485 -33.23744555 -1.19697134
P2  15.19840472 -33.23763452 -1.19785479
P2  9.13466614 -33.23848490 -1.19897161
P2  7.11312232 -33.23848490 -1.19897161
P2  1.04938161 -33.23763452 -1.19785479
P2 -0.97196852 -33.23744555 -1.19697134
P2  1.05578160 -19.22422500 -27.60412514
P2 -0.96394809 -19.22408327 -27.60341649
P2 -5.00532667 -20.39045522 -20.99887140
P2 -3.99601930 -22.14139973 -20.99740686
P2 -5.20491197 -12.33820239 -27.69098639
P2 -2.98927066 -26.22854634 -14.39472788
P2 -5.00995178 -26.22712905 -14.39407593
P2 -9.05534489 -27.39691668 -7.79293235
P2 -8.04542808 -29.14741711 -7.79305045
P2 -9.24546928 -5.33786365 -27.69334855
P2 -7.03580418 -33.23659517 -1.19464414
P2 -9.05678109 -33.23683139 -1.19374652
P2 -13.28765175  1.66150586 -27.69098639
P1  16.20142687 -13.97262357 -31.56938442
P1  8.12389423 -13.97242798 -31.56879860
P1  12.16199395 -6.97129744 -31.57182217
P1  4.08577562 -6.97129744 -31.57182217
P1  8.12389423  0.02646353 -31.57335284
P1  20.23993855 -6.97091193 -31.57297490
P1  16.20099507  0.02701643 -31.57297490
P1  0.04635477 -13.97262357 -31.56938442
P1 -3.99218316 -6.97091193 -31.57297490
P1  0.04679431  0.02701691 -31.57297490
P1  4.08486193  7.02226146 -31.57335284
P1  12.16291802  7.02226146 -31.57335284
P1 -8.03307872  0.02812883 -31.57297490
P1 -3.99443287  7.02403591 -31.57182217
P1  0.04368122  14.01825572 -31.57182217
P1  8.12389423  14.01696599 -31.57297490
P1  24.28089081  0.02812790 -31.57297490
P1  20.24222512  7.02403591 -31.57182217
P1  16.20410272  14.01824533 -31.57182217
P2  29.53541565  1.66150546 -27.69098639
P2 -17.13048892  8.77722920 -27.60341649
P2 -16.12075636  10.52643988 -27.60412514
P2 -20.16134484  5.86049855 -20.99887140
P2 -21.17305689  7.61005411 -20.99740686
P2 -17.33910333  14.72658550 -21.08238784
P2 -25.21825159  8.77481035 -14.39407593
P2 -24.20913791  10.52546668 -14.39473260
P2 -21.18080477  15.77672701 -14.39741129
P2 -20.17098245  17.52718492 -14.39802545
P2 -13.09187047  15.77330661 -27.60483378
P2 -12.08212846  17.52221494 -27.60483378
P2 -13.29925467  21.72379864 -21.08238784
P2 -17.14053754  22.77592248 -14.39802545
P2 -16.12951524  24.52561977 -14.39741129
P2 -28.25404915  5.85627029 -7.79293235
P2 -29.26509979  7.60613293 -7.79305045
P2 -25.42735922  14.72655715 -7.87892905
P2 -21.38708726  21.72850405 -7.88129688
P2 -17.34335332  28.72844596 -7.87892905
P2 -33.31242043  8.77504656 -1.19374652
P2 -32.30170048  10.52514542 -1.19464414
P2 -29.27039103  15.77697268 -1.19697134
P2 -28.25990730  17.52760539 -1.19785479
P2 -25.22888130  22.77941847 -1.19897161
P2 -24.21811411  24.53015511 -1.19897161
P2 -21.18538736  29.78108947 -1.19785479
P2 -20.17452568  31.53149541 -1.19697134
P2 -9.05266148  22.76874152 -27.60412514
P2 -8.04266908  24.51782465 -27.60341649
P2 -7.03210504  28.60090835 -20.99887140
P2 -9.05311502  28.60227840 -20.99740686
P2  0.04115744  24.74771927 -27.69098639
P2 -13.09600897  29.77400300 -14.39473260
P2 -12.08447172  31.52327511 -14.39407593
P2 -11.07481475  35.61155555 -7.79293235
P2 -13.09574441  35.61216971 -7.79305045
P2  8.12389423  24.74671771 -27.69334855
P2 -17.14198318  36.78242978 -1.19464414
P2 -16.13170259  38.53278847 -1.19374652
P1 -12.07747312  7.02646043 -31.56938442
P1 -8.03853436  14.02171109 -31.56879860
P1 -3.99994048  21.01722064 -31.56938442
P1  4.08299866  21.01384748 -31.57297490
P1  12.16478980  21.01384748 -31.57297490
P2  16.20663401  24.74771927 -27.69098639
P1  28.32523512  7.02645193 -31.56938442
P1  24.28623873  14.02171109 -31.56879860
P1  20.24770532  21.01722064 -31.56938442
P2  33.37832462  8.77722920 -27.60341649
P2  32.36854954  10.52643988 -27.60412514
P2  36.40906716  5.86049855 -20.99887140
P2  37.42077921  7.61005411 -20.99740686
P2  33.58687478  14.72658550 -21.08238784
P2  41.46611564  8.77481035 -14.39407593
P2  40.45695472  10.52546195 -14.39472788
P2  37.42847985  15.77672229 -14.39739239
P2  36.41870477  17.52718492 -14.39801128
P2  29.33964948  15.77330661 -27.60483378
P2  28.32992164  17.52221494 -27.60483378
P2  29.54699967  21.72379864 -21.08238784
P2  33.38838741  22.77592248 -14.39801128
P2  32.37733677  24.52561977 -14.39739239
P2  44.50177147  5.85627029 -7.79293235
P2  45.51277487  7.60613293 -7.79305045
P2  41.67516658  14.72655715 -7.87892905
P2  37.63495131  21.72850405 -7.88129688
P2  33.59116446  28.72844596 -7.87892905
P2  49.56009551  8.77504656 -1.19374652
P2  48.54942280  10.52514070 -1.19464414
P2  45.51825508  15.77696796 -1.19697134
P2  44.50777135  17.52760539 -1.19785479
P2  41.47660362  22.77941847 -1.19897161
P2  40.46578919  24.53015511 -1.19897161
P2  37.43320416  29.78108947 -1.19785479
P2  36.42234249  31.53149541 -1.19697134
P2  25.30045467  22.76874152 -27.60412514
P2  24.29049061  24.51782465 -27.60341649
P2  23.27991240  28.60090835 -20.99887140
P2  25.30092710  28.60227840 -20.99740686
P2  29.34375964  29.77400300 -14.39472788
P2  28.33223656  31.52327511 -14.39407593
P2  27.32265045  35.61155555 -7.79293235
P2  29.34357066  35.61216971 -7.79305045
P2  33.38975746  36.78242978 -1.19464414
P2  32.37950995  38.53278847 -1.19374652
P1 -10.26946928 -33.93725833  18.27104060
P1 -5.82332008 -33.93673865  18.27301536
P1 -10.26807844 -26.69648974  24.87067429
P1 -8.04626145 -30.54759068  24.87088216
P1 -2.18501877 -33.93724888  18.27440998
P1  2.26195151 -33.93766462  18.27628081
P1  0.03942673 -30.55090715  24.87451043
P1 -6.22282138 -26.92647884  31.47153441
P1 -1.77732292 -26.92959689  31.47298950
P1  5.90019602 -33.93817484  18.27695261
P1  10.34759244 -33.93817484  18.27695261
P1  8.12389423 -30.55300475  24.87690093
P1  1.85984025 -26.93129765  31.47452018
P1  6.30565280 -26.93285667  31.47587133
P1 -6.21702276 -19.68966546  38.07767631
P1 -3.99654653 -23.54174338  38.07455827
P1  4.08372148 -23.54648660  38.07744955
P1  13.98583559 -33.93766462  18.27628081
P1  18.43280587 -33.93724888  18.27440998
P1  16.20834988 -30.55090715  24.87451043
P1  9.94212716 -26.93285667  31.47587133
P1  14.38793337 -26.93129765  31.47452018
P1  12.16405847 -23.54648660  38.07744955
P1 -2.17597395 -19.92483335  44.68090804
P1  2.26743136 -19.92514516  44.68236313
P1 -6.21482312 -12.92194820  44.68652053
P1  5.90245141 -19.92534925  44.68270328
P1  10.34532666 -19.92534925  44.68270328
P1 -10.25564121 -5.92109828  44.68930787
P1  22.07108303 -33.93673865  18.27301536
P1  26.51721144 -33.93725833  18.27104060
P1  26.51580359 -26.69648974  24.87067429
P1  24.29398661 -30.54759068  24.87088216
P1  18.02513906 -26.92959689  31.47298950
P1  22.47067504 -26.92647884  31.47153441
P1  22.46481689 -19.68966546  38.07767631
P1  20.24435106 -23.54174338  38.07455827
P1  13.98034688 -19.92514516  44.68236313
P1  18.42376258 -19.92483335  44.68090804
P1  22.46256811 -12.92194820  44.68652053
P1  26.50342589 -5.92109828  44.68930787
P1  20.25336505 -37.55737806  11.67378702
P1  12.16704613 -37.55488362  11.67496337
P1  4.08072343 -37.55488362  11.67496337
P1 -4.00560777 -37.55737806  11.67378702
P1 -14.31547561 -33.70850700  11.67216941
P1 -12.09200606 -37.56054335  11.67310483
P2 -13.10245294 -34.40893393  5.40479113
P2 -12.09178496 -36.15985955  5.40436594
P2 -4.00540462 -36.39037777  5.32144004
P2  4.08076123 -36.38807231  5.32061801
P2  12.16700834 -36.38807231  5.32061801
P2  20.25317608 -36.39037777  5.32144004
P1  30.56325651 -33.70850700  11.67216941
P1  28.33977657 -37.56054335  11.67310483
P2  29.35027919 -34.40893393  5.40479113
P2  28.33960649 -36.15985955  5.40436594
P1 -14.29814021  1.07877846  44.68652053
P1  30.54589938  1.07877836  44.68652053
P1 -34.52534105  8.07502781  18.27104060
P1 -32.30175718  11.92524530  18.27301536
P1 -28.25382238  4.45581325  24.87067429
P1 -30.47813380  8.30551107  24.87088216
P1 -30.48297150  15.07634165  18.27440998
P1 -28.25990730  18.92773361  18.27628081
P1 -26.43817365  15.30959903  24.87451043
P1 -26.43037853  8.07412263  31.47153441
P1 -24.21032844  11.92555616  31.47298950
P1 -26.44129170  22.07882146  18.27695261
P1 -24.21760388  25.93044207  18.27695261
P1 -22.39771272  22.31200420  24.87690093
P1 -22.39332855  15.07631236  31.47452018
P1 -20.17171944  18.92733015  31.47587133
P1 -20.16026770  4.46073883  38.07767631
P1 -22.38603421  8.30976106  38.07455827
P1 -18.34993193  15.30983997  38.07744955
P1 -22.39796783  29.08100269  18.27628081
P1 -20.17407215  32.93189576  18.27440998
P1 -18.35367643  29.31227680  24.87451043
P1 -18.35346100  22.07657268  31.47587133
P1 -16.12921193  25.92590673  31.47452018
P1 -14.30979887  22.30762948  38.07744955
P1 -18.34334151  8.07794743  44.68090804
P1 -16.12192988  11.92621095  44.68236313
P1 -14.30459834  15.07433098  44.68270328
P1 -12.08316592  18.92192931  44.68270328
P1 -18.35454664  36.08245637  18.27301536
P1 -16.13192936  39.93324551  18.27104060
P1 -9.86188278  36.31164234  24.87067429
P1 -14.30792804  36.31299349  24.87088216
P1 -14.30909967  29.07493667  31.47298950
P1 -12.08371772  32.92333530  31.47153441
P1 -5.81935449  29.29991799  38.07767631
P1 -10.26557644  29.30293211  38.07455827
P1  8.12389423  25.91315108  44.68930787
P1  0.04056767  25.91419988  44.68652053
P1 -10.26548573  22.06984526  44.68236313
P1 -8.04350245  25.91782815  44.68090804
P1 -36.35009826  4.45667875  11.67216941
P1 -38.57430575  8.30826818  11.67310483
P1 -34.52844965  15.30973982  11.67378702
P1 -30.48316047  22.31150342  11.67496337
P1 -26.43998779  29.31446888  11.67496337
P1 -22.39901663  36.31869102  11.67378702
P2 -36.35015496  5.85738523  5.40479113
P2 -37.36115836  7.60810769  5.40436594
P2 -33.51772971  14.72641920  5.32144004
P2 -29.47267674  21.72814501  5.32061801
P2 -25.42955130  28.73101599  5.32061801
P2 -21.38848566  35.73500190  5.32144004
P1  16.20721132  25.91419988  44.68652053
P1  50.77301613  8.07502781  18.27104060
P1  48.54953619  11.92523490  18.27301536
P1  44.50160139  4.45581325  24.87067429
P1  46.72580888  8.30551107  24.87088216
P1  46.73083555  15.07633126  18.27440998
P1  44.50777135  18.92773361  18.27628081
P1  42.68593376  15.30959903  24.87451043
P1  42.67824258  8.07412263  31.47153441
P1  40.45808855  11.92555616  31.47298950
P1  42.68907071  22.07882146  18.27695261
P1  40.46527896  25.93044207  18.27695261
P1  38.64557677  22.31200420  24.87690093
P1  38.64100363  15.07631236  31.47452018
P1  36.41949845  18.92733015  31.47587133
P1  36.40804671  4.46073883  38.07767631
P1  38.63381322  8.30976106  38.07455827
P1  34.59773646  15.30983997  38.07744955
P1  38.64572795  29.08100269  18.27628081
P1  36.42183226  32.93189576  18.27440998
P1  34.60150646  29.31227680  24.87451043
P1  34.60130804  22.07657268  31.47587133
P1  32.37699662  25.92590673  31.47452018
P1  30.55753064  22.30762948  38.07744955
P1  34.59118856  8.07794743  44.68090804
P1  32.36968338  11.92621095  44.68236313
P1  30.55234334  15.07433098  44.68270328
P1  28.33094210  18.92192931  44.68270328
P1  34.60228125  36.08245637  18.27301536
P1  32.37973672  39.93324551  18.27104060
P1  26.10972982  36.31164234  24.87067429
P1  30.55575430  36.31299349  24.87088216
P1  30.55685034  29.07493667  31.47298950
P1  28.33149957  32.92333530  31.47153441
P1  22.06716185  29.29991799  38.07767631
P1  26.51339419  29.30293211  38.07455827
P1  26.51326191  22.06984526  44.68236313
P1  24.29134099  25.91782815  44.68090804
P1  52.59796231  4.45667875  11.67216941
P1  54.82216980  8.30826818  11.67310483
P1  50.77622867  15.30973982  11.67378702
P1  46.73093949  22.31150342  11.67496337
P1  42.68776680  29.31446888  11.67496337
P1  38.64669171  36.31869102  11.67378702
P2  52.59801901  5.85738523  5.40479113
P2  53.60902241  7.60810769  5.40436594
P2  49.76546148  14.72641920  5.32144004
P2  45.72040851  21.72814501  5.32061801
P2  41.67728307  28.73101599  5.32061801
P2  37.63616073  35.73500190  5.32144004
P1 -13.91076811  43.32275252  11.67216941
P1 -18.35848672  43.32316826  11.67310483
P2 -15.12383613  42.62243897  5.40479113
P2 -17.14552641  42.62262794  5.40436594
P1  30.15853389  43.32275252  11.67216941
P1  34.60622133  43.32316826  11.67310483
P2  31.37162460  42.62243897  5.40479113
P2  33.39330070  42.62262794  5.40436594
P2  0.04636855 -13.97291175  46.91452637
P2  8.12389423 -13.97270199  46.91384606
P2  4.08573310 -6.97156200  46.91692632
P2  12.16203647 -6.97156200  46.91692632
P2  8.12389423  0.02629076  46.91836251
P2 -3.99249024 -6.97130878  46.91811684
P2  0.04658456  0.02689518  46.91811684
P2  16.20141270 -13.97291175  46.91452637
P2  20.24026925 -6.97130878  46.91811684
P2  16.20119727  0.02689518  46.91811684
P2  12.16306448  7.02234650  46.91836251
P2  4.08471075  7.02234650  46.91836251
P2  24.28141048  0.02805778  46.91811684
P2  20.24246133  7.02413040  46.91692632
P2  16.20431531  14.01842013  46.91692632
P2  8.12389423  14.01720693  46.91811684
P2 -8.03357478  0.02805791  46.91811684
P2 -3.99468799  7.02413040  46.91692632
P2  0.04346939  14.01842013  46.91692632
P2  12.16497877  21.01431991  46.91811684
P2  4.08280402  21.01431991  46.91811684
P2 -12.07771878  7.02662106  46.91452637
P2 -8.03877530  14.02184809  46.91384606
P2 -4.00020032  21.01736237  46.91452637
P2  28.32551858  7.02660783  46.91452637
P2  24.28647495  14.02184809  46.91384606
P2  20.24794154  21.01736237  46.91452637
