0 -0.237310950819881 0.00862624
1 -0.237209691990303 0.00834009
2 -0.237178539892732 0.00995477
3 -0.237125157610831 0.00989553
4 -0.237112901415395 0.00859573
5 -0.237092392527843 0.00903918
6 -0.236925223406327 0.0096941
7 -0.236865605538701 0.00829618
8 -0.236765910995606 0.0093469
9 -0.236588939649907 0.00837789
10 -0.236548807404926 0.0063906
11 -0.236411360032789 0.00627838
12 -0.236345073050039 0.00821067
13 -0.236217977726492 0.00964044
14 -0.236198033974565 0.00817634
15 -0.236122752569908 0.00522973
16 -0.236036315373879 0.00806755
17 -0.235997042259416 0.00799958
18 -0.235928965606573 0.00513611
19 -0.235904960697075 0.00622167
20 -0.235870145970823 0.00982596
21 -0.235736976942996 0.00422021
22 -0.235544195335779 0.0043161
23 -0.235412793080959 0.00761755
24 -0.235043749404663 0.00429645
25 -0.235024760282361 0.00765509
26 -0.234995492251127 0.00387105
27 -0.234945690207165 0.00842917
28 -0.234882635833805 0.00712601
29 -0.234861093198192 0.00539102
30 -0.23472338337681 0.00951311
31 -0.234650301010588 0.00858605
32 -0.234636547822666 0.0028895
33 -0.234629335263119 0.00444907
34 -0.234249705819619 0.00387075
35 -0.234237317237834 0.00484532
36 -0.234117586621247 0.00476094
37 -0.233899812278602 0.00325527
38 -0.233887590753402 0.00310967
39 -0.233762274460605 0.00622986
40 -0.233727206451239 0.00172751
41 -0.233723084171016 0.00593035
42 -0.233672186075506 0.00548245
43 -0.233218501535532 0.00189689
44 -0.233091361978245 0.00781482
45 -0.233087243494876 0.00176544
46 -0.232976551786632 0.00135723
47 -0.232835123696413 0.00173334
48 -0.23272164274966 0.00157597
49 -0.232558805234402 0.00160297
50 -0.232557847445752 0.00144219
51 -0.232528291666129 0.00137199
52 -0.232421143183658 0.00107289
53 -0.232421027982209 0.00214439
54 -0.160685743505926 3.32679e-08
55 -0.155893336947025 2.92144e-08
56 -0.155892457743514 7.25237e-08
57 -0.15585628759287 5.08744e-08
58 -0.150845997842057 8.80777e-08
59 -0.150554928118004 2.11556e-08
60 -0.150538071523083 2.32644e-08
61 -0.150179660175493 2.97441e-08
62 -0.150179512398362 7.49237e-08
63 -0.148130980369643 2.09081e-08
64 -0.145716010916107 4.74152e-08
65 -0.145395820303224 5.14845e-08
66 -0.1453533015525 1.0861e-08
67 -0.14415345915439 7.78978e-08
68 -0.143985344305174 4.29217e-08
69 -0.143958901264473 2.40707e-08
70 -0.143933412936661 4.87145e-08
71 -0.14120199190347 3.73923e-08
72 -0.141134822588884 2.97441e-08
73 -0.141123916456574 3.57802e-08
74 -0.139593206575009 5.90197e-08
75 -0.139464948579447 3.99927e-08
76 -0.138827709167652 5.8725e-08
77 -0.138814607802715 7.33797e-08
78 -0.138770585498194 4.75613e-08
79 -0.138726865175627 7.00662e-08
80 -0.138485137672299 7.45058e-09
81 -0.138475063857102 1.6867e-08
82 -0.136506477598546 3.21002e-08
83 -0.135264758939867 6.56962e-08
84 -0.134219502875695 2.72481e-08
85 -0.13419707572922 5.44645e-08
86 -0.133823288574463 5.0084e-08
87 -0.133754145156292 6.55111e-08
88 -0.13368925329211 6.82349e-08
89 -0.133033264929592 2.43572e-08
90 -0.132995040744173 5.86364e-08
91 -0.132866346273481 4.55873e-08
92 -0.132813299084818 2.78152e-08
93 -0.132730996469998 4.25972e-08
94 -0.132295619984571 4.43529e-08
95 -0.132251592002173 5.85179e-08
96 -0.131797414697972 4.69002e-08
97 -0.131559896030532 4.47035e-08
98 -0.131082289652507 2.81869e-08
99 -0.130991158582746 1.97124e-08
100 -0.128797970737729 3.93367e-08
101 -0.128725911594784 3.57802e-08
102 -0.128677258662163 4.2434e-08
103 -0.128180069960796 1.70714e-08
104 -0.127716471078409 1.34317e-08
105 -0.127389170065312 2.57423e-08
106 -0.127311565782322 5.5255e-08
107 -0.127254315251718 3.69725e-08
108 -0.126567728941609 4.18992e-08
109 -0.126298471320319 2.86751e-08
110 -0.126223740385465 2.26601e-08
111 -0.125882980301574 4.98062e-08
112 -0.125848995995813 3.607e-08
113 -0.125701122961675 4.165e-08
