0 -0.205847405644136 0.000580334
1 -0.205847363968487 0.000521749
2 -0.205787127612863 0.00189025
3 -0.205787038557039 0.000374065
4 -0.205787037323323 0.000408759
5 -0.205764930878084 0.00137887
6 -0.205631081526231 0.000379952
7 -0.205631066459576 0.000222093
8 -0.205542600094103 0.000207435
9 -0.205542316167737 0.00476611
10 -0.205433054633788 0.00122997
11 -0.205432988507503 0.000205282
12 -0.205432972467953 0.000890026
13 -0.205282006929175 0.000426473
14 -0.205108832720843 0.00327928
15 -0.205108750523346 0.000135424
16 -0.205108742167771 0.000244779
17 -0.204954010438673 0.000211604
18 -0.204954007924262 0.000455522
19 -0.204954006104963 0.000463602
20 -0.20492198397645 0.000255748
21 -0.204775527496148 0.000241434
22 -0.204775521217006 0.000241684
23 -0.204775516873095 0.000373487
24 -0.204743378664924 0.000209115
25 -0.204743374890075 6.22463e-05
26 -0.204743371070171 0.000301659
27 -0.204590866928766 0.000164038
28 -0.204590858277198 0.000290543
29 -0.204437820658972 0.000532257
30 -0.204437810603335 9.80551e-05
31 -0.204437807468664 0.000143533
32 -0.204000253481906 6.13688e-05
33 -0.204000249297415 0.000365457
34 -0.203961846098277 3.90963e-05
35 -0.203961845299052 0.000111891
36 -0.203961844678233 0.000159717
37 -0.20393549955989 5.09457e-05
38 -0.203935499284403 4.1204e-05
39 -0.203935496765723 0.000282323
40 -0.203716904233318 3.78426e-05
41 -0.2037169041948 3.28436e-05
42 -0.203716904080555 3.67399e-05
43 -0.203714384640748 4.97673e-05
44 -0.203307190441766 3.02443e-05
45 -0.203307190367171 1.37428e-05
46 -0.203307190111561 5.22579e-05
47 -0.203200004253405 2.27383e-05
48 -0.203200004102717 2.51933e-05
49 -0.203200004037099 2.31138e-05
50 -0.203073193728547 1.67587e-05
51 -0.203073193635441 1.01917e-05
52 -0.203073193624556 2.32228e-05
53 -0.203049501859586 1.84077e-05
54 -0.203049501725163 3.1866e-05
55 -0.202768945833626 1.06511e-05
56 -0.202501293915021 6.95243e-06
57 -0.202501293909517 2.68217e-06
58 -0.202501293875545 1.36505e-05
59 -0.202212018183017 1.28065e-05
60 -0.202212018173418 7.67568e-06
61 -0.202163870761096 1.48026e-05
62 -0.202163870748982 4.41117e-06
63 -0.202163870739583 3.29579e-06
64 -0.201891535924308 2.15595e-05
65 -0.201891535898322 3.72472e-06
66 -0.201891535891388 4.21313e-06
67 -0.201760112691041 1.07923e-05
68 -0.201760112687974 2.98981e-06
69 -0.201760112684863 2.70861e-06
70 -0.201459964846373 7.89686e-06
71 -0.201459964844697 3.08593e-06
72 -0.201361531508008 6.50454e-05
73 -0.201361531465956 3.40287e-06
74 -0.20136153146178 8.59267e-07
75 -0.20120036462659 1.45262e-06
76 -0.201200364626029 1.10371e-06
77 -0.201200364611383 4.62978e-05
78 -0.200800157682242 2.91139e-06
79 -0.200705036103649 8.49223e-07
80 -0.200705036102386 4.99413e-06
81 -0.200441298086675 6.026e-07
82 -0.200441298086539 6.95707e-07
83 -0.200441298083715 5.65769e-06
84 -0.200269797708081 9.66395e-07
85 -0.200269797707877 6.49158e-07
86 -0.200269797707323 2.13445e-06
87 -0.199832636202457 8.74745e-07
88 -0.199832636202326 3.9984e-07
89 -0.199832636201597 2.16586e-06
90 -0.138084454804115 9.83152e-08
91 -0.136037323601856 1.55148e-07
92 -0.135983110424383 1.7203e-07
93 -0.135983110424132 1.53677e-07
94 -0.135983110424099 1.56362e-07
95 -0.134848021590459 2.02618e-07
96 -0.134742955198538 2.0739e-07
97 -0.134742955198528 2.09322e-07
98 -0.134742955196785 1.95391e-07
99 -0.133381776356017 2.82337e-07
100 -0.133326131116845 2.50489e-07
101 -0.133326131116827 2.85957e-07
102 -0.133326131116287 3.29525e-07
103 -0.131730746861266 5.33237e-07
104 -0.131730746860855 5.9082e-07
105 -0.131730746859395 9.24551e-07
106 -0.131654942016727 5.80969e-07
107 -0.131617263770458 7.20988e-07
108 -0.131617263770196 6.72056e-07
109 -0.131617263769108 9.69641e-07
110 -0.131189508266545 7.90532e-07
111 -0.131167828551648 8.20554e-07
112 -0.131167828549862 9.58584e-07
113 -0.13095169770585 8.30905e-07
114 -0.130951697705382 8.4515e-07
115 -0.130951697700451 1.23101e-06
116 -0.130264876269928 1.40364e-06
117 -0.130264876259739 1.86606e-06
118 -0.130248260856799 1.83636e-06
119 -0.130231678669202 1.15071e-06
120 -0.130231678665445 1.37294e-06
121 -0.130231678643414 2.74117e-06
122 -0.130165789091563 1.06737e-06
123 -0.130165789087541 1.09301e-06
124 -0.130165789075694 1.9219e-06
125 -0.130127379418307 1.38976e-06
126 -0.130127379410859 2.02933e-06
127 -0.129784377898407 1.83196e-06
128 -0.129784377891436 1.94769e-06
129 -0.129784377881542 2.39105e-06
130 -0.129695420367321 1.95244e-06
131 -0.12927086601833 1.92335e-06
132 -0.12927086597596 2.72718e-06
133 -0.129270865947709 3.90216e-06
134 -0.128604682352308 3.58767e-06
135 -0.128604682348722 3.66102e-06
136 -0.128604682174975 6.54473e-06
137 -0.128519343528552 2.66831e-06
138 -0.128519343449975 5.16271e-06
139 -0.128436264779505 5.26671e-06
140 -0.128436264741182 5.23996e-06
141 -0.128436264581516 7.5624e-06
142 -0.127954749153635 6.11876e-06
143 -0.127954749006666 8.34704e-06
144 -0.127924392999378 1.14993e-05
145 -0.127901199153746 7.53451e-06
146 -0.127901198932941 8.73475e-06
147 -0.127901198785157 1.15594e-05
148 -0.127830955657317 6.65344e-06
149 -0.127830955434111 1.1246e-05
