# InP diameter (nm)         nExc        ExcE (eV)        Reorg_E (meV)
1.8       0       2.794711      38.249885
1.8       1       2.794723      37.086233
1.8       2       2.794736      36.007982
1.8       3       2.834623      30.855511
1.8       4       2.834808      25.049515
1.8       5       2.835074      20.371962
1.8       6       2.888005      23.389095
1.8       7       2.888364      23.404918
1.8       8       2.967299      38.892693
1.8       9       2.967308      34.284783
2.3       0       2.546831      28.743703
2.3       1       2.546851      22.827288
2.3       2       2.546947      30.421675
2.3       3       2.552708      11.653327
2.3       4       2.552708      12.720847
2.3       5       2.552709      12.832866
2.3       6       2.659257      14.747297
2.3       7       2.659273      14.747920
2.3       8       2.668287      14.575615
2.3       9       2.668296      13.716908
2.3       10       2.668314      15.397476
2.3       11       2.741303      19.768191
2.3       12       2.741310      17.601894
2.3       13       2.741328      20.974123
2.3       14       2.771186      14.072634
2.3       15       2.783165      26.840349
2.3       16       2.783174      22.766764
2.3       17       2.783211      27.533188
2.3       18       2.821157      15.710853
2.3       19       2.821157      15.711427
2.3       20       2.857429      19.675018
2.3       21       2.857430      19.245166
2.3       22       2.857432      19.859623
2.3       23       2.888670      14.698116
2.3       24       2.888673      14.700130
2.3       25       2.895551      13.399578
2.3       26       2.895555      13.601563
2.3       27       2.895555      10.883808
2.3       28       2.895586      7.710523
2.3       29       2.895589      7.691047
2.3       30       2.899512      12.514422
2.3       31       2.899514      10.769944
2.3       32       2.899525      13.710886
2.3       33       2.904355      6.379275
2.3       34       2.927962      23.274919
2.3       35       2.927965      20.003099
2.3       36       2.927969      20.602082
2.3       37       2.930029      25.067975
2.3       38       2.930039      24.400395
2.3       39       2.930072      27.262185
2.3       40       2.936298      7.267128
2.3       41       2.938882      9.065338
2.3       42       2.938882      9.183554
2.3       43       2.938882      9.090661
2.3       44       2.943883      8.420194
2.3       45       2.943887      8.419898
2.3       46       2.945573      9.015735
2.3       47       2.945576      8.537164
2.3       48       2.945606      9.022798
2.3       49       2.954727      18.360986
2.3       50       2.954727      20.439386
2.3       51       2.954758      11.405814
2.3       52       2.954763      12.136793
2.3       53       2.954772      19.525178
2.3       54       2.954817      11.387921
2.3       55       2.962933      20.295305
2.3       56       2.962933      20.269582
2.3       57       2.965954      18.152992
2.3       58       2.965964      17.648909
2.3       59       2.965977      18.580404
2.9       0       2.340293      13.942331
2.9       1       2.340293      15.165437
2.9       2       2.340537      10.105946
2.9       3       2.340559      8.886425
2.9       4       2.340559      9.510757
2.9       5       2.340659      21.412004
2.9       6       2.414223      9.456942
2.9       7       2.414223      9.456945
2.9       8       2.435952      10.024394
2.9       9       2.435968      8.601019
2.9       10       2.435968      9.368259
2.9       11       2.491618      8.836174
2.9       12       2.508213      11.725226
2.9       13       2.508213      11.321325
2.9       14       2.508306      12.901558
2.9       15       2.525170      14.136371
2.9       16       2.525170      13.861669
2.9       17       2.525386      16.358736
2.9       18       2.540304      8.230807
2.9       19       2.540304      8.230827
2.9       20       2.575312      9.344149
2.9       21       2.575349      8.611016
2.9       22       2.575349      9.014440
2.9       23       2.628657      12.710506
2.9       24       2.628685      11.954975
2.9       25       2.628685      12.567384
2.9       26       2.639005      13.190356
2.9       27       2.639005      13.190364
2.9       28       2.652050      14.317398
2.9       29       2.652050      13.505883
2.9       30       2.652096      19.207002
2.9       31       2.663908      10.794088
2.9       32       2.663908      9.770323
2.9       33       2.664070      9.364390
2.9       34       2.674847      12.539966
2.9       35       2.674856      11.491120
2.9       36       2.674856      12.053270
2.9       37       2.684194      11.778739
2.9       38       2.684206      10.708104
2.9       39       2.684206      11.245865
2.9       40       2.699497      9.527674
2.9       41       2.699529      9.856135
2.9       42       2.699529      10.566296
2.9       43       2.704491      10.259358
2.9       44       2.704491      10.186712
2.9       45       2.704724      11.538190
2.9       46       2.706449      14.409002
2.9       47       2.706464      12.901106
2.9       48       2.706464      12.555998
2.9       49       2.711282      13.142099
2.9       50       2.711282      13.142099
2.9       51       2.714681      10.502273
2.9       52       2.714681      10.772054
2.9       53       2.714740      12.295177
2.9       54       2.722874      8.218748
2.9       55       2.722895      5.175590
2.9       56       2.722895      5.128851
2.9       57       2.722963      4.877514
2.9       58       2.722963      4.855569
2.9       59       2.724618      14.661698
2.9       60       2.726401      6.426577
2.9       61       2.726401      6.830381
2.9       62       2.726512      7.665512
2.9       63       2.726568      4.018329
2.9       64       2.732754      9.738600
2.9       65       2.732754      9.769588
2.9       66       2.732829      10.550306
2.9       67       2.734927      10.806985
2.9       68       2.734927      11.595510
2.9       69       2.734955      17.771192
2.9       70       2.735758      7.876997
2.9       71       2.735758      7.877011
2.9       72       2.737160      8.597053
2.9       73       2.737175      8.628075
2.9       74       2.737175      9.171942
2.9       75       2.740875      5.951994
2.9       76       2.741360      9.723210
2.9       77       2.741360      9.723214
2.9       78       2.755228      4.077101
2.9       79       2.755993      5.464297
4.0       0       2.059213      2.842422
4.0       1       2.059213      2.912260
4.0       2       2.059222      3.345386
4.0       3       2.080492      7.288855
4.0       4       2.080708      6.419335
4.0       5       2.080708      6.626643
4.0       6       2.107209      3.098825
4.0       7       2.107209      2.977991
4.0       8       2.107222      3.340125
4.0       9       2.117140      3.146667
4.0       10       2.117141      3.146683
4.0       11       2.138449      2.922606
4.0       12       2.150732      3.170840
4.0       13       2.150801      2.953615
4.0       14       2.150801      3.099855
4.0       15       2.169608      2.471656
4.0       16       2.169608      2.471654
4.0       17       2.172111      2.663840
4.0       18       2.172111      2.650131
4.0       19       2.172122      2.727979
4.0       20       2.192634      3.457670
4.0       21       2.192634      3.421395
4.0       22       2.192714      3.939103
4.0       23       2.222978      3.684682
4.0       24       2.222978      3.678393
4.0       25       2.222982      3.884519
4.0       26       2.228076      3.483240
4.0       27       2.228076      3.483247
4.0       28       2.246781      2.734724
4.0       29       2.246795      3.106224
4.0       30       2.246795      2.965649
4.0       31       2.251130      2.943142
4.0       32       2.251130      3.056670
4.0       33       2.251147      3.248229
4.0       34       2.262045      3.555485
4.0       35       2.262047      3.396486
4.0       36       2.262047      3.319316
4.0       37       2.275694      3.160877
4.0       38       2.275698      2.741093
4.0       39       2.275698      2.827213
4.0       40       2.300456      2.793272
4.0       41       2.304527      3.195951
4.0       42       2.304527      3.195959
4.0       43       2.306810      2.715551
4.0       44       2.306834      2.600095
4.0       45       2.306834      2.624306
4.0       46       2.322130      3.245477
4.0       47       2.326604      2.857595
4.0       48       2.326604      2.838029
4.0       49       2.326651      2.829051
4.0       50       2.343489      2.968981
4.0       51       2.343489      3.035848
4.0       52       2.343511      2.903365
4.0       53       2.345144      3.360265
4.0       54       2.345144      3.360268
4.0       55       2.349136      2.753721
4.0       56       2.349143      2.665752
4.0       57       2.349143      2.708708
4.0       58       2.362659      2.987816
4.0       59       2.362660      2.676024
4.0       60       2.362660      2.785179
4.0       61       2.365216      3.582256
4.0       62       2.365232      3.134425
4.0       63       2.365232      3.244436
4.0       64       2.366288      4.174608
4.0       65       2.368265      3.447289
4.0       66       2.368274      3.323463
4.0       67       2.368274      3.380631
4.0       68       2.368475      2.049119
4.0       69       2.368475      2.049114
4.0       70       2.372048      1.597113
4.0       71       2.372048      1.597126
4.0       72       2.372873      2.000582
4.0       73       2.372873      2.017153
4.0       74       2.372889      2.090958
4.0       75       2.375120      2.050988
4.0       76       2.375120      2.051066
4.0       77       2.375640      4.832831
4.0       78       2.375640      4.747579
4.0       79       2.375673      4.820290
4.0       80       2.376995      1.161494
4.0       81       2.398104      4.938911
4.0       82       2.400270      2.892345
4.0       83       2.400270      2.907992
4.0       84       2.400272      2.842930
4.0       85       2.405891      3.617107
4.0       86       2.405891      3.617103
4.0       87       2.415290      1.554203
4.0       88       2.415290      1.558657
4.0       89       2.415292      1.655456
4.0       90       2.416534      2.825275
4.0       91       2.416621      2.802570
4.0       92       2.416621      2.673542
4.0       93       2.416796      2.739943
4.0       94       2.416796      2.709178
4.0       95       2.416813      2.162552
4.0       96       2.418792      1.160562
4.0       97       2.419308      2.301234
4.0       98       2.419429      2.133835
4.0       99       2.419429      2.159691
4.9       0       1.936315      1.556971
4.9       1       1.936315      1.744960
4.9       2       1.936315      1.671163
4.9       3       1.958223      4.504612
4.9       4       1.958223      2.817946
4.9       5       1.958223      4.388283
4.9       6       1.971745      1.653401
4.9       7       1.971745      1.890706
4.9       8       1.971745      1.769023
4.9       9       1.983392      2.109034
4.9       10       1.983392      2.109028
4.9       11       1.995957      1.731811
4.9       12       2.007143      1.819750
4.9       13       2.007143      1.713795
4.9       14       2.007143      1.806388
4.9       15       2.017825      1.420599
4.9       16       2.017825      1.420607
4.9       17       2.021052      1.503475
4.9       18       2.021052      1.360503
4.9       19       2.021052      1.399673
4.9       20       2.037856      2.125275
4.9       21       2.037856      2.100909
4.9       22       2.037856      1.603559
4.9       23       2.052864      2.362671
4.9       24       2.052864      2.193595
4.9       25       2.052864      2.170335
4.9       26       2.065596      1.691688
4.9       27       2.065596      1.691676
4.9       28       2.077326      1.865258
4.9       29       2.077326      1.801134
4.9       30       2.077326      1.806752
4.9       31       2.083620      1.764205
4.9       32       2.083620      1.516251
4.9       33       2.083620      1.756762
4.9       34       2.089400      1.752659
4.9       35       2.089400      1.676895
4.9       36       2.089400      1.719852
4.9       37       2.094091      1.861888
4.9       38       2.094091      1.661783
4.9       39       2.094091      1.782371
4.9       40       2.105221      1.630318
4.9       41       2.116943      1.654249
4.9       42       2.116943      1.654261
4.9       43       2.124639      1.338987
4.9       44       2.124639      1.466018
4.9       45       2.124640      1.499249
4.9       46       2.131584      1.629939
4.9       47       2.131584      1.701400
4.9       48       2.131584      1.797016
4.9       49       2.136293      1.817002
4.9       50       2.152379      1.899951
4.9       51       2.152379      1.752352
4.9       52       2.152379      1.902855
4.9       53       2.155274      1.689002
4.9       54       2.155274      1.734520
4.9       55       2.155274      1.718739
4.9       56       2.157138      2.323632
4.9       57       2.157138      2.323630
4.9       58       2.159633      3.031418
4.9       59       2.165954      1.674151
4.9       60       2.165954      1.652211
4.9       61       2.165954      1.666646
4.9       62       2.166881      1.898350
4.9       63       2.166881      1.903598
4.9       64       2.166881      1.962015
4.9       65       2.175625      1.898531
4.9       66       2.175625      1.898495
4.9       67       2.189029      1.592637
4.9       68       2.189029      1.662548
4.9       69       2.189029      1.679527
4.9       70       2.191608      1.628860
4.9       71       2.191608      1.628849
4.9       72       2.193079      2.667739
4.9       73       2.199224      0.813352
4.9       74       2.199224      0.838894
4.9       75       2.199225      0.919538
4.9       76       2.199639      0.869900
4.9       77       2.199639      0.869880
4.9       78       2.202984      2.633548
4.9       79       2.202984      2.718907
4.9       80       2.202984      2.490398
4.9       81       2.203373      1.562808
4.9       82       2.203373      1.894056
4.9       83       2.203375      1.448688
4.9       84       2.203911      0.576853
4.9       85       2.204037      1.699490
4.9       86       2.204037      1.694757
4.9       87       2.204038      1.726082
4.9       88       2.206311      2.585734
4.9       89       2.206311      2.585707
4.9       90       2.207039      2.073436
4.9       91       2.207040      2.038555
4.9       92       2.207040      2.035286
4.9       93       2.219570      1.776572
4.9       94       2.219571      1.777244
4.9       95       2.219820      1.318936
4.9       96       2.219824      1.354860
4.9       97       2.219824      1.350827
4.9       98       2.222098      1.553135
4.9       99       2.222105      1.562977
4.9       100       2.222112      1.567453
4.9       101       2.230842      0.976284
4.9       102       2.230842      0.975372
4.9       103       2.230843      0.916195
4.9       104       2.233597      0.627251
4.9       105       2.235529      0.852664
4.9       106       2.235529      1.018037
4.9       107       2.235529      0.985797
4.9       108       2.237550      2.511850
4.9       109       2.237550      3.178587
4.9       110       2.237550      2.256010
4.9       111       2.238225      1.295381
4.9       112       2.238226      1.456903
4.9       113       2.238227      1.455180
4.9       114       2.241544      1.370387
4.9       115       2.241545      1.284372
4.9       116       2.241545      1.285469
4.9       117       2.242881      1.857861
4.9       118       2.242883      1.886784
4.9       119       2.242888      1.854023
6.1       0       1.822743      0.718753
6.1       1       1.822743      0.762166
6.1       2       1.822770      0.687674
6.1       3       1.838076      1.656445
6.1       4       1.838078      1.838714
6.1       5       1.838078      1.757360
6.1       6       1.847584      0.905563
6.1       7       1.847585      0.926567
6.1       8       1.847585      0.887752
6.1       9       1.854962      1.116197
6.1       10       1.854964      1.116275
6.1       11       1.857982      0.867052
6.1       12       1.871542      0.933939
6.1       13       1.871544      0.954922
6.1       14       1.871544      0.971487
6.1       15       1.874946      0.939233
6.1       16       1.874956      0.939588
6.1       17       1.877203      0.676739
6.1       18       1.877203      0.718226
6.1       19       1.877231      0.661024
6.1       20       1.892752      1.082549
6.1       21       1.892752      0.990480
6.1       22       1.892752      0.940921
6.1       23       1.893125      1.088398
6.1       24       1.893125      1.094766
6.1       25       1.893133      0.869744
6.1       26       1.909327      0.854656
6.1       27       1.909330      0.854728
6.1       28       1.916713      0.843088
6.1       29       1.916715      0.896562
6.1       30       1.916715      0.886353
6.1       31       1.922217      0.839992
6.1       32       1.922993      0.903653
6.1       33       1.922993      0.886332
6.1       34       1.923002      0.781429
6.1       35       1.928589      0.930290
6.1       36       1.928589      0.916365
6.1       37       1.928657      0.875117
6.1       38       1.929105      0.945260
6.1       39       1.929107      0.970707
6.1       40       1.929107      0.910011
6.1       41       1.935023      0.865304
6.1       42       1.935054      0.864611
6.1       43       1.944892      1.004645
6.1       44       1.944893      0.989144
6.1       45       1.944970      0.956504
6.1       46       1.950616      0.773311
6.1       47       1.950630      0.852308
6.1       48       1.950630      0.842927
6.1       49       1.952031      0.892457
6.1       50       1.966286      0.879356
6.1       51       1.966326      0.877168
6.1       52       1.966329      0.867245
6.1       53       1.966983      0.820590
6.1       54       1.966986      0.894305
6.1       55       1.966986      0.897706
6.1       56       1.971182      1.136781
6.1       57       1.971183      1.136763
6.1       58       1.976346      0.898126
6.1       59       1.976366      0.980943
6.1       60       1.976368      0.985891
6.1       61       1.980081      1.160574
6.1       62       1.984473      0.940842
6.1       63       1.984474      0.958841
6.1       64       1.984501      0.844963
6.1       65       1.985842      0.921641
6.1       66       1.985844      1.011445
6.1       67       1.985845      0.998043
6.1       68       1.989999      0.847611
6.1       69       1.990021      0.847024
6.1       70       1.993872      0.978952
6.1       71       1.993874      0.908233
6.1       72       1.993875      0.926631
6.1       73       1.999848      0.901621
6.1       74       1.999851      0.901674
6.1       75       2.000160      1.397011
6.1       76       2.001228      1.003054
6.1       77       2.001228      0.967508
6.1       78       2.001280      0.980059
6.1       79       2.012218      0.910023
6.1       80       2.012219      0.939968
6.1       81       2.012224      0.944238
6.1       82       2.014002      0.957055
6.1       83       2.014071      0.963062
6.1       84       2.015404      0.764753
6.1       85       2.015405      0.735179
6.1       86       2.015407      0.746860
6.1       87       2.019410      1.119916
6.1       88       2.020868      1.028601
6.1       89       2.020871      1.016295
6.1       90       2.028313      0.443355
6.1       91       2.028322      0.469893
6.1       92       2.028322      0.416289
6.1       93       2.028771      0.449031
6.1       94       2.028779      0.447780
6.1       95       2.032517      0.220718
6.1       96       2.033528      1.342477
6.1       97       2.033608      1.424567
6.1       98       2.033608      1.398869
6.1       99       2.035570      1.470119
6.1       100       2.035572      1.470074
6.1       101       2.036093      1.625406
6.1       102       2.036093      1.617734
6.1       103       2.036093      1.573030
6.1       104       2.049074      0.379375
6.1       105       2.049077      0.395234
6.1       106       2.049077      0.392832
6.1       107       2.051397      0.262364
6.1       108       2.052052      0.693364
6.1       109       2.052055      0.680207
6.1       110       2.052055      0.692509
6.1       111       2.055003      0.536221
6.1       112       2.055014      0.593635
6.1       113       2.055014      0.582091
6.1       114       2.055654      1.829527
6.1       115       2.055660      1.610873
6.1       116       2.055660      1.465476
6.1       117       2.057203      0.520035
6.1       118       2.057209      0.562856
6.1       119       2.057209      0.528354
6.1       120       2.063306      0.315926
6.1       121       2.063307      0.315786
6.1       122       2.063403      0.736015
6.1       123       2.063410      0.754449
6.1       124       2.063410      0.721276
6.1       125       2.069675      0.415791
6.1       126       2.069722      0.470723
6.1       127       2.069722      0.465991
6.1       128       2.075808      0.441750
6.1       129       2.075809      0.475433
6.1       130       2.075809      0.526486
6.1       131       2.077527      1.115955
6.1       132       2.078031      0.686058
6.1       133       2.078041      0.693399
6.1       134       2.078041      0.724636
6.1       135       2.079133      0.337342
6.1       136       2.081066      0.461293
6.1       137       2.081067      0.483402
6.1       138       2.081067      0.441492
6.1       139       2.081557      0.255590
6.1       140       2.082120      0.478719
6.1       141       2.082129      0.480532
6.1       142       2.084953      0.507016
6.1       143       2.084953      0.476814
6.1       144       2.084954      0.507684
6.1       145       2.086670      0.495379
6.1       146       2.086686      0.495898
6.1       147       2.090318      0.910600
6.1       148       2.090319      0.893403
6.1       149       2.090319      0.912368
