# GaAs diameter (nm)         nExc        ExcE (eV)        Reorg_E (meV)
2.0       0       2.609539      49.374094
2.0       1       2.609691      44.463866
2.0       2       2.609769      46.787095
2.0       3       2.643194      41.097648
2.0       4       2.643203      39.756323
2.0       5       2.643207      32.252239
2.0       6       2.703088      34.662837
2.0       7       2.703190      34.673625
2.0       8       2.747638      22.959860
2.0       9       2.747650      23.695273
2.0       10       2.747663      24.490057
2.0       11       2.748652      22.658802
2.0       12       2.748683      23.386058
2.0       13       2.748720      22.443704
2.0       14       2.749837      19.060191
2.0       15       2.752771      20.641557
2.0       16       2.752820      20.682441
2.0       17       2.759300      53.504167
2.0       18       2.759409      48.835583
2.0       19       2.759514      50.940260
2.0       20       2.799194      25.248993
2.0       21       2.799206      26.679089
2.0       22       2.799215      25.082781
2.0       23       2.801126      22.879195
2.0       24       2.805300      25.161543
2.0       25       2.805309      32.101666
2.0       26       2.805329      31.321911
2.0       27       2.807185      25.268001
2.0       28       2.807188      27.639877
2.0       29       2.807193      25.390512
2.0       30       2.807771      25.974823
2.0       31       2.807776      25.969500
2.0       32       2.813382      28.451684
2.0       33       2.813440      40.690637
2.0       34       2.813491      29.262905
2.0       35       2.817606      15.577492
2.0       36       2.817611      16.024143
2.0       37       2.817619      15.230314
2.0       38       2.822999      28.124025
2.0       39       2.823007      33.877719
2.0       40       2.823036      33.424290
2.0       41       2.837560      35.818639
2.0       42       2.837566      30.903845
2.0       43       2.837571      38.355745
2.0       44       2.849394      22.639240
2.0       45       2.849398      27.616577
2.0       46       2.849404      22.989909
2.0       47       2.855303      50.803500
2.0       48       2.855355      51.334243
2.0       49       2.855694      35.793945
2.8       0       2.188910      22.653999
2.8       1       2.188961      22.308913
2.8       2       2.188991      20.726523
2.8       3       2.208059      15.044184
2.8       4       2.208063      15.575430
2.8       5       2.208066      14.720281
2.8       6       2.227900      19.360560
2.8       7       2.227972      19.157298
2.8       8       2.228014      17.928089
2.8       9       2.254430      15.900678
2.8       10       2.254433      13.857720
2.8       11       2.254435      15.838545
2.8       12       2.277827      16.627824
2.8       13       2.277842      16.628042
2.8       14       2.283314      14.603616
2.8       15       2.283336      14.568201
2.8       16       2.283360      13.771517
2.8       17       2.309764      7.136515
2.8       18       2.309766      5.721496
2.8       19       2.309772      6.814614
2.8       20       2.309777      6.049037
2.8       21       2.309778      7.643931
2.8       22       2.311129      6.972426
2.8       23       2.311134      5.208363
2.8       24       2.311141      6.899549
2.8       25       2.313297      3.624878
2.8       26       2.315609      14.455456
2.8       27       2.315622      14.469387
2.8       28       2.319573      13.878395
2.8       29       2.319584      13.958931
2.8       30       2.319599      14.328255
2.8       31       2.321674      15.555249
2.8       32       2.321675      16.577462
2.8       33       2.321690      15.427420
2.8       34       2.329433      7.386439
2.8       35       2.329434      8.139302
2.8       36       2.329441      7.442661
2.8       37       2.329530      11.509840
2.8       38       2.329533      10.027138
2.8       39       2.329535      8.634164
2.8       40       2.341398      8.193644
2.8       41       2.341413      7.017588
2.8       42       2.341419      9.120721
2.8       43       2.345078      6.008162
2.8       44       2.346732      6.642195
2.8       45       2.346735      6.478292
2.8       46       2.346744      6.642074
2.8       47       2.350260      7.464724
2.8       48       2.350264      7.464432
2.8       49       2.354589      4.424875
2.8       50       2.354593      4.467993
2.8       51       2.354600      4.181691
2.8       52       2.367460      15.885251
2.8       53       2.367464      15.726038
2.8       54       2.367465      16.305722
2.8       55       2.371863      18.588766
2.8       56       2.371867      17.752804
2.8       57       2.371871      22.121358
2.8       58       2.372240      15.617518
2.8       59       2.372240      16.646143
2.8       60       2.372242      16.284784
2.8       61       2.377890      12.450465
2.8       62       2.377891      12.511147
2.8       63       2.378061      9.231704
2.8       64       2.378065      8.959084
2.8       65       2.378070      7.443098
2.8       66       2.380522      13.553272
2.8       67       2.391092      19.383183
2.8       68       2.391107      18.229898
2.8       69       2.391116      18.262504
2.8       70       2.406720      9.484257
2.8       71       2.406721      6.883395
2.8       72       2.406728      6.946898
2.8       73       2.406805      6.983239
2.8       74       2.406806      4.669558
2.8       75       2.406811      5.561771
2.8       76       2.412999      7.861160
2.8       77       2.413000      7.669358
2.8       78       2.413015      7.354399
2.8       79       2.413093      7.925840
2.8       80       2.413104      8.478336
2.8       81       2.413114      8.061711
2.8       82       2.414999      6.780724
2.8       83       2.415001      6.611511
2.8       84       2.415221      4.553363
2.8       85       2.423884      8.434790
2.8       86       2.426765      6.244899
2.8       87       2.426770      6.245707
2.8       88       2.429149      5.062902
2.8       89       2.430994      17.323158
2.8       90       2.434123      17.465928
2.8       91       2.434130      16.239660
2.8       92       2.434130      17.186465
2.8       93       2.435514      8.621708
2.8       94       2.435515      8.621555
2.8       95       2.436003      10.483922
2.8       96       2.436013      9.973355
2.8       97       2.436026      9.361183
2.8       98       2.438295      15.291940
2.8       99       2.438310      14.543867
3.7       0       2.013685      7.178833
3.7       1       2.013685      6.933052
3.7       2       2.013685      6.862171
3.7       3       2.034877      7.608324
3.7       4       2.034877      6.595990
3.7       5       2.034877      6.634620
3.7       6       2.036723      8.667704
3.7       7       2.036723      8.823238
3.7       8       2.036723      8.472717
3.7       9       2.052996      4.082592
3.7       10       2.055001      4.391320
3.7       11       2.055001      4.445456
3.7       12       2.055001      4.429916
3.7       13       2.057211      4.446577
3.7       14       2.057211      4.446577
3.7       15       2.057729      4.337571
3.7       16       2.057729      4.408044
3.7       17       2.057729      4.213049
3.7       18       2.062946      2.775717
3.7       19       2.062946      2.670454
3.7       20       2.062946      3.109866
3.7       21       2.063280      1.771439
3.7       22       2.063280      1.771438
3.7       23       2.066640      2.829699
3.7       24       2.066640      2.666214
3.7       25       2.066641      3.368896
3.7       26       2.068486      1.024740
3.7       27       2.069284      7.430991
3.7       28       2.069284      7.523730
3.7       29       2.069285      7.608465
3.7       30       2.071253      8.466888
3.7       31       2.071261      7.799475
3.7       32       2.071261      7.097803
3.7       33       2.081468      7.399993
3.7       34       2.081468      7.399993
3.7       35       2.092546      9.808530
3.7       36       2.092546      9.684969
3.7       37       2.092546      9.687856
3.7       38       2.096271      8.972821
3.7       39       2.096283      9.161598
3.7       40       2.096283      9.131756
3.7       41       2.096944      9.799592
3.7       42       2.096944      9.708864
3.7       43       2.096949      8.857850
3.7       44       2.100345      5.302694
3.7       45       2.100345      5.144281
3.7       46       2.100355      5.543228
3.7       47       2.101575      5.213072
3.7       48       2.101584      5.113479
3.7       49       2.101584      5.178183
3.7       50       2.101814      3.488516
3.7       51       2.101828      4.286849
3.7       52       2.101828      4.329179
3.7       53       2.106492      6.511905
3.7       54       2.106492      6.511906
3.7       55       2.108478      4.874056
3.7       56       2.110091      5.520142
3.7       57       2.110092      5.686636
3.7       58       2.110092      5.586134
3.7       59       2.112236      5.413347
3.7       60       2.112237      5.453017
3.7       61       2.112237      5.545193
3.7       62       2.112392      6.083586
3.7       63       2.112392      6.083585
3.7       64       2.113448      2.470230
3.7       65       2.113448      3.302446
3.7       66       2.113448      3.234791
3.7       67       2.113487      6.543676
3.7       68       2.113500      5.995417
3.7       69       2.113500      5.544322
3.7       70       2.113520      7.330306
3.7       71       2.113581      2.414363
3.7       72       2.113583      2.944637
3.7       73       2.113583      2.977821
3.7       74       2.123530      8.168060
3.7       75       2.123530      8.165739
3.7       76       2.123530      8.180820
3.7       77       2.137905      10.323727
3.7       78       2.143877      9.054674
3.7       79       2.143879      9.098091
3.7       80       2.143879      9.033404
3.7       81       2.148882      4.498054
3.7       82       2.149381      3.943448
3.7       83       2.149381      3.943310
3.7       84       2.149603      8.137566
3.7       85       2.149611      8.412455
3.7       86       2.149611      8.406129
3.7       87       2.150576      8.351014
3.7       88       2.150576      8.327567
3.7       89       2.150587      8.079515
3.7       90       2.150650      3.590778
3.7       91       2.153142      2.951761
3.7       92       2.153142      2.951750
3.7       93       2.153412      3.391896
3.7       94       2.153412      3.516069
3.7       95       2.153413      3.595483
3.7       96       2.154434      9.876713
3.7       97       2.154434      10.018935
3.7       98       2.154435      9.583770
3.7       99       2.156042      7.170700
3.7       100       2.156042      7.166637
3.7       101       2.156042      7.200538
3.7       102       2.156734      5.434001
3.7       103       2.156734      5.433990
3.7       104       2.156976      3.718453
3.7       105       2.156977      3.526783
3.7       106       2.156977      3.577956
3.7       107       2.157092      8.360422
3.7       108       2.157092      8.698429
3.7       109       2.157092      8.627239
3.7       110       2.160995      5.009595
3.7       111       2.161646      3.141736
3.7       112       2.162968      4.011247
3.7       113       2.162969      3.516952
3.7       114       2.162969      3.622882
3.7       115       2.163773      3.805214
3.7       116       2.163773      3.813566
3.7       117       2.163775      3.847418
3.7       118       2.164171      3.785137
3.7       119       2.164171      3.785133
3.7       120       2.165647      2.946071
3.7       121       2.165652      2.838068
3.7       122       2.165652      2.937838
3.7       123       2.166984      3.854995
3.7       124       2.166984      3.854995
3.7       125       2.167026      3.885260
3.7       126       2.167032      3.713247
3.7       127       2.167032      3.570654
3.7       128       2.167571      3.289596
3.7       129       2.167924      4.120906
3.7       130       2.167924      4.110899
3.7       131       2.167926      4.221952
3.7       132       2.168526      2.700635
3.7       133       2.168528      2.686295
3.7       134       2.168528      2.620445
3.7       135       2.168690      3.713698
3.7       136       2.168693      3.752229
3.7       137       2.168693      3.695864
3.7       138       2.169554      2.521700
3.7       139       2.171274      2.898591
3.7       140       2.171274      2.898591
3.7       141       2.172749      4.806190
3.7       142       2.172749      4.679006
3.7       143       2.172751      5.628473
3.7       144       2.173674      5.002400
3.7       145       2.173674      5.002398
3.7       146       2.174947      3.250995
3.7       147       2.174947      3.323349
3.7       148       2.174950      3.489487
3.7       149       2.174977      4.174473
3.7       150       2.174977      3.934298
3.7       151       2.174977      4.972007
3.7       152       2.176739      2.225349
3.7       153       2.177274      3.347467
3.7       154       2.177274      3.347469
3.7       155       2.179376      7.722137
3.7       156       2.179376      7.667591
3.7       157       2.179376      7.677433
3.7       158       2.194168      7.151876
3.7       159       2.194168      7.126152
3.7       160       2.194168      7.399937
3.7       161       2.195197      4.353946
3.7       162       2.195803      9.517916
3.7       163       2.195803      9.517915
3.7       164       2.196300      5.122861
3.7       165       2.196300      5.183504
3.7       166       2.196300      5.153929
3.7       167       2.197350      10.385090
3.7       168       2.197350      10.385087
3.7       169       2.197888      4.987153
3.7       170       2.197889      5.071724
3.7       171       2.197889      5.023568
3.7       172       2.197997      5.401414
3.7       173       2.197997      5.401414
3.7       174       2.199950      8.236031
3.7       175       2.200007      9.239345
3.7       176       2.200007      9.235684
3.7       177       2.200929      9.687969
3.7       178       2.200929      9.677955
3.7       179       2.200968      9.121925
3.7       180       2.201316      12.363331
3.7       181       2.205214      10.851775
3.7       182       2.205250      10.851060
3.7       183       2.205250      10.907243
3.7       184       2.209337      7.978331
3.7       185       2.209337      7.978497
3.7       186       2.209346      3.544448
3.7       187       2.209346      3.547778
3.7       188       2.209349      3.576619
3.7       189       2.210335      4.020736
3.7       190       2.210335      3.937143
3.7       191       2.210341      4.138314
3.7       192       2.212488      3.440159
3.7       193       2.212488      3.440160
3.7       194       2.214542      3.329218
3.7       195       2.215266      4.793690
3.7       196       2.215275      4.592927
3.7       197       2.215275      4.522336
3.7       198       2.215588      4.417117
3.7       199       2.215590      4.764890
4.1       0       1.918327      3.360903
4.1       1       1.918328      3.361470
4.1       2       1.918349      3.526277
4.1       3       1.928448      4.044824
4.1       4       1.929366      4.426615
4.1       5       1.929372      4.416016
4.1       6       1.929385      4.458542
4.1       7       1.932223      4.437682
4.1       8       1.932235      4.709409
4.1       9       1.932236      4.515230
4.1       10       1.932351      4.767898
4.1       11       1.932357      4.835822
4.1       12       1.942564      6.142099
4.1       13       1.942564      5.977187
4.1       14       1.942592      6.360721
4.1       15       1.955820      3.521726
4.1       16       1.955820      3.457104
4.1       17       1.955823      3.501172
4.1       18       1.956819      1.207072
4.1       19       1.956820      1.206973
4.1       20       1.956950      1.579234
4.1       21       1.956950      1.627102
4.1       22       1.956952      1.755169
4.1       23       1.959444      1.141028
4.1       24       1.959446      1.221618
4.1       25       1.959446      1.025051
4.1       26       1.962632      0.658047
4.1       27       1.966071      4.414059
4.1       28       1.966076      3.819843
4.1       29       1.966076      4.012372
4.1       30       1.966531      4.485332
4.1       31       1.967242      5.345456
4.1       32       1.967243      5.306251
4.1       33       1.967245      5.325228
4.1       34       1.968277      5.524616
4.1       35       1.968277      5.529048
4.1       36       1.968302      5.404602
4.1       37       1.968303      5.433466
4.1       38       1.968303      5.433222
4.1       39       1.969346      4.251992
4.1       40       1.979152      6.607083
4.1       41       1.979153      6.555108
4.1       42       1.979155      6.603494
4.1       43       1.983859      9.331788
4.1       44       1.983860      9.052467
4.1       45       1.983860      9.145191
4.1       46       1.990840      3.774069
4.1       47       1.990840      3.265082
4.1       48       1.990841      3.317267
4.1       49       1.990844      3.610210
4.1       50       1.990845      3.322443
4.1       51       1.990849      3.782312
4.1       52       1.991103      4.270257
4.1       53       1.991107      4.347525
4.1       54       1.991113      4.609991
4.1       55       1.992730      7.856003
4.1       56       1.992745      8.054710
4.1       57       1.992758      8.829637
4.1       58       1.993575      4.156570
4.1       59       1.993579      4.156598
4.1       60       1.994127      9.257444
4.1       61       1.994128      8.766207
4.1       62       1.994162      8.704965
4.1       63       1.994776      8.466601
4.1       64       1.995038      4.306660
4.1       65       1.995090      4.059604
4.1       66       1.995090      4.736983
4.1       67       2.009990      3.996952
4.1       68       2.010000      4.015001
4.1       69       2.010000      4.044654
4.1       70       2.010738      2.349308
4.1       71       2.010746      2.349281
4.1       72       2.013602      3.814516
4.1       73       2.013605      3.813565
4.1       74       2.013728      3.725109
4.1       75       2.013729      3.744001
4.1       76       2.013738      3.787147
4.1       77       2.014854      3.961336
4.1       78       2.014857      3.910688
4.1       79       2.014858      3.898637
4.1       80       2.015237      2.166010
4.1       81       2.015238      2.372898
4.1       82       2.015241      2.230625
4.1       83       2.015903      3.787707
4.1       84       2.016187      2.248851
4.1       85       2.016189      2.449910
4.1       86       2.016189      3.227025
4.1       87       2.019368      2.881923
4.1       88       2.019377      3.874389
4.1       89       2.019377      3.030585
4.1       90       2.024370      3.237722
4.1       91       2.024375      3.172769
4.1       92       2.024376      3.194875
4.1       93       2.025231      3.874803
4.1       94       2.025234      3.895463
4.1       95       2.025239      4.083211
4.1       96       2.026577      4.628123
4.1       97       2.026578      4.614034
4.1       98       2.026582      4.525931
4.1       99       2.027784      5.432802
4.1       100       2.027787      5.485682
4.1       101       2.027787      5.430475
4.1       102       2.028480      2.865938
4.1       103       2.028483      2.857281
4.1       104       2.028910      2.701075
4.1       105       2.029677      10.087292
4.1       106       2.029677      8.759367
4.1       107       2.029678      8.674533
4.1       108       2.032155      4.889470
4.1       109       2.032156      4.900577
4.1       110       2.032160      4.957084
4.1       111       2.032562      3.887101
4.1       112       2.032567      3.903025
4.1       113       2.032567      3.868885
4.1       114       2.033753      3.494619
4.1       115       2.033754      3.460199
4.1       116       2.033768      3.591385
4.1       117       2.036201      4.102350
4.1       118       2.036418      5.545099
4.1       119       2.036419      5.070942
4.1       120       2.036423      5.063173
4.1       121       2.036428      5.367188
4.1       122       2.036429      5.145174
4.1       123       2.036656      4.067183
4.1       124       2.036656      4.005070
4.1       125       2.036658      4.158886
4.1       126       2.044095      3.064116
4.1       127       2.044103      3.052897
4.1       128       2.045464      6.683854
4.1       129       2.045465      6.718369
4.1       130       2.045487      4.686334
4.1       131       2.047044      2.734412
4.1       132       2.047045      2.745886
4.1       133       2.047470      5.812064
4.1       134       2.047472      5.772289
4.1       135       2.047478      5.984966
4.1       136       2.047492      8.916011
4.1       137       2.048937      2.830586
4.1       138       2.049392      4.381047
4.1       139       2.049404      4.384652
4.1       140       2.049404      4.362685
4.1       141       2.050196      3.312132
4.1       142       2.050199      3.315911
4.1       143       2.050214      4.581449
4.1       144       2.050219      4.621344
4.1       145       2.050229      4.687915
4.1       146       2.053405      3.695143
4.1       147       2.053553      2.772867
4.1       148       2.053554      2.751219
4.1       149       2.053555      2.731010
4.1       150       2.053560      2.984516
4.1       151       2.053561      2.862985
4.1       152       2.053562      2.859540
4.1       153       2.053667      3.648279
4.1       154       2.053669      3.650522
4.1       155       2.055899      3.174682
4.1       156       2.055905      3.085988
4.1       157       2.055905      2.888212
4.1       158       2.058134      2.005938
4.1       159       2.058137      1.892111
4.1       160       2.058137      1.846960
4.1       161       2.058281      1.096733
4.1       162       2.058389      1.435363
4.1       163       2.058390      1.435472
4.1       164       2.059553      1.688956
4.1       165       2.059553      1.771327
4.1       166       2.059555      1.742386
4.1       167       2.061816      1.503776
4.1       168       2.061817      1.503825
4.1       169       2.062224      2.917711
4.1       170       2.062225      2.842055
4.1       171       2.062236      2.986091
4.1       172       2.063162      2.167789
4.1       173       2.063165      2.095105
4.1       174       2.063165      2.116270
4.1       175       2.063425      2.864373
4.1       176       2.063428      2.747781
4.1       177       2.063451      2.999830
4.1       178       2.063575      3.232169
4.1       179       2.064555      1.917264
4.1       180       2.064557      1.921941
4.1       181       2.064557      1.832430
4.1       182       2.064995      2.989587
4.1       183       2.064997      2.929003
4.1       184       2.065003      3.109482
4.1       185       2.067779      3.962569
4.1       186       2.068250      3.451703
4.1       187       2.068253      3.451546
4.1       188       2.070045      3.237714
4.1       189       2.070048      3.082827
4.1       190       2.070048      2.976906
4.1       191       2.071411      3.461486
4.1       192       2.071412      3.461596
4.1       193       2.072094      3.928355
4.1       194       2.072098      3.933885
4.1       195       2.072109      3.906241
4.1       196       2.073598      3.716904
4.1       197       2.074024      3.135783
4.1       198       2.074025      3.168843
4.1       199       2.074025      3.085100
4.1       200       2.074254      3.214963
4.1       201       2.074257      3.223153
4.1       202       2.074264      3.262993
4.1       203       2.075202      4.178605
4.1       204       2.075203      4.265324
4.1       205       2.075237      3.580679
4.1       206       2.075253      3.849501
4.1       207       2.075253      3.944524
4.1       208       2.075914      6.666321
4.1       209       2.075915      6.777162
4.1       210       2.075916      7.293077
4.1       211       2.076408      4.784013
4.1       212       2.076409      5.000451
4.1       213       2.076412      4.642604
4.1       214       2.077332      1.895717
4.1       215       2.077332      2.020534
4.1       216       2.077340      1.893829
4.1       217       2.077397      4.069967
4.1       218       2.077401      4.286418
4.1       219       2.077401      4.114062
4.1       220       2.079611      1.624803
4.1       221       2.080591      3.542137
4.1       222       2.080593      3.570311
4.1       223       2.080593      3.444981
4.1       224       2.080665      2.284038
4.1       225       2.080665      2.284996
4.1       226       2.081216      5.270761
4.1       227       2.081217      5.204463
4.1       228       2.081231      5.399216
4.1       229       2.085327      4.839527
4.1       230       2.085328      4.852243
4.1       231       2.085343      4.849159
4.1       232       2.086704      5.229454
4.1       233       2.087295      5.053884
4.1       234       2.087296      5.116711
4.1       235       2.087296      5.071510
4.1       236       2.087416      6.319141
4.1       237       2.087470      5.508067
4.1       238       2.087471      5.509703
4.1       239       2.087538      3.823173
4.1       240       2.087541      3.778861
4.1       241       2.087560      3.879838
4.1       242       2.089195      2.457511
4.1       243       2.089196      2.207210
4.1       244       2.089202      2.130683
4.1       245       2.089719      2.269685
4.1       246       2.089721      2.349334
4.1       247       2.089722      2.804849
4.1       248       2.095170      3.034296
4.1       249       2.095172      3.034757
4.1       250       2.095732      9.017457
4.1       251       2.095734      8.908074
4.1       252       2.095737      8.800850
4.1       253       2.098302      7.668128
4.1       254       2.098305      8.041337
4.1       255       2.098307      8.157519
4.1       256       2.099250      3.917635
4.1       257       2.099264      3.918033
4.1       258       2.099569      7.976434
4.1       259       2.099570      8.252150
4.1       260       2.099577      7.776320
4.1       261       2.104335      8.721032
4.1       262       2.104338      8.566683
4.1       263       2.104344      8.486788
4.1       264       2.104894      4.483074
4.1       265       2.104900      4.368613
4.1       266       2.104909      4.281758
4.1       267       2.105703      5.110855
4.1       268       2.105712      5.103885
4.1       269       2.105718      5.330400
4.1       270       2.108292      4.414741
4.1       271       2.108295      4.183866
4.1       272       2.108302      3.906591
4.1       273       2.109193      3.295059
4.1       274       2.109195      3.452020
4.1       275       2.109195      4.399593
4.1       276       2.110746      3.047271
4.1       277       2.110750      3.048861
4.1       278       2.112315      3.460487
4.1       279       2.113461      3.872846
4.1       280       2.113467      3.766604
4.1       281       2.113468      3.789472
4.1       282       2.114495      3.494875
4.1       283       2.114497      3.482122
4.1       284       2.114500      3.439483
4.1       285       2.115366      4.918513
4.1       286       2.115398      6.539353
4.1       287       2.115400      6.572716
4.1       288       2.117494      7.105255
4.1       289       2.118635      7.775394
4.1       290       2.118637      7.781454
4.1       291       2.119210      4.377179
4.1       292       2.119212      4.460438
4.1       293       2.119212      4.473801
4.1       294       2.120228      4.703520
4.1       295       2.120244      4.706242
4.1       296       2.124448      10.634801
4.1       297       2.124448      10.797186
4.1       298       2.124449      10.750694
4.1       299       2.125840      3.750238
5.1       0       1.787460      1.416811
5.1       1       1.787460      1.330991
5.1       2       1.787480      1.429590
5.1       3       1.814752      2.396765
5.1       4       1.814758      2.137891
5.1       5       1.814769      2.328417
5.1       6       1.815223      2.049328
5.1       7       1.818064      2.864145
5.1       8       1.818067      2.294142
5.1       9       1.818079      2.840626
5.1       10       1.818364      2.278570
5.1       11       1.818376      2.515145
5.1       12       1.818378      2.308216
5.1       13       1.818419      2.346666
5.1       14       1.818434      2.460974
5.1       15       1.822083      2.486345
5.1       16       1.822086      2.932523
5.1       17       1.822087      2.819716
5.1       18       1.826299      1.584527
5.1       19       1.826300      1.435266
5.1       20       1.826300      1.585437
5.1       21       1.827133      0.755166
5.1       22       1.827134      0.751030
5.1       23       1.827137      0.859992
5.1       24       1.827137      1.063030
5.1       25       1.827139      0.996744
5.1       26       1.830014      1.214777
5.1       27       1.830015      0.837582
5.1       28       1.830016      1.245530
5.1       29       1.832596      0.433136
5.1       30       1.833749      2.032884
5.1       31       1.833751      2.277180
5.1       32       1.833752      2.720226
5.1       33       1.840409      1.822161
5.1       34       1.840412      1.812605
5.1       35       1.840569      1.489611
5.1       36       1.852416      3.162288
5.1       37       1.852417      3.116740
5.1       38       1.852419      3.397085
5.1       39       1.853305      2.220375
5.1       40       1.853305      2.457201
5.1       41       1.853309      2.474256
5.1       42       1.853753      2.095610
5.1       43       1.855606      1.520232
5.1       44       1.855608      1.519619
5.1       45       1.856026      3.056771
5.1       46       1.856026      3.244702
5.1       47       1.856028      3.065894
5.1       48       1.856601      2.381054
5.1       49       1.856601      2.374685
5.1       50       1.856602      2.401936
5.1       51       1.856906      2.229140
5.1       52       1.856909      2.227804
5.1       53       1.858213      1.539074
5.1       54       1.858216      1.549367
5.1       55       1.858218      1.906167
5.1       56       1.858310      1.412893
5.1       57       1.858310      1.547351
5.1       58       1.858314      1.910903
5.1       59       1.860222      1.251899
5.1       60       1.860226      1.252100
5.1       61       1.868796      1.268401
5.1       62       1.868796      1.219410
5.1       63       1.868810      1.281593
5.1       64       1.869729      2.999187
5.1       65       1.869729      3.110937
5.1       66       1.869738      2.967555
5.1       67       1.871647      3.621906
5.1       68       1.871651      3.626514
5.1       69       1.871735      4.031240
5.1       70       1.871747      4.102460
5.1       71       1.871752      4.134761
5.1       72       1.871753      4.310601
5.1       73       1.872417      3.858628
5.1       74       1.872417      3.784967
5.1       75       1.872418      3.826756
5.1       76       1.874372      5.351243
5.1       77       1.874373      4.799218
5.1       78       1.874375      5.490486
5.1       79       1.874689      4.412956
5.1       80       1.878797      4.283124
5.1       81       1.878799      4.251351
5.1       82       1.878803      4.330332
5.1       83       1.879953      5.289828
5.1       84       1.879956      5.292240
5.1       85       1.879981      4.589305
5.1       86       1.879984      4.398231
5.1       87       1.879985      4.781289
5.1       88       1.886211      2.592401
5.1       89       1.886213      2.572647
5.1       90       1.886216      2.630831
5.1       91       1.889651      1.320025
5.1       92       1.891752      2.630877
5.1       93       1.891755      2.428685
5.1       94       1.891758      2.701808
5.1       95       1.892327      1.381865
5.1       96       1.892329      1.540365
5.1       97       1.892334      1.193527
5.1       98       1.892951      2.449349
5.1       99       1.892959      2.453076
5.1       100       1.893139      2.549762
5.1       101       1.893145      2.488322
5.1       102       1.893146      2.485561
5.1       103       1.894028      1.155927
5.1       104       1.894031      1.238344
5.1       105       1.894032      1.139967
5.1       106       1.894630      1.588506
5.1       107       1.894632      1.371829
5.1       108       1.894651      1.608500
5.1       109       1.895192      1.515301
5.1       110       1.895193      1.284504
5.1       111       1.895202      1.514384
5.1       112       1.895329      1.314448
5.1       113       1.895336      1.272566
5.1       114       1.895547      1.814274
5.1       115       1.895684      1.646298
5.1       116       1.895688      1.450489
5.1       117       1.895696      1.691591
5.1       118       1.897367      0.748995
5.1       119       1.897371      0.812975
5.1       120       1.897372      0.862605
5.1       121       1.900119      1.685192
5.1       122       1.902726      1.046989
5.1       123       1.902729      1.054789
5.1       124       1.902730      0.904138
5.1       125       1.902957      4.501721
5.1       126       1.902971      4.360616
5.1       127       1.903003      4.506861
5.1       128       1.904269      1.029306
5.1       129       1.904270      1.005162
5.1       130       1.904272      1.016167
5.1       131       1.904461      0.928745
5.1       132       1.904463      0.928726
5.1       133       1.905837      4.292273
5.1       134       1.905842      4.272057
5.1       135       1.905871      4.567945
5.1       136       1.906403      5.927886
5.1       137       1.906427      4.913403
5.1       138       1.906454      4.901258
5.1       139       1.912073      2.605863
5.1       140       1.912077      2.512177
5.1       141       1.912092      1.507383
5.1       142       1.912571      1.592951
5.1       143       1.912574      1.579523
5.1       144       1.912583      1.520707
5.1       145       1.913941      0.854385
5.1       146       1.913948      0.854383
5.1       147       1.914276      1.250691
5.1       148       1.914282      1.242089
5.1       149       1.914305      1.207410
5.1       150       1.914508      0.934415
5.1       151       1.914515      0.938642
5.1       152       1.915296      1.367399
5.1       153       1.915299      1.286753
5.1       154       1.915303      1.379527
5.1       155       1.915350      1.644547
5.1       156       1.915366      1.755142
5.1       157       1.915372      3.677792
5.1       158       1.919692      1.237374
5.1       159       1.919696      1.217740
5.1       160       1.919697      1.223124
5.1       161       1.920197      2.525981
5.1       162       1.920199      1.818364
5.1       163       1.920201      2.440384
5.1       164       1.920519      1.655915
5.1       165       1.921037      0.798113
5.1       166       1.921043      0.796053
5.1       167       1.921840      2.077942
5.1       168       1.923051      1.482442
5.1       169       1.923062      1.427697
5.1       170       1.923064      1.422820
5.1       171       1.923951      1.457238
5.1       172       1.923961      1.410973
5.1       173       1.923963      1.444532
5.1       174       1.924121      3.838962
5.1       175       1.924123      3.811137
5.1       176       1.924153      3.725993
5.1       177       1.925331      1.720515
5.1       178       1.925335      1.682052
5.1       179       1.925337      1.748255
5.1       180       1.925481      1.113912
5.1       181       1.925660      1.570534
5.1       182       1.925666      1.586037
5.1       183       1.925667      1.593764
5.1       184       1.925915      2.253436
5.1       185       1.925927      2.264636
5.1       186       1.927216      1.892148
5.1       187       1.927217      1.749972
5.1       188       1.927218      2.098799
5.1       189       1.929327      1.051527
5.1       190       1.929330      1.052322
5.1       191       1.931309      0.860635
5.1       192       1.931310      0.862863
5.1       193       1.931312      0.866557
5.1       194       1.931774      0.818648
5.1       195       1.931778      0.918358
5.1       196       1.931779      0.812085
5.1       197       1.932308      2.270561
5.1       198       1.932315      2.368180
5.1       199       1.932329      2.252567
6.0       0       1.717210      0.930153
6.0       1       1.717210      0.945501
6.0       2       1.717210      0.759507
6.0       3       1.745117      2.889808
6.0       4       1.745117      2.108501
6.0       5       1.745117      2.795555
6.0       6       1.746603      0.824882
6.0       7       1.746603      0.889319
6.0       8       1.746603      0.908165
6.0       9       1.748032      1.015056
6.0       10       1.748551      1.745625
6.0       11       1.748551      1.673999
6.0       12       1.748554      1.705429
6.0       13       1.751462      1.082277
6.0       14       1.753049      1.188022
6.0       15       1.753049      1.154256
6.0       16       1.753066      1.218202
6.0       17       1.753233      1.162643
6.0       18       1.753233      1.100427
6.0       19       1.753233      0.899695
6.0       20       1.754254      1.137456
6.0       21       1.754254      1.135086
6.0       22       1.754477      0.821551
6.0       23       1.754493      0.861382
6.0       24       1.754493      0.873512
6.0       25       1.757011      0.986076
6.0       26       1.757024      0.759004
6.0       27       1.757024      1.045056
6.0       28       1.757082      0.524296
6.0       29       1.757082      0.584910
6.0       30       1.760727      1.203407
6.0       31       1.760727      0.979940
6.0       32       1.760729      1.404827
6.0       33       1.761389      1.115585
6.0       34       1.761389      1.115585
6.0       35       1.761460      0.307345
6.0       36       1.773447      1.086391
6.0       37       1.773447      1.029519
6.0       38       1.773447      1.167159
6.0       39       1.776554      1.016395
6.0       40       1.776554      0.984532
6.0       41       1.776554      1.092493
6.0       42       1.778196      2.034025
6.0       43       1.778196      2.014133
6.0       44       1.778200      2.048372
6.0       45       1.778304      1.220788
6.0       46       1.778304      1.220787
6.0       47       1.778526      1.393631
6.0       48       1.778526      1.393631
6.0       49       1.780589      1.100624
6.0       50       1.781792      1.305055
6.0       51       1.781792      1.287529
6.0       52       1.781803      1.317621
6.0       53       1.782576      0.519124
6.0       54       1.782576      0.528696
6.0       55       1.782593      0.494252
6.0       56       1.782652      0.489964
6.0       57       1.782655      0.947384
6.0       58       1.782655      0.994664
6.0       59       1.782913      2.648540
6.0       60       1.783110      1.862611
6.0       61       1.783110      1.755847
6.0       62       1.783137      1.398337
6.0       63       1.783152      1.789424
6.0       64       1.783152      1.728910
6.0       65       1.786954      2.648707
6.0       66       1.786954      2.647213
6.0       67       1.786994      2.640936
6.0       68       1.791216      1.042702
6.0       69       1.791216      1.028701
6.0       70       1.791216      1.127629
6.0       71       1.794690      1.115222
6.0       72       1.794690      1.178599
6.0       73       1.794717      1.149200
6.0       74       1.796096      0.898726
6.0       75       1.796096      0.916663
