0 -0.240508323577623 7.55454e-06
1 -0.240508323479258 1.78666e-06
2 -0.240508323464756 2.04823e-05
3 -0.240025603916549 2.44842e-06
4 -0.24002560391607 3.3697e-06
5 -0.239909826637473 3.90258e-06
6 -0.239909826454054 1.04469e-06
7 -0.239909826445746 1.46297e-05
8 -0.23964749653836 9.81609e-07
9 -0.239647496535596 6.31993e-06
10 -0.239647496297132 6.27422e-06
11 -0.239535690820843 9.08891e-07
12 -0.239535690646531 7.42978e-07
13 -0.239535690644367 6.86394e-06
14 -0.239121184253034 7.73875e-07
15 -0.239121184251849 4.8121e-06
16 -0.239121184226595 2.18018e-06
17 -0.238944248934625 2.18343e-06
18 -0.23862060453283 1.56549e-06
19 -0.238620604095501 8.72271e-07
20 -0.238620604094838 3.60158e-06
21 -0.238352705821863 1.75457e-06
22 -0.238352705821824 1.63124e-06
23 -0.237660694576044 3.97368e-07
24 -0.237660694575914 1.39963e-06
25 -0.237660694352478 5.07597e-07
26 -0.237168365288951 2.63154e-07
27 -0.237168365288928 5.86127e-07
28 -0.236928792198722 2.22646e-07
29 -0.236928792143314 2.20549e-07
30 -0.236928792143308 3.67125e-07
31 -0.236488315990866 2.33076e-07
32 -0.23648831599086 4.76007e-07
33 -0.236488315928942 5.88437e-07
34 -0.236380089540693 2.68454e-07
35 -0.236380089035205 2.58619e-07
36 -0.2363800890352 4.19488e-07
37 -0.235968097113478 2.07282e-07
38 -0.23596809711347 2.41211e-07
39 -0.235725276212006 1.62723e-07
40 -0.235674308547843 1.56085e-07
41 -0.235674308547837 1.83203e-07
42 -0.235674308455477 1.37533e-07
43 -0.235215452010926 1.29021e-07
44 -0.234779774575446 1.43943e-07
45 -0.234779774575426 1.57413e-07
46 -0.234512725961752 1.56329e-07
47 -0.234479989466481 1.00858e-07
48 -0.234479989466475 1.02327e-07
49 -0.234479989462118 9.07167e-08
50 -0.233731212285774 9.59217e-08
51 -0.233731212265811 7.02886e-08
52 -0.233731212265803 8.0418e-08
53 -0.233298840877144 2.14002e-08
54 -0.23329884078836 6.6796e-08
55 -0.233298840788353 9.73934e-08
56 -0.232213645545829 2.82484e-08
57 -0.232213645545823 4.38415e-08
58 -0.232213645466309 6.1326e-08
59 -0.232020118108582 3.1168e-08
60 -0.232020118108572 7.96812e-08
61 -0.232020118056385 3.20462e-08
62 -0.231621662781725 1.76706e-08
63 -0.231621662774555 9.98906e-08
64 -0.23162166277454 5.02569e-08
65 -0.230583058588089 5.99529e-08
66 -0.230583058588079 2.92144e-08
67 -0.229528029707735 1.18626e-07
68 -0.229528029674786 1.19935e-07
69 -0.229528029674766 1.05663e-07
70 -0.229317249440683 1.00341e-07
71 -0.229317249440673 1.12655e-07
72 -0.229174288387561 1.05663e-07
73 -0.229174288387549 1.10007e-07
74 -0.229174288370135 1.02767e-07
75 -0.22794749542192 1.1247e-07
76 -0.227947495421917 7.25237e-08
77 -0.227947495357542 1.08066e-07
78 -0.227877648101106 7.98117e-08
79 -0.226422656074233 1.25117e-07
80 -0.226422656074229 1.04839e-07
81 -0.226373153353605 8.53978e-08
82 -0.226373153228112 8.87448e-08
83 -0.226373153228104 8.62467e-08
84 -0.224722356154168 9.97516e-08
85 -0.224722356154164 9.92634e-08
86 -0.224722356140098 8.1532e-08
87 -0.224566729264501 9.50862e-08
88 -0.224566729264488 9.85971e-08
89 -0.224566729238073 7.72043e-08
90 -0.14346591871179 1.00307e-08
91 -0.130889758974262 1.84392e-08
92 -0.13088975897426 2.24292e-08
93 -0.130889758964695 7.45058e-09
94 -0.128773889535491 3.24229e-08
95 -0.128310363730388 1.33019e-08
96 -0.128310363730384 2.31897e-08
97 -0.128310363346689 2.31897e-08
98 -0.125322988544685 2.90954e-08
99 -0.125322988544669 3.05497e-08
100 -0.12532298622756 2.0825e-08
101 -0.125147656171365 2.04891e-08
102 -0.121751627274771 4.97888e-08
103 -0.121276113435459 1.10196e-08
104 -0.121276113435451 1.69183e-08
105 -0.121276110816327 2.97149e-08
106 -0.120594030304259 2.62758e-08
107 -0.120594030304257 2.5163e-08
108 -0.120594030045471 2.72163e-08
109 -0.118786817949065 3.00343e-08
110 -0.118786817949037 3.67371e-08
111 -0.118468253722555 3.38879e-08
112 -0.117127998572396 6.31516e-08
113 -0.11712799857236 6.81204e-08
114 -0.11712799368906 7.19111e-08
115 -0.117052032091616 4.03597e-08
116 -0.116134803381173 5.97209e-08
117 -0.115943158669366 9.82181e-08
118 -0.115943158669341 8.18187e-08
119 -0.11594315866794 7.3851e-08
120 -0.11592986653784 9.06594e-08
121 -0.115929866537822 9.43076e-08
122 -0.115711077207814 5.69708e-08
123 -0.115038766916961 8.92905e-08
124 -0.115038766050038 1.13484e-07
125 -0.115038766050025 1.36495e-07
126 -0.114478595969655 7.87835e-08
127 -0.114478595969621 1.3085e-07
128 -0.114478595384777 1.3161e-07
129 -0.114343196800384 1.45221e-07
130 -0.114343196800373 1.34788e-07
131 -0.113614418163343 1.37357e-07
132 -0.113614418163321 2.11203e-07
133 -0.113614417918585 2.42441e-07
134 -0.112940993923522 2.46792e-07
135 -0.112940993923482 4.02383e-07
136 -0.112940991425729 2.28582e-07
137 -0.112511663836746 3.09042e-07
138 -0.112104629192427 5.90939e-07
139 -0.112104627126562 4.41922e-07
140 -0.112104627126389 7.70264e-07
141 -0.11146581040061 6.45003e-07
142 -0.111465810400085 1.57016e-06
143 -0.111465810307677 7.14709e-07
144 -0.111407535878421 8.08451e-07
145 -0.11140753587783 1.70536e-06
146 -0.109772486491938 1.45519e-06
147 -0.109772486487499 2.72939e-06
148 -0.109539382463145 2.4647e-06
149 -0.109539381522188 2.50632e-06
