1511
P -30.49961054 -13.84596563  8.30914407
P -30.49961054 -8.30914407  13.84596563
P -24.93134394 -19.38934453  8.29319478
In -27.69147772 -16.60337820  11.06275829
P -24.92340709 -13.83971063  13.83971063
In -27.69147772 -11.06275829  16.60337820
P -24.93134394 -8.29319478  19.38934453
P -19.38934453 -24.93134394  8.29319478
In -22.15382468 -22.15382468  11.06958020
P -19.38443125 -19.38443125  13.84192161
In -22.15514749 -16.61275124  16.61275124
P -19.38443125 -13.84192161  19.38443125
In -22.15382468 -11.06958020  22.15382468
P -19.38934453 -8.29319478  24.93134394
P -13.84596563 -30.49961054  8.30914407
In -16.60337820 -27.69147772  11.06275829
P -13.83971063 -24.92340709  13.83971063
In -16.61275124 -22.15514749  16.61275124
P -13.84192161 -19.38443125  19.38443125
In -16.61275124 -16.61275124  22.15514749
P -13.83971063 -13.83971063  24.92340709
In -16.60337820 -11.06275829  27.69147772
P -13.84596563 -8.30914407  30.49961054
P -8.30914407 -30.49961054  13.84596563
In -11.06275829 -27.69147772  16.60337820
P -8.29319478 -24.93134394  19.38934453
In -11.06958020 -22.15382468  22.15382468
P -8.29319478 -19.38934453  24.93134394
In -11.06275829 -16.60337820  27.69147772
P -8.30914407 -13.84596563  30.49961054
P -36.03461796 -2.77062176  2.77062176
P -30.46899698 -13.85558433 -2.76763599
In -33.25653178 -11.09567732 -0.00466228
P -30.49110677 -8.31466207  2.76608642
In -33.25388617 -5.53978843  5.53978843
P -30.49110677 -2.76608642  8.31466207
In -33.25653178  0.00466228  11.09567732
P -30.46899698  2.76763599  13.85558433
P -24.93909182 -19.39217912 -2.76979028
In -27.70791833 -16.62476990  0.01187286
P -24.94135949 -13.84779866  2.77364532
In -27.72076847 -11.07984142  5.53995850
P -24.94665072 -8.30825590  8.30825590
In -27.72076847 -5.53995850  11.07984142
P -24.94135949 -2.77364532  13.84779866
In -27.70791833 -0.01187286  16.62476990
P -24.93909182  2.76979028  19.39217912
P -19.39217912 -24.93909182 -2.76979028
In -22.16761968 -22.16761968  0.00335942
P -19.39406885 -19.39406885  2.76625649
In -22.16138359 -16.61749445  5.53226732
P -19.39104529 -13.84770417  8.30334261
In -22.15836002 -11.07126206  11.07126206
P -19.39104529 -8.30334261  13.84770417
In -22.16138359 -5.53226732  16.61749445
P -19.39406885 -2.76625649  19.39406885
In -22.16761968 -0.00335942  22.16761968
P -19.39217912  2.76979028  24.93909182
P -13.85558433 -30.46899698 -2.76763599
In -16.62476990 -27.70791833  0.01187286
P -13.84779866 -24.94135949  2.77364532
In -16.61749445 -22.16138359  5.53226732
P -13.84770417 -19.39104529  8.30334261
In -16.61496222 -16.61496222  11.07275494
P -13.84573886 -13.84573886  13.84573886
In -16.61496222 -11.07275494  16.61496222
P -13.84770417 -8.30334261  19.39104529
In -16.61749445 -5.53226732  22.16138359
P -13.84779866 -2.77364532  24.94135949
In -16.62476990 -0.01187286  27.70791833
P -13.85558433  2.76763599  30.46899698
In -11.09567732 -33.25653178 -0.00466228
P -8.31466207 -30.49110677  2.76608642
In -11.07984142 -27.72076847  5.53995850
P -8.30825590 -24.94665072  8.30825590
In -11.07126206 -22.15836002  11.07126206
P -8.30334261 -19.39104529  13.84770417
In -11.07275494 -16.61496222  16.61496222
P -8.30334261 -13.84770417  19.39104529
In -11.07126206 -11.07126206  22.15836002
P -8.30825590 -8.30825590  24.94665072
In -11.07984142 -5.53995850  27.72076847
P -8.31466207 -2.76608642  30.49110677
In -11.09567732  0.00466228  33.25653178
P -2.77062176 -36.03461796  2.77062176
In -5.53978843 -33.25388617  5.53978843
P -2.76608642 -30.49110677  8.31466207
In -5.53995850 -27.72076847  11.07984142
P -2.77364532 -24.94135949  13.84779866
In -5.53226732 -22.16138359  16.61749445
P -2.76625649 -19.39406885  19.39406885
In -5.53226732 -16.61749445  22.16138359
P -2.77364532 -13.84779866  24.94135949
In -5.53995850 -11.07984142  27.72076847
P -2.76608642 -8.31466207  30.49110677
In -5.53978843 -5.53978843  33.25388617
P -2.77062176 -2.77062176  36.03461796
In  0.00466228 -33.25653178  11.09567732
P  2.76763599 -30.46899698  13.85558433
In -0.01187286 -27.70791833  16.62476990
P  2.76979028 -24.93909182  19.39217912
In -0.00335942 -22.16761968  22.16761968
P  2.76979028 -19.39217912  24.93909182
In -0.01187286 -16.62476990  27.70791833
P  2.76763599 -13.85558433  30.46899698
In  0.00466228 -11.09567732  33.25653178
P -36.03461796  2.77062176 -2.77062176
P -30.47523307 -8.31452979 -8.31452979
In -33.25672076 -5.54817881 -5.54817881
P -30.49280752 -2.77273825 -2.77273825
In -33.26182302 -0.00000000 -0.00000000
P -30.49280752  2.77273825  2.77273825
In -33.25672076  5.54817881  5.54817881
P -30.47523307  8.31452979  8.31452979
P -24.91471435 -19.36969138 -13.82438496
In -27.72965018 -16.61955425 -11.07160221
P -24.94362716 -13.85189937 -8.30895510
In -27.70810731 -11.08150438 -5.53869239
P -24.94343819 -8.30986216 -2.76833519
In -27.71982361 -5.54239625 -0.00100691
P -24.94986325 -2.77082963  2.77082963
In -27.71982361  0.00100691  5.54239625
P -24.94343819  2.76833519  8.30986216
In -27.70810731  5.53869239  11.08150438
P -24.94362716  8.30895510  13.85189937
In -27.72965018  11.07160221  16.61955425
P -24.91471435  13.82438496  19.36969138
P -19.36969138 -24.91471435 -13.82438496
In -22.15439160 -22.15439160 -11.05295062
P -19.38386433 -19.38386433 -8.29565143
In -22.16932044 -16.61910072 -5.53723730
P -19.39803727 -13.85046317 -2.76790055
In -22.17215502 -11.08016267  0.00050498
P -19.40181672 -8.30950312  2.76931785
In -22.17385578 -5.53935379  5.53935379
P -19.40181672 -2.76931785  8.30950312
In -22.17215502 -0.00050498  11.08016267
P -19.39803727  2.76790055  13.85046317
In -22.16932044  5.53723730  16.61910072
P -19.38386433  8.29565143  19.38386433
In -22.15439160  11.05295062  22.15439160
P -19.36969138  13.82438496  24.91471435
In -16.61955425 -27.72965018 -11.07160221
P -13.85189937 -24.94362716 -8.30895510
In -16.61910072 -22.16932044 -5.53723730
P -13.85046317 -19.39803727 -2.76790055
In -16.62408960 -16.62408960 -0.00247310
P -13.85280643 -13.85280643  2.76595413
In -16.62244554 -11.07761154  5.53436491
P -13.85220172 -8.30642286  8.30642286
In -16.62244554 -5.53436491  11.07761154
P -13.85280643 -2.76595413  13.85280643
In -16.62408960  0.00247310  16.62408960
P -13.85046317  2.76790055  19.39803727
In -16.61910072  5.53723730  22.16932044
P -13.85189937  8.30895510  24.94362716
In -16.61955425  11.07160221  27.72965018
P -8.31452979 -30.47523307 -8.31452979
In -11.08150438 -27.70810731 -5.53869239
P -8.30986216 -24.94343819 -2.76833519
In -11.08016267 -22.17215502  0.00050498
P -8.30950312 -19.40181672  2.76931785
In -11.07761154 -16.62244554  5.53436491
P -8.30642286 -13.85220172  8.30642286
In -11.07583520 -11.07583520  11.07583520
P -8.30642286 -8.30642286  13.85220172
In -11.07761154 -5.53436491  16.62244554
P -8.30950312 -2.76931785  19.40181672
In -11.08016267 -0.00050498  22.17215502
P -8.30986216  2.76833519  24.94343819
In -11.08150438  5.53869239  27.70810731
P -8.31452979  8.31452979  30.47523307
In -5.54817881 -33.25672076 -5.54817881
P -2.77273825 -30.49280752 -2.77273825
In -5.54239625 -27.71982361 -0.00100691
P -2.77082963 -24.94986325  2.77082963
In -5.53935379 -22.17385578  5.53935379
P -2.76931785 -19.40181672  8.30950312
In -5.53436491 -16.62244554  11.07761154
P -2.76595413 -13.85280643  13.85280643
In -5.53436491 -11.07761154  16.62244554
P -2.76931785 -8.30950312  19.40181672
In -5.53935379 -5.53935379  22.17385578
P -2.77082963 -2.77082963  24.94986325
In -5.54239625  0.00100691  27.71982361
P -2.77273825  2.77273825  30.49280752
In -5.54817881  5.54817881  33.25672076
P  2.77062176 -36.03461796 -2.77062176
In -0.00000000 -33.26182302 -0.00000000
P  2.77273825 -30.49280752  2.77273825
In  0.00100691 -27.71982361  5.54239625
P  2.76833519 -24.94343819  8.30986216
In -0.00050498 -22.17215502  11.08016267
P  2.76790055 -19.39803727  13.85046317
In  0.00247310 -16.62408960  16.62408960
P  2.76790055 -13.85046317  19.39803727
In -0.00050498 -11.08016267  22.17215502
P  2.76833519 -8.30986216  24.94343819
In  0.00100691 -5.54239625  27.71982361
P  2.77273825 -2.77273825  30.49280752
In -0.00000000  0.00000000  33.26182302
P  2.77062176  2.77062176  36.03461796
In  5.54817881 -33.25672076  5.54817881
P  8.31452979 -30.47523307  8.31452979
In  5.53869239 -27.70810731  11.08150438
P  8.30895510 -24.94362716  13.85189937
In  5.53723730 -22.16932044  16.61910072
P  8.29565143 -19.38386433  19.38386433
In  5.53723730 -16.61910072  22.16932044
P  8.30895510 -13.85189937  24.94362716
In  5.53869239 -11.08150438  27.70810731
P  8.31452979 -8.31452979  30.47523307
In  5.54817881 -5.54817881  33.25672076
In  11.07160221 -27.72965018  16.61955425
P  13.82438496 -24.91471435  19.36969138
In  11.05295062 -22.15439160  22.15439160
P  13.82438496 -19.36969138  24.91471435
In  11.07160221 -16.61955425  27.72965018
P -30.46899698 -2.76763599 -13.85558433
In -33.25653178 -0.00466228 -11.09567732
P -30.49110677  2.76608642 -8.31466207
In -33.25388617  5.53978843 -5.53978843
P -30.49110677  8.31466207 -2.76608642
In -33.25653178  11.09567732  0.00466228
P -30.46899698  13.85558433  2.76763599
P -24.91471435 -13.82438496 -19.36969138
In -27.72965018 -11.07160221 -16.61955425
P -24.94362716 -8.30895510 -13.85189937
In -27.70810731 -5.53869239 -11.08150438
P -24.94343819 -2.76833519 -8.30986216
In -27.71982361 -0.00100691 -5.54239625
P -24.94986325  2.77082963 -2.77082963
In -27.71982361  5.54239625  0.00100691
P -24.94343819  8.30986216  2.76833519
In -27.70810731  11.08150438  5.53869239
P -24.94362716  13.85189937  8.30895510
In -27.72965018  16.61955425  11.07160221
P -24.91471435  19.36969138  13.82438496
P -19.37441570 -19.37441570 -19.37441570
In -22.14853345 -16.60339710 -16.60339710
P -19.38008488 -13.83710281 -13.83710281
In -22.17045427 -11.07647770 -11.07647770
P -19.39765933 -8.30700868 -8.30700868
In -22.17366680 -5.53895695 -5.53895695
P -19.40370645 -2.76884542 -2.76884542
In -22.17782420  0.00000000 -0.00000000
P -19.40370645  2.76884542  2.76884542
In -22.17366680  5.53895695  5.53895695
P -19.39765933  8.30700868  8.30700868
In -22.17045427  11.07647770  11.07647770
P -19.38008488  13.83710281  13.83710281
In -22.14853345  16.60339710  16.60339710
P -19.37441570  19.37441570  19.37441570
P -13.82438496 -24.91471435 -19.36969138
In -16.60339710 -22.14853345 -16.60339710
P -13.83710281 -19.38008488 -13.83710281
In -16.61439530 -16.61439530 -11.06908888
P -13.84511525 -13.84511525 -8.30194421
In -16.62643286 -11.07840522 -5.53653810
P -13.85475285 -8.30914407 -2.76746592
In -16.63017451 -5.53907033  0.00014616
P -13.85518749 -2.76912887  2.76912887
In -16.63017451 -0.00014616  5.53907033
P -13.85475285  2.76746592  8.30914407
In -16.62643286  5.53653810  11.07840522
P -13.84511525  8.30194421  13.84511525
In -16.61439530  11.06908888  16.61439530
P -13.83710281  13.83710281  19.38008488
In -16.60339710  16.60339710  22.14853345
P -13.82438496  19.36969138  24.91471435
In -11.07160221 -27.72965018 -16.61955425
P -8.30895510 -24.94362716 -13.85189937
In -11.07647770 -22.17045427 -11.07647770
P -8.30700868 -19.39765933 -8.30700868
In -11.07840522 -16.62643286 -5.53653810
P -8.30914407 -13.85475285 -2.76746592
In -11.08112643 -11.08112643 -0.00111492
P -8.30857715 -8.30857715  2.76716356
In -11.07993590 -5.53738848  5.53738848
P -8.30857715 -2.76716356  8.30857715
In -11.08112643  0.00111492  11.08112643
P -8.30914407  2.76746592  13.85475285
In -11.07840522  5.53653810  16.62643286
P -8.30700868  8.30700868  19.39765933
In -11.07647770  11.07647770  22.17045427
P -8.30895510  13.85189937  24.94362716
In -11.07160221  16.61955425  27.72965018
P -2.76763599 -30.46899698 -13.85558433
In -5.53869239 -27.70810731 -11.08150438
P -2.76833519 -24.94343819 -8.30986216
In -5.53895695 -22.17366680 -5.53895695
P -2.76884542 -19.40370645 -2.76884542
In -5.53907033 -16.63017451  0.00014616
P -2.76912887 -13.85518749  2.76912887
In -5.53738848 -11.07993590  5.53738848
P -2.76716356 -8.30857715  8.30857715
In -5.53738848 -5.53738848  11.07993590
P -2.76912887 -2.76912887  13.85518749
In -5.53907033 -0.00014616  16.63017451
P -2.76884542  2.76884542  19.40370645
In -5.53895695  5.53895695  22.17366680
P -2.76833519  8.30986216  24.94343819
In -5.53869239  11.08150438  27.70810731
P -2.76763599  13.85558433  30.46899698
In -0.00466228 -33.25653178 -11.09567732
P  2.76608642 -30.49110677 -8.31466207
In -0.00100691 -27.71982361 -5.54239625
P  2.77082963 -24.94986325 -2.77082963
In -0.00000000 -22.17782420 -0.00000000
P  2.76884542 -19.40370645  2.76884542
In -0.00014616 -16.63017451  5.53907033
P  2.76746592 -13.85475285  8.30914407
In  0.00111492 -11.08112643  11.08112643
P  2.76746592 -8.30914407  13.85475285
In -0.00014616 -5.53907033  16.63017451
P  2.76884542 -2.76884542  19.40370645
In  0.00000000  0.00000000  22.17782420
P  2.77082963  2.77082963  24.94986325
In -0.00100691  5.54239625  27.71982361
P  2.76608642  8.31466207  30.49110677
In -0.00466228  11.09567732  33.25653178
In  5.53978843 -33.25388617 -5.53978843
P  8.31466207 -30.49110677 -2.76608642
In  5.54239625 -27.71982361  0.00100691
P  8.30986216 -24.94343819  2.76833519
In  5.53895695 -22.17366680  5.53895695
P  8.30700868 -19.39765933  8.30700868
In  5.53653810 -16.62643286  11.07840522
P  8.30194421 -13.84511525  13.84511525
In  5.53653810 -11.07840522  16.62643286
P  8.30700868 -8.30700868  19.39765933
In  5.53895695 -5.53895695  22.17366680
P  8.30986216 -2.76833519  24.94343819
In  5.54239625 -0.00100691  27.71982361
P  8.31466207  2.76608642  30.49110677
In  5.53978843  5.53978843  33.25388617
In  11.09567732 -33.25653178  0.00466228
P  13.85558433 -30.46899698  2.76763599
In  11.08150438 -27.70810731  5.53869239
P  13.85189937 -24.94362716  8.30895510
In  11.07647770 -22.17045427  11.07647770
P  13.83710281 -19.38008488  13.83710281
In  11.06908888 -16.61439530  16.61439530
P  13.83710281 -13.83710281  19.38008488
In  11.07647770 -11.07647770  22.17045427
P  13.85189937 -8.30895510  24.94362716
In  11.08150438 -5.53869239  27.70810731
P  13.85558433 -2.76763599  30.46899698
In  11.09567732 -0.00466228  33.25653178
In  16.61955425 -27.72965018  11.07160221
P  19.36969138 -24.91471435  13.82438496
In  16.60339710 -22.14853345  16.60339710
P  19.37441570 -19.37441570  19.37441570
In  16.60339710 -16.60339710  22.14853345
P  19.36969138 -13.82438496  24.91471435
In  16.61955425 -11.07160221  27.72965018
P -30.49961054  8.30914407 -13.84596563
P -30.49961054  13.84596563 -8.30914407
P -24.93909182 -2.76979028 -19.39217912
In -27.70791833  0.01187286 -16.62476990
P -24.94135949  2.77364532 -13.84779866
In -27.72076847  5.53995850 -11.07984142
P -24.94665072  8.30825590 -8.30825590
In -27.72076847  11.07984142 -5.53995850
P -24.94135949  13.84779866 -2.77364532
In -27.70791833  16.62476990 -0.01187286
P -24.93909182  19.39217912  2.76979028
P -19.36969138 -13.82438496 -24.91471435
In -22.15439160 -11.05295062 -22.15439160
P -19.38386433 -8.29565143 -19.38386433
In -22.16932044 -5.53723730 -16.61910072
P -19.39803727 -2.76790055 -13.85046317
In -22.17215502  0.00050498 -11.08016267
P -19.40181672  2.76931785 -8.30950312
In -22.17385578  5.53935379 -5.53935379
P -19.40181672  8.30950312 -2.76931785
In -22.17215502  11.08016267 -0.00050498
P -19.39803727  13.85046317  2.76790055
In -22.16932044  16.61910072  5.53723730
P -19.38386433  19.38386433  8.29565143
In -22.15439160  22.15439160  11.05295062
P -19.36969138  24.91471435  13.82438496
P -13.82438496 -19.36969138 -24.91471435
In -16.60339710 -16.60339710 -22.14853345
P -13.83710281 -13.83710281 -19.38008488
In -16.61439530 -11.06908888 -16.61439530
P -13.84511525 -8.30194421 -13.84511525
In -16.62643286 -5.53653810 -11.07840522
P -13.85475285 -2.76746592 -8.30914407
In -16.63017451  0.00014616 -5.53907033
P -13.85518749  2.76912887 -2.76912887
In -16.63017451  5.53907033 -0.00014616
P -13.85475285  8.30914407  2.76746592
In -16.62643286  11.07840522  5.53653810
P -13.84511525  13.84511525  8.30194421
In -16.61439530  16.61439530  11.06908888
P -13.83710281  19.38008488  13.83710281
In -16.60339710  22.14853345  16.60339710
P -13.82438496  24.91471435  19.36969138
In -11.05295062 -22.15439160 -22.15439160
P -8.29565143 -19.38386433 -19.38386433
In -11.06908888 -16.61439530 -16.61439530
P -8.30194421 -13.84511525 -13.84511525
In -11.07579740 -11.07579740 -11.07579740
P -8.30621499 -8.30621499 -8.30621499
In -11.08173114 -5.53687825 -5.53687825
P -8.30693309 -2.76795724 -2.76795724
In -11.08063510 -0.00000000 -0.00000000
P -8.30693309  2.76795724  2.76795724
In -11.08173114  5.53687825  5.53687825
P -8.30621499  8.30621499  8.30621499
In -11.07579740  11.07579740  11.07579740
P -8.30194421  13.84511525  13.84511525
In -11.06908888  16.61439530  16.61439530
P -8.29565143  19.38386433  19.38386433
In -11.05295062  22.15439160  22.15439160
P -2.76979028 -24.93909182 -19.39217912
In -5.53723730 -22.16932044 -16.61910072
P -2.76790055 -19.39803727 -13.85046317
In -5.53653810 -16.62643286 -11.07840522
P -2.76746592 -13.85475285 -8.30914407
In -5.53687825 -11.08173114 -5.53687825
P -2.76795724 -8.30693309 -2.76795724
In -5.53682156 -5.53682156  0.00031314
P -2.76712577 -2.76712577  2.76712577
In -5.53682156 -0.00031314  5.53682156
P -2.76795724  2.76795724  8.30693309
In -5.53687825  5.53687825  11.08173114
P -2.76746592  8.30914407  13.85475285
In -5.53653810  11.07840522  16.62643286
P -2.76790055  13.85046317  19.39803727
In -5.53723730  16.61910072  22.16932044
P -2.76979028  19.39217912  24.93909182
In  0.01187286 -27.70791833 -16.62476990
P  2.77364532 -24.94135949 -13.84779866
In  0.00050498 -22.17215502 -11.08016267
P  2.76931785 -19.40181672 -8.30950312
In  0.00014616 -16.63017451 -5.53907033
P  2.76912887 -13.85518749 -2.76912887
In -0.00000000 -11.08063510  0.00000000
P  2.76795724 -8.30693309  2.76795724
In -0.00031314 -5.53682156  5.53682156
P  2.76795724 -2.76795724  8.30693309
In  0.00000000  0.00000000  11.08063510
P  2.76912887  2.76912887  13.85518749
In  0.00014616  5.53907033  16.63017451
P  2.76931785  8.30950312  19.40181672
In  0.00050498  11.08016267  22.17215502
P  2.77364532  13.84779866  24.94135949
In  0.01187286  16.62476990  27.70791833
P  8.30914407 -30.49961054 -13.84596563
In  5.53995850 -27.72076847 -11.07984142
P  8.30825590 -24.94665072 -8.30825590
In  5.53935379 -22.17385578 -5.53935379
P  8.30950312 -19.40181672 -2.76931785
In  5.53907033 -16.63017451 -0.00014616
P  8.30914407 -13.85475285  2.76746592
In  5.53687825 -11.08173114  5.53687825
P  8.30621499 -8.30621499  8.30621499
In  5.53687825 -5.53687825  11.08173114
P  8.30914407 -2.76746592  13.85475285
In  5.53907033  0.00014616  16.63017451
P  8.30950312  2.76931785  19.40181672
In  5.53935379  5.53935379  22.17385578
P  8.30825590  8.30825590  24.94665072
In  5.53995850  11.07984142  27.72076847
P  8.30914407  13.84596563  30.49961054
P  13.84596563 -30.49961054 -8.30914407
In  11.07984142 -27.72076847 -5.53995850
P  13.84779866 -24.94135949 -2.77364532
In  11.08016267 -22.17215502 -0.00050498
P  13.85046317 -19.39803727  2.76790055
In  11.07840522 -16.62643286  5.53653810
P  13.84511525 -13.84511525  8.30194421
In  11.07579740 -11.07579740  11.07579740
P  13.84511525 -8.30194421  13.84511525
In  11.07840522 -5.53653810  16.62643286
P  13.85046317 -2.76790055  19.39803727
In  11.08016267  0.00050498  22.17215502
P  13.84779866  2.77364532  24.94135949
In  11.07984142  5.53995850  27.72076847
P  13.84596563  8.30914407  30.49961054
In  16.62476990 -27.70791833 -0.01187286
P  19.39217912 -24.93909182  2.76979028
In  16.61910072 -22.16932044  5.53723730
P  19.38386433 -19.38386433  8.29565143
In  16.61439530 -16.61439530  11.06908888
P  19.38008488 -13.83710281  13.83710281
In  16.61439530 -11.06908888  16.61439530
P  19.38386433 -8.29565143  19.38386433
In  16.61910072 -5.53723730  22.16932044
P  19.39217912 -2.76979028  24.93909182
In  16.62476990  0.01187286  27.70791833
In  22.15439160 -22.15439160  11.05295062
P  24.91471435 -19.36969138  13.82438496
In  22.14853345 -16.60339710  16.60339710
P  24.91471435 -13.82438496  19.36969138
In  22.15439160 -11.05295062  22.15439160
P -24.93134394  8.29319478 -19.38934453
In -27.69147772  11.06275829 -16.60337820
P -24.92340709  13.83971063 -13.83971063
In -27.69147772  16.60337820 -11.06275829
P -24.93134394  19.38934453 -8.29319478
P -19.39217912 -2.76979028 -24.93909182
In -22.16761968  0.00335942 -22.16761968
P -19.39406885  2.76625649 -19.39406885
In -22.16138359  5.53226732 -16.61749445
P -19.39104529  8.30334261 -13.84770417
In -22.15836002  11.07126206 -11.07126206
P -19.39104529  13.84770417 -8.30334261
In -22.16138359  16.61749445 -5.53226732
P -19.39406885  19.39406885 -2.76625649
In -22.16761968  22.16761968 -0.00335942
P -19.39217912  24.93909182  2.76979028
In -16.61955425 -11.07160221 -27.72965018
P -13.85189937 -8.30895510 -24.94362716
In -16.61910072 -5.53723730 -22.16932044
P -13.85046317 -2.76790055 -19.39803727
In -16.62408960 -0.00247310 -16.62408960
P -13.85280643  2.76595413 -13.85280643
In -16.62244554  5.53436491 -11.07761154
P -13.85220172  8.30642286 -8.30642286
In -16.62244554  11.07761154 -5.53436491
P -13.85280643  13.85280643 -2.76595413
In -16.62408960  16.62408960  0.00247310
P -13.85046317  19.39803727  2.76790055
In -16.61910072  22.16932044  5.53723730
P -13.85189937  24.94362716  8.30895510
In -16.61955425  27.72965018  11.07160221
In -11.07160221 -16.61955425 -27.72965018
P -8.30895510 -13.85189937 -24.94362716
In -11.07647770 -11.07647770 -22.17045427
P -8.30700868 -8.30700868 -19.39765933
In -11.07840522 -5.53653810 -16.62643286
P -8.30914407 -2.76746592 -13.85475285
In -11.08112643 -0.00111492 -11.08112643
P -8.30857715  2.76716356 -8.30857715
In -11.07993590  5.53738848 -5.53738848
P -8.30857715  8.30857715 -2.76716356
In -11.08112643  11.08112643  0.00111492
P -8.30914407  13.85475285  2.76746592
In -11.07840522  16.62643286  5.53653810
P -8.30700868  19.39765933  8.30700868
In -11.07647770  22.17045427  11.07647770
P -8.30895510  24.94362716  13.85189937
In -11.07160221  27.72965018  16.61955425
P -2.76979028 -19.39217912 -24.93909182
In -5.53723730 -16.61910072 -22.16932044
P -2.76790055 -13.85046317 -19.39803727
In -5.53653810 -11.07840522 -16.62643286
P -2.76746592 -8.30914407 -13.85475285
In -5.53687825 -5.53687825 -11.08173114
P -2.76795724 -2.76795724 -8.30693309
In -5.53682156  0.00031314 -5.53682156
P -2.76712577  2.76712577 -2.76712577
In -5.53682156  5.53682156 -0.00031314
P -2.76795724  8.30693309  2.76795724
In -5.53687825  11.08173114  5.53687825
P -2.76746592  13.85475285  8.30914407
In -5.53653810  16.62643286  11.07840522
P -2.76790055  19.39803727  13.85046317
In -5.53723730  22.16932044  16.61910072
P -2.76979028  24.93909182  19.39217912
In  0.00335942 -22.16761968 -22.16761968
P  2.76625649 -19.39406885 -19.39406885
In -0.00247310 -16.62408960 -16.62408960
P  2.76595413 -13.85280643 -13.85280643
In -0.00111492 -11.08112643 -11.08112643
P  2.76716356 -8.30857715 -8.30857715
In  0.00031314 -5.53682156 -5.53682156
P  2.76712577 -2.76712577 -2.76712577
In  0.00000000  0.00000000 -0.00000000
P  2.76712577  2.76712577  2.76712577
In  0.00031314  5.53682156  5.53682156
P  2.76716356  8.30857715  8.30857715
In -0.00111492  11.08112643  11.08112643
P  2.76595413  13.85280643  13.85280643
In -0.00247310  16.62408960  16.62408960
P  2.76625649  19.39406885  19.39406885
In  0.00335942  22.16761968  22.16761968
P  8.29319478 -24.93134394 -19.38934453
In  5.53226732 -22.16138359 -16.61749445
P  8.30334261 -19.39104529 -13.84770417
In  5.53436491 -16.62244554 -11.07761154
P  8.30642286 -13.85220172 -8.30642286
In  5.53738848 -11.07993590 -5.53738848
P  8.30857715 -8.30857715 -2.76716356
In  5.53682156 -5.53682156 -0.00031314
P  8.30693309 -2.76795724  2.76795724
In  5.53682156  0.00031314  5.53682156
P  8.30857715  2.76716356  8.30857715
In  5.53738848  5.53738848  11.07993590
P  8.30642286  8.30642286  13.85220172
In  5.53436491  11.07761154  16.62244554
P  8.30334261  13.84770417  19.39104529
In  5.53226732  16.61749445  22.16138359
P  8.29319478  19.38934453  24.93134394
In  11.06275829 -27.69147772 -16.60337820
P  13.83971063 -24.92340709 -13.83971063
In  11.07126206 -22.15836002 -11.07126206
P  13.84770417 -19.39104529 -8.30334261
In  11.07761154 -16.62244554 -5.53436491
P  13.85280643 -13.85280643 -2.76595413
In  11.08112643 -11.08112643  0.00111492
P  13.85475285 -8.30914407  2.76746592
In  11.08173114 -5.53687825  5.53687825
P  13.85475285 -2.76746592  8.30914407
In  11.08112643 -0.00111492  11.08112643
P  13.85280643  2.76595413  13.85280643
In  11.07761154  5.53436491  16.62244554
P  13.84770417  8.30334261  19.39104529
In  11.07126206  11.07126206  22.15836002
P  13.83971063  13.83971063  24.92340709
In  11.06275829  16.60337820  27.69147772
In  16.60337820 -27.69147772 -11.06275829
P  19.38934453 -24.93134394 -8.29319478
In  16.61749445 -22.16138359 -5.53226732
P  19.39406885 -19.39406885 -2.76625649
In  16.62408960 -16.62408960  0.00247310
P  19.39803727 -13.85046317  2.76790055
In  16.62643286 -11.07840522  5.53653810
P  19.39765933 -8.30700868  8.30700868
In  16.62643286 -5.53653810  11.07840522
P  19.39803727 -2.76790055  13.85046317
In  16.62408960 -0.00247310  16.62408960
P  19.39406885  2.76625649  19.39406885
In  16.61749445  5.53226732  22.16138359
P  19.38934453  8.29319478  24.93134394
In  16.60337820  11.06275829  27.69147772
In  22.16761968 -22.16761968 -0.00335942
P  24.93909182 -19.39217912  2.76979028
In  22.16932044 -16.61910072  5.53723730
P  24.94362716 -13.85189937  8.30895510
In  22.17045427 -11.07647770  11.07647770
P  24.94362716 -8.30895510  13.85189937
In  22.16932044 -5.53723730  16.61910072
P  24.93909182 -2.76979028  19.39217912
In  22.16761968  0.00335942  22.16761968
In  27.72965018 -16.61955425  11.07160221
In  27.72965018 -11.07160221  16.61955425
P -19.38934453  8.29319478 -24.93134394
In -22.15382468  11.06958020 -22.15382468
P -19.38443125  13.84192161 -19.38443125
In -22.15514749  16.61275124 -16.61275124
P -19.38443125  19.38443125 -13.84192161
In -22.15382468  22.15382468 -11.06958020
P -19.38934453  24.93134394 -8.29319478
P -13.85558433 -2.76763599 -30.46899698
In -16.62476990  0.01187286 -27.70791833
P -13.84779866  2.77364532 -24.94135949
In -16.61749445  5.53226732 -22.16138359
P -13.84770417  8.30334261 -19.39104529
In -16.61496222  11.07275494 -16.61496222
P -13.84573886  13.84573886 -13.84573886
In -16.61496222  16.61496222 -11.07275494
P -13.84770417  19.39104529 -8.30334261
In -16.61749445  22.16138359 -5.53226732
P -13.84779866  24.94135949 -2.77364532
In -16.62476990  27.70791833 -0.01187286
P -13.85558433  30.46899698  2.76763599
P -8.31452979 -8.31452979 -30.47523307
In -11.08150438 -5.53869239 -27.70810731
P -8.30986216 -2.76833519 -24.94343819
In -11.08016267  0.00050498 -22.17215502
P -8.30950312  2.76931785 -19.40181672
In -11.07761154  5.53436491 -16.62244554
P -8.30642286  8.30642286 -13.85220172
In -11.07583520  11.07583520 -11.07583520
P -8.30642286  13.85220172 -8.30642286
In -11.07761154  16.62244554 -5.53436491
P -8.30950312  19.40181672 -2.76931785
In -11.08016267  22.17215502 -0.00050498
P -8.30986216  24.94343819  2.76833519
In -11.08150438  27.70810731  5.53869239
P -8.31452979  30.47523307  8.31452979
P -2.76763599 -13.85558433 -30.46899698
In -5.53869239 -11.08150438 -27.70810731
P -2.76833519 -8.30986216 -24.94343819
In -5.53895695 -5.53895695 -22.17366680
P -2.76884542 -2.76884542 -19.40370645
In -5.53907033  0.00014616 -16.63017451
P -2.76912887  2.76912887 -13.85518749
In -5.53738848  5.53738848 -11.07993590
P -2.76716356  8.30857715 -8.30857715
In -5.53738848  11.07993590 -5.53738848
P -2.76912887  13.85518749 -2.76912887
In -5.53907033  16.63017451 -0.00014616
P -2.76884542  19.40370645  2.76884542
In -5.53895695  22.17366680  5.53895695
P -2.76833519  24.94343819  8.30986216
In -5.53869239  27.70810731  11.08150438
P -2.76763599  30.46899698  13.85558433
In  0.01187286 -16.62476990 -27.70791833
P  2.77364532 -13.84779866 -24.94135949
In  0.00050498 -11.08016267 -22.17215502
P  2.76931785 -8.30950312 -19.40181672
In  0.00014616 -5.53907033 -16.63017451
P  2.76912887 -2.76912887 -13.85518749
In -0.00000000 -0.00000000 -11.08063510
P  2.76795724  2.76795724 -8.30693309
In -0.00031314  5.53682156 -5.53682156
P  2.76795724  8.30693309 -2.76795724
In  0.00000000  11.08063510  0.00000000
P  2.76912887  13.85518749  2.76912887
In  0.00014616  16.63017451  5.53907033
P  2.76931785  19.40181672  8.30950312
In  0.00050498  22.17215502  11.08016267
P  2.77364532  24.94135949  13.84779866
In  0.01187286  27.70791833  16.62476990
P  8.29319478 -19.38934453 -24.93134394
In  5.53226732 -16.61749445 -22.16138359
P  8.30334261 -13.84770417 -19.39104529
In  5.53436491 -11.07761154 -16.62244554
P  8.30642286 -8.30642286 -13.85220172
In  5.53738848 -5.53738848 -11.07993590
P  8.30857715 -2.76716356 -8.30857715
In  5.53682156 -0.00031314 -5.53682156
P  8.30693309  2.76795724 -2.76795724
In  5.53682156  5.53682156  0.00031314
P  8.30857715  8.30857715  2.76716356
In  5.53738848  11.07993590  5.53738848
P  8.30642286  13.85220172  8.30642286
In  5.53436491  16.62244554  11.07761154
P  8.30334261  19.39104529  13.84770417
In  5.53226732  22.16138359  16.61749445
P  8.29319478  24.93134394  19.38934453
In  11.06958020 -22.15382468 -22.15382468
P  13.84192161 -19.38443125 -19.38443125
In  11.07275494 -16.61496222 -16.61496222
P  13.84573886 -13.84573886 -13.84573886
In  11.07583520 -11.07583520 -11.07583520
P  13.85220172 -8.30642286 -8.30642286
In  11.07993590 -5.53738848 -5.53738848
P  13.85518749 -2.76912887 -2.76912887
In  11.08063510 -0.00000000  0.00000000
P  13.85518749  2.76912887  2.76912887
In  11.07993590  5.53738848  5.53738848
P  13.85220172  8.30642286  8.30642286
In  11.07583520  11.07583520  11.07583520
P  13.84573886  13.84573886  13.84573886
In  11.07275494  16.61496222  16.61496222
P  13.84192161  19.38443125  19.38443125
In  11.06958020  22.15382468  22.15382468
In  16.61275124 -22.15514749 -16.61275124
P  19.38443125 -19.38443125 -13.84192161
In  16.61496222 -16.61496222 -11.07275494
P  19.39104529 -13.84770417 -8.30334261
In  16.62244554 -11.07761154 -5.53436491
P  19.40181672 -8.30950312 -2.76931785
In  16.63017451 -5.53907033 -0.00014616
P  19.40370645 -2.76884542  2.76884542
In  16.63017451  0.00014616  5.53907033
P  19.40181672  2.76931785  8.30950312
In  16.62244554  5.53436491  11.07761154
P  19.39104529  8.30334261  13.84770417
In  16.61496222  11.07275494  16.61496222
P  19.38443125  13.84192161  19.38443125
In  16.61275124  16.61275124  22.15514749
In  22.15382468 -22.15382468 -11.06958020
P  24.93134394 -19.38934453 -8.29319478
In  22.16138359 -16.61749445 -5.53226732
P  24.94135949 -13.84779866 -2.77364532
In  22.17215502 -11.08016267 -0.00050498
P  24.94343819 -8.30986216  2.76833519
In  22.17366680 -5.53895695  5.53895695
P  24.94343819 -2.76833519  8.30986216
In  22.17215502  0.00050498  11.08016267
P  24.94135949  2.77364532  13.84779866
In  22.16138359  5.53226732  16.61749445
P  24.93134394  8.29319478  19.38934453
In  22.15382468  11.06958020  22.15382468
In  27.70791833 -16.62476990 -0.01187286
P  30.46899698 -13.85558433  2.76763599
In  27.70810731 -11.08150438  5.53869239
P  30.47523307 -8.31452979  8.31452979
In  27.70810731 -5.53869239  11.08150438
P  30.46899698 -2.76763599  13.85558433
In  27.70791833  0.01187286  16.62476990
P -13.84596563  8.30914407 -30.49961054
In -16.60337820  11.06275829 -27.69147772
P -13.83971063  13.83971063 -24.92340709
In -16.61275124  16.61275124 -22.15514749
P -13.84192161  19.38443125 -19.38443125
In -16.61275124  22.15514749 -16.61275124
P -13.83971063  24.92340709 -13.83971063
In -16.60337820  27.69147772 -11.06275829
P -13.84596563  30.49961054 -8.30914407
In -11.09567732 -0.00466228 -33.25653178
P -8.31466207  2.76608642 -30.49110677
In -11.07984142  5.53995850 -27.72076847
P -8.30825590  8.30825590 -24.94665072
In -11.07126206  11.07126206 -22.15836002
P -8.30334261  13.84770417 -19.39104529
In -11.07275494  16.61496222 -16.61496222
P -8.30334261  19.39104529 -13.84770417
In -11.07126206  22.15836002 -11.07126206
P -8.30825590  24.94665072 -8.30825590
In -11.07984142  27.72076847 -5.53995850
P -8.31466207  30.49110677 -2.76608642
In -11.09567732  33.25653178  0.00466228
In -5.54817881 -5.54817881 -33.25672076
P -2.77273825 -2.77273825 -30.49280752
In -5.54239625 -0.00100691 -27.71982361
P -2.77082963  2.77082963 -24.94986325
In -5.53935379  5.53935379 -22.17385578
P -2.76931785  8.30950312 -19.40181672
In -5.53436491  11.07761154 -16.62244554
P -2.76595413  13.85280643 -13.85280643
In -5.53436491  16.62244554 -11.07761154
P -2.76931785  19.40181672 -8.30950312
In -5.53935379  22.17385578 -5.53935379
P -2.77082963  24.94986325 -2.77082963
In -5.54239625  27.71982361  0.00100691
P -2.77273825  30.49280752  2.77273825
In -5.54817881  33.25672076  5.54817881
In -0.00466228 -11.09567732 -33.25653178
P  2.76608642 -8.31466207 -30.49110677
In -0.00100691 -5.54239625 -27.71982361
P  2.77082963 -2.77082963 -24.94986325
In  0.00000000 -0.00000000 -22.17782420
P  2.76884542  2.76884542 -19.40370645
In -0.00014616  5.53907033 -16.63017451
P  2.76746592  8.30914407 -13.85475285
In  0.00111492  11.08112643 -11.08112643
P  2.76746592  13.85475285 -8.30914407
In -0.00014616  16.63017451 -5.53907033
P  2.76884542  19.40370645 -2.76884542
In -0.00000000  22.17782420  0.00000000
P  2.77082963  24.94986325  2.77082963
In -0.00100691  27.71982361  5.54239625
P  2.76608642  30.49110677  8.31466207
In -0.00466228  33.25653178  11.09567732
P  8.30914407 -13.84596563 -30.49961054
In  5.53995850 -11.07984142 -27.72076847
P  8.30825590 -8.30825590 -24.94665072
In  5.53935379 -5.53935379 -22.17385578
P  8.30950312 -2.76931785 -19.40181672
In  5.53907033 -0.00014616 -16.63017451
P  8.30914407  2.76746592 -13.85475285
In  5.53687825  5.53687825 -11.08173114
P  8.30621499  8.30621499 -8.30621499
In  5.53687825  11.08173114 -5.53687825
P  8.30914407  13.85475285 -2.76746592
In  5.53907033  16.63017451  0.00014616
P  8.30950312  19.40181672  2.76931785
In  5.53935379  22.17385578  5.53935379
P  8.30825590  24.94665072  8.30825590
In  5.53995850  27.72076847  11.07984142
P  8.30914407  30.49961054  13.84596563
In  11.06275829 -16.60337820 -27.69147772
P  13.83971063 -13.83971063 -24.92340709
In  11.07126206 -11.07126206 -22.15836002
P  13.84770417 -8.30334261 -19.39104529
In  11.07761154 -5.53436491 -16.62244554
P  13.85280643 -2.76595413 -13.85280643
In  11.08112643  0.00111492 -11.08112643
P  13.85475285  2.76746592 -8.30914407
In  11.08173114  5.53687825 -5.53687825
P  13.85475285  8.30914407 -2.76746592
In  11.08112643  11.08112643 -0.00111492
P  13.85280643  13.85280643  2.76595413
In  11.07761154  16.62244554  5.53436491
P  13.84770417  19.39104529  8.30334261
In  11.07126206  22.15836002  11.07126206
P  13.83971063  24.92340709  13.83971063
In  11.06275829  27.69147772  16.60337820
In  16.61275124 -16.61275124 -22.15514749
P  19.38443125 -13.84192161 -19.38443125
In  16.61496222 -11.07275494 -16.61496222
P  19.39104529 -8.30334261 -13.84770417
In  16.62244554 -5.53436491 -11.07761154
P  19.40181672 -2.76931785 -8.30950312
In  16.63017451 -0.00014616 -5.53907033
P  19.40370645  2.76884542 -2.76884542
In  16.63017451  5.53907033  0.00014616
P  19.40181672  8.30950312  2.76931785
In  16.62244554  11.07761154  5.53436491
P  19.39104529  13.84770417  8.30334261
In  16.61496222  16.61496222  11.07275494
P  19.38443125  19.38443125  13.84192161
In  16.61275124  22.15514749  16.61275124
In  22.15514749 -16.61275124 -16.61275124
P  24.92340709 -13.83971063 -13.83971063
In  22.15836002 -11.07126206 -11.07126206
P  24.94665072 -8.30825590 -8.30825590
In  22.17385578 -5.53935379 -5.53935379
P  24.94986325 -2.77082963 -2.77082963
In  22.17782420 -0.00000000  0.00000000
P  24.94986325  2.77082963  2.77082963
In  22.17385578  5.53935379  5.53935379
P  24.94665072  8.30825590  8.30825590
In  22.15836002  11.07126206  11.07126206
P  24.92340709  13.83971063  13.83971063
In  22.15514749  16.61275124  16.61275124
In  27.69147772 -16.60337820 -11.06275829
P  30.49961054 -13.84596563 -8.30914407
In  27.72076847 -11.07984142 -5.53995850
P  30.49110677 -8.31466207 -2.76608642
In  27.71982361 -5.54239625  0.00100691
P  30.49280752 -2.77273825  2.77273825
In  27.71982361 -0.00100691  5.54239625
P  30.49110677  2.76608642  8.31466207
In  27.72076847  5.53995850  11.07984142
P  30.49961054  8.30914407  13.84596563
In  27.69147772  11.06275829  16.60337820
In  33.25653178 -11.09567732  0.00466228
In  33.25672076 -5.54817881  5.54817881
In  33.25653178 -0.00466228  11.09567732
P -8.30914407  13.84596563 -30.49961054
In -11.06275829  16.60337820 -27.69147772
P -8.29319478  19.38934453 -24.93134394
In -11.06958020  22.15382468 -22.15382468
P -8.29319478  24.93134394 -19.38934453
In -11.06275829  27.69147772 -16.60337820
P -8.30914407  30.49961054 -13.84596563
P -2.77062176  2.77062176 -36.03461796
In -5.53978843  5.53978843 -33.25388617
P -2.76608642  8.31466207 -30.49110677
In -5.53995850  11.07984142 -27.72076847
P -2.77364532  13.84779866 -24.94135949
In -5.53226732  16.61749445 -22.16138359
P -2.76625649  19.39406885 -19.39406885
In -5.53226732  22.16138359 -16.61749445
P -2.77364532  24.94135949 -13.84779866
In -5.53995850  27.72076847 -11.07984142
P -2.76608642  30.49110677 -8.31466207
In -5.53978843  33.25388617 -5.53978843
P -2.77062176  36.03461796 -2.77062176
P  2.77062176 -2.77062176 -36.03461796
In -0.00000000 -0.00000000 -33.26182302
P  2.77273825  2.77273825 -30.49280752
In  0.00100691  5.54239625 -27.71982361
P  2.76833519  8.30986216 -24.94343819
In -0.00050498  11.08016267 -22.17215502
P  2.76790055  13.85046317 -19.39803727
In  0.00247310  16.62408960 -16.62408960
P  2.76790055  19.39803727 -13.85046317
In -0.00050498  22.17215502 -11.08016267
P  2.76833519  24.94343819 -8.30986216
In  0.00100691  27.71982361 -5.54239625
P  2.77273825  30.49280752 -2.77273825
In  0.00000000  33.26182302  0.00000000
P  2.77062176  36.03461796  2.77062176
In  5.53978843 -5.53978843 -33.25388617
P  8.31466207 -2.76608642 -30.49110677
In  5.54239625  0.00100691 -27.71982361
P  8.30986216  2.76833519 -24.94343819
In  5.53895695  5.53895695 -22.17366680
P  8.30700868  8.30700868 -19.39765933
In  5.53653810  11.07840522 -16.62643286
P  8.30194421  13.84511525 -13.84511525
In  5.53653810  16.62643286 -11.07840522
P  8.30700868  19.39765933 -8.30700868
In  5.53895695  22.17366680 -5.53895695
P  8.30986216  24.94343819 -2.76833519
In  5.54239625  27.71982361 -0.00100691
P  8.31466207  30.49110677  2.76608642
In  5.53978843  33.25388617  5.53978843
P  13.84596563 -8.30914407 -30.49961054
In  11.07984142 -5.53995850 -27.72076847
P  13.84779866 -2.77364532 -24.94135949
In  11.08016267 -0.00050498 -22.17215502
P  13.85046317  2.76790055 -19.39803727
In  11.07840522  5.53653810 -16.62643286
P  13.84511525  8.30194421 -13.84511525
In  11.07579740  11.07579740 -11.07579740
P  13.84511525  13.84511525 -8.30194421
In  11.07840522  16.62643286 -5.53653810
P  13.85046317  19.39803727 -2.76790055
In  11.08016267  22.17215502  0.00050498
P  13.84779866  24.94135949  2.77364532
In  11.07984142  27.72076847  5.53995850
P  13.84596563  30.49961054  8.30914407
In  16.60337820 -11.06275829 -27.69147772
P  19.38934453 -8.29319478 -24.93134394
In  16.61749445 -5.53226732 -22.16138359
P  19.39406885 -2.76625649 -19.39406885
In  16.62408960  0.00247310 -16.62408960
P  19.39803727  2.76790055 -13.85046317
In  16.62643286  5.53653810 -11.07840522
P  19.39765933  8.30700868 -8.30700868
In  16.62643286  11.07840522 -5.53653810
P  19.39803727  13.85046317 -2.76790055
In  16.62408960  16.62408960 -0.00247310
P  19.39406885  19.39406885  2.76625649
In  16.61749445  22.16138359  5.53226732
P  19.38934453  24.93134394  8.29319478
In  16.60337820  27.69147772  11.06275829
In  22.15382468 -11.06958020 -22.15382468
P  24.93134394 -8.29319478 -19.38934453
In  22.16138359 -5.53226732 -16.61749445
P  24.94135949 -2.77364532 -13.84779866
In  22.17215502 -0.00050498 -11.08016267
P  24.94343819  2.76833519 -8.30986216
In  22.17366680  5.53895695 -5.53895695
P  24.94343819  8.30986216 -2.76833519
In  22.17215502  11.08016267  0.00050498
P  24.94135949  13.84779866  2.77364532
In  22.16138359  16.61749445  5.53226732
P  24.93134394  19.38934453  8.29319478
In  22.15382468  22.15382468  11.06958020
In  27.69147772 -11.06275829 -16.60337820
P  30.49961054 -8.30914407 -13.84596563
In  27.72076847 -5.53995850 -11.07984142
P  30.49110677 -2.76608642 -8.31466207
In  27.71982361  0.00100691 -5.54239625
P  30.49280752  2.77273825 -2.77273825
In  27.71982361  5.54239625 -0.00100691
P  30.49110677  8.31466207  2.76608642
In  27.72076847  11.07984142  5.53995850
P  30.49961054  13.84596563  8.30914407
In  27.69147772  16.60337820  11.06275829
In  33.25388617 -5.53978843 -5.53978843
P  36.03461796 -2.77062176 -2.77062176
In  33.26182302 -0.00000000  0.00000000
P  36.03461796  2.77062176  2.77062176
In  33.25388617  5.53978843  5.53978843
In  0.00466228  11.09567732 -33.25653178
P  2.76763599  13.85558433 -30.46899698
In -0.01187286  16.62476990 -27.70791833
P  2.76979028  19.39217912 -24.93909182
In -0.00335942  22.16761968 -22.16761968
P  2.76979028  24.93909182 -19.39217912
In -0.01187286  27.70791833 -16.62476990
P  2.76763599  30.46899698 -13.85558433
In  0.00466228  33.25653178 -11.09567732
In  5.54817881  5.54817881 -33.25672076
P  8.31452979  8.31452979 -30.47523307
In  5.53869239  11.08150438 -27.70810731
P  8.30895510  13.85189937 -24.94362716
In  5.53723730  16.61910072 -22.16932044
P  8.29565143  19.38386433 -19.38386433
In  5.53723730  22.16932044 -16.61910072
P  8.30895510  24.94362716 -13.85189937
In  5.53869239  27.70810731 -11.08150438
P  8.31452979  30.47523307 -8.31452979
In  5.54817881  33.25672076 -5.54817881
In  11.09567732  0.00466228 -33.25653178
P  13.85558433  2.76763599 -30.46899698
In  11.08150438  5.53869239 -27.70810731
P  13.85189937  8.30895510 -24.94362716
In  11.07647770  11.07647770 -22.17045427
P  13.83710281  13.83710281 -19.38008488
In  11.06908888  16.61439530 -16.61439530
P  13.83710281  19.38008488 -13.83710281
In  11.07647770  22.17045427 -11.07647770
P  13.85189937  24.94362716 -8.30895510
In  11.08150438  27.70810731 -5.53869239
P  13.85558433  30.46899698 -2.76763599
In  11.09567732  33.25653178 -0.00466228
In  16.62476990 -0.01187286 -27.70791833
P  19.39217912  2.76979028 -24.93909182
In  16.61910072  5.53723730 -22.16932044
P  19.38386433  8.29565143 -19.38386433
In  16.61439530  11.06908888 -16.61439530
P  19.38008488  13.83710281 -13.83710281
In  16.61439530  16.61439530 -11.06908888
P  19.38386433  19.38386433 -8.29565143
In  16.61910072  22.16932044 -5.53723730
P  19.39217912  24.93909182 -2.76979028
In  16.62476990  27.70791833  0.01187286
In  22.16761968 -0.00335942 -22.16761968
P  24.93909182  2.76979028 -19.39217912
In  22.16932044  5.53723730 -16.61910072
P  24.94362716  8.30895510 -13.85189937
In  22.17045427  11.07647770 -11.07647770
P  24.94362716  13.85189937 -8.30895510
In  22.16932044  16.61910072 -5.53723730
P  24.93909182  19.39217912 -2.76979028
In  22.16761968  22.16761968  0.00335942
In  27.70791833 -0.01187286 -16.62476990
P  30.46899698  2.76763599 -13.85558433
In  27.70810731  5.53869239 -11.08150438
P  30.47523307  8.31452979 -8.31452979
In  27.70810731  11.08150438 -5.53869239
P  30.46899698  13.85558433 -2.76763599
In  27.70791833  16.62476990  0.01187286
In  33.25653178  0.00466228 -11.09567732
In  33.25672076  5.54817881 -5.54817881
In  33.25653178  11.09567732 -0.00466228
In  11.07160221  16.61955425 -27.72965018
P  13.82438496  19.36969138 -24.91471435
In  11.05295062  22.15439160 -22.15439160
P  13.82438496  24.91471435 -19.36969138
In  11.07160221  27.72965018 -16.61955425
In  16.61955425  11.07160221 -27.72965018
P  19.36969138  13.82438496 -24.91471435
In  16.60339710  16.60339710 -22.14853345
P  19.37441570  19.37441570 -19.37441570
In  16.60339710  22.14853345 -16.60339710
P  19.36969138  24.91471435 -13.82438496
In  16.61955425  27.72965018 -11.07160221
In  22.15439160  11.05295062 -22.15439160
P  24.91471435  13.82438496 -19.36969138
In  22.14853345  16.60339710 -16.60339710
P  24.91471435  19.36969138 -13.82438496
In  22.15439160  22.15439160 -11.05295062
In  27.72965018  11.07160221 -16.61955425
In  27.72965018  16.61955425 -11.07160221
P2 -31.19441554 -14.54383199  7.62111846
P2 -31.19677770 -13.15676839  9.00415222
P2 -31.19677770 -9.00415222  13.15676839
P2 -31.19441554 -7.62111846  14.54383199
P2 -25.76709416 -20.22571836  7.46827837
P1 -29.20674505 -18.12485045  12.59622463
P1 -29.20674505 -12.59622463  18.12485045
P2 -25.76709416 -7.46827837  20.22571836
P2 -20.22571836 -25.76709416  7.46827837
P1 -23.67241793 -23.67241793  12.61095599
P1 -23.67893749 -18.14029329  18.14029329
P1 -23.67241793 -12.61095599  23.67241793
P2 -20.22571836 -7.46827837  25.76709416
P2 -14.54383199 -31.19441554  7.62111846
P2 -13.15676839 -31.19677770  9.00415222
P1 -18.12485045 -29.20674505  12.59622463
P1 -18.14029329 -23.67893749  18.14029329
P1 -18.14029329 -18.14029329  23.67893749
P1 -18.12485045 -12.59622463  29.20674505
P2 -14.54383199 -7.62111846  31.19441554
P2 -13.15676839 -9.00415222  31.19677770
P2 -9.00415222 -31.19677770  13.15676839
P2 -7.62111846 -31.19441554  14.54383199
P1 -12.59622463 -29.20674505  18.12485045
P2 -7.46827837 -25.76709416  20.22571836
P1 -12.61095599 -23.67241793  23.67241793
P2 -7.46827837 -20.22571836  25.76709416
P1 -12.59622463 -18.12485045  29.20674505
P2 -9.00415222 -13.15676839  31.19677770
P2 -7.62111846 -14.54383199  31.19441554
P2 -36.72649389 -3.46483150  2.07403940
P2 -36.72649389 -2.07403940  3.46483150
P2 -31.30888569 -14.68084657 -3.59648115
P1 -34.79123495 -12.61412506  1.52171276
P1 -34.78312803 -9.57668911 -1.53617758
P1 -34.79181132 -7.05764374  7.05764374
P1 -34.79123495 -1.52171276  12.61412506
P1 -34.78312803  1.53617758  9.57668911
P2 -31.30888569  3.59648115  14.68084657
P2 -25.77484203 -20.22475460 -3.59834631
P1 -29.24002313 -18.15048269  1.53198061
P1 -29.24002313 -1.53198061  18.15048269
P2 -25.77484203  3.59834631  20.22475460
P2 -20.22475460 -25.77484203 -3.59834631
P1 -23.69847726 -23.69847726  1.52160166
P1 -23.69847726 -1.52160166  23.69847726
P2 -20.22475460  3.59834631  25.77484203
P2 -14.68084657 -31.30888569 -3.59648115
P1 -18.15048269 -29.24002313  1.53198061
P1 -18.15048269 -1.53198061  29.24002313
P2 -14.68084657  3.59648115  31.30888569
P1 -12.61412506 -34.79123495  1.52171276
P1 -9.57668911 -34.78312803 -1.53617758
P1 -12.61412506 -1.52171276  34.79123495
P1 -9.57668911  1.53617758  34.78312803
P2 -3.46483150 -36.72649389  2.07403940
P2 -2.07403940 -36.72649389  3.46483150
P1 -7.05764374 -34.79181132  7.05764374
P1 -7.05764374 -7.05764374  34.79181132
P2 -3.46483150 -2.07403940  36.72649389
P2 -2.07403940 -3.46483150  36.72649389
P1 -1.52171276 -34.79123495  12.61412506
P1  1.53617758 -34.78312803  9.57668911
P2  3.59648115 -31.30888569  14.68084657
P1 -1.53198061 -29.24002313  18.15048269
P2  3.59834631 -25.77484203  20.22475460
P1 -1.52160166 -23.69847726  23.69847726
P2  3.59834631 -20.22475460  25.77484203
P1 -1.53198061 -18.15048269  29.24002313
P2  3.59648115 -14.68084657  31.30888569
P1 -1.52171276 -12.61412506  34.79123495
P1  1.53617758 -9.57668911  34.78312803
P2 -36.72649389  2.07403940 -3.46483150
P2 -36.72649389  3.46483150 -2.07403940
P2 -31.31381788 -9.14289306 -9.14289306
P1 -34.78321306 -7.08031479 -4.03076002
P1 -34.78321306 -4.03076002 -7.08031479
P1 -34.78321306  4.03076002  7.08031479
P1 -34.78321306  7.08031479  4.03076002
P2 -31.31381788  9.14289306  9.14289306
P2 -25.74150727 -20.19937558 -14.66045265
P1 -29.26071563 -18.15291666 -9.55346627
P1 -29.25884480 -15.10367370 -12.60709528
P1 -29.26071563  9.55346627  18.15291666
P1 -29.25884480  12.60709528  15.10367370
P2 -25.74150727  14.66045265  20.19937558
P2 -20.19937558 -25.74150727 -14.66045265
P1 -23.68680820 -23.68680820 -9.53794312
P1 -23.68680820  9.53794312  23.68680820
P2 -20.19937558  14.66045265  25.74150727
P1 -18.15291666 -29.26071563 -9.55346627
P1 -15.10367370 -29.25884480 -12.60709528
P1 -18.15291666  9.55346627  29.26071563
P1 -15.10367370  12.60709528  29.25884480
P2 -9.14289306 -31.31381788 -9.14289306
P2 -9.14289306  9.14289306  31.31381788
P1 -7.08031479 -34.78321306 -4.03076002
P1 -4.03076002 -34.78321306 -7.08031479
P1 -7.08031479  4.03076002  34.78321306
P1 -4.03076002  7.08031479  34.78321306
P2  2.07403940 -36.72649389 -3.46483150
P2  3.46483150 -36.72649389 -2.07403940
P2  2.07403940  3.46483150  36.72649389
P2  3.46483150  2.07403940  36.72649389
P1  4.03076002 -34.78321306  7.08031479
P1  7.08031479 -34.78321306  4.03076002
P2  9.14289306 -31.31381788  9.14289306
P2  9.14289306 -9.14289306  31.31381788
P1  4.03076002 -7.08031479  34.78321306
P1  7.08031479 -4.03076002  34.78321306
P1  9.55346627 -29.26071563  18.15291666
P1  12.60709528 -29.25884480  15.10367370
P2  14.66045265 -25.74150727  20.19937558
P1  9.53794312 -23.68680820  23.68680820
P2  14.66045265 -20.19937558  25.74150727
P1  9.55346627 -18.15291666  29.26071563
P1  12.60709528 -15.10367370  29.25884480
P2 -31.30888569 -3.59648115 -14.68084657
P1 -34.78312803 -1.53617758 -9.57668911
P1 -34.79123495  1.52171276 -12.61412506
P1 -34.79181132  7.05764374 -7.05764374
P1 -34.78312803  9.57668911  1.53617758
P1 -34.79123495  12.61412506 -1.52171276
P2 -31.30888569  14.68084657  3.59648115
P2 -25.74150727 -14.66045265 -20.19937558
P1 -29.25884480 -12.60709528 -15.10367370
P1 -29.26071563 -9.55346627 -18.15291666
P1 -29.25884480  15.10367370  12.60709528
P1 -29.26071563  18.15291666  9.55346627
P2 -25.74150727  20.19937558  14.66045265
P2 -20.20670772 -20.20670772 -20.20670772
P2 -20.20670772  20.20670772  20.20670772
P2 -14.66045265 -25.74150727 -20.19937558
P2 -14.66045265  20.19937558  25.74150727
P1 -12.60709528 -29.25884480 -15.10367370
P1 -9.55346627 -29.26071563 -18.15291666
P1 -12.60709528  15.10367370  29.25884480
P1 -9.55346627  18.15291666  29.26071563
P2 -3.59648115 -31.30888569 -14.68084657
P2 -3.59648115  14.68084657  31.30888569
P1 -1.53617758 -34.78312803 -9.57668911
P1  1.52171276 -34.79123495 -12.61412506
P1 -1.53617758  9.57668911  34.78312803
P1  1.52171276  12.61412506  34.79123495
P1  7.05764374 -34.79181132 -7.05764374
P1  7.05764374  7.05764374  34.79181132
P1  9.57668911 -34.78312803  1.53617758
P1  12.61412506 -34.79123495 -1.52171276
P2  14.68084657 -31.30888569  3.59648115
P2  14.68084657 -3.59648115  31.30888569
P1  9.57668911 -1.53617758  34.78312803
P1  12.61412506  1.52171276  34.79123495
P1  15.10367370 -29.25884480  12.60709528
P1  18.15291666 -29.26071563  9.55346627
P2  20.19937558 -25.74150727  14.66045265
P2  20.20670772 -20.20670772  20.20670772
P2  20.19937558 -14.66045265  25.74150727
P1  15.10367370 -12.60709528  29.25884480
P1  18.15291666 -9.55346627  29.26071563
P2 -31.19441554  7.62111846 -14.54383199
P2 -31.19677770  9.00415222 -13.15676839
P2 -31.19677770  13.15676839 -9.00415222
P2 -31.19441554  14.54383199 -7.62111846
P2 -25.77484203 -3.59834631 -20.22475460
P1 -29.24002313  1.53198061 -18.15048269
P1 -29.24002313  18.15048269 -1.53198061
P2 -25.77484203  20.22475460  3.59834631
P2 -20.19937558 -14.66045265 -25.74150727
P1 -23.68680820 -9.53794312 -23.68680820
P1 -23.68680820  23.68680820  9.53794312
P2 -20.19937558  25.74150727  14.66045265
P2 -14.66045265 -20.19937558 -25.74150727
P2 -14.66045265  25.74150727  20.19937558
P1 -9.53794312 -23.68680820 -23.68680820
P1 -9.53794312  23.68680820  23.68680820
P2 -3.59834631 -25.77484203 -20.22475460
P2 -3.59834631  20.22475460  25.77484203
P1  1.53198061 -29.24002313 -18.15048269
P1  1.53198061  18.15048269  29.24002313
P2  7.62111846 -31.19441554 -14.54383199
P2  9.00415222 -31.19677770 -13.15676839
P2  7.62111846  14.54383199  31.19441554
P2  9.00415222  13.15676839  31.19677770
P2  13.15676839 -31.19677770 -9.00415222
P2  14.54383199 -31.19441554 -7.62111846
P2  13.15676839  9.00415222  31.19677770
P2  14.54383199  7.62111846  31.19441554
P1  18.15048269 -29.24002313 -1.53198061
P2  20.22475460 -25.77484203  3.59834631
P2  20.22475460 -3.59834631  25.77484203
P1  18.15048269  1.53198061  29.24002313
P1  23.68680820 -23.68680820  9.53794312
P2  25.74150727 -20.19937558  14.66045265
P2  25.74150727 -14.66045265  20.19937558
P1  23.68680820 -9.53794312  23.68680820
P2 -25.76709416  7.46827837 -20.22571836
P1 -29.20674505  12.59622463 -18.12485045
P1 -29.20674505  18.12485045 -12.59622463
P2 -25.76709416  20.22571836 -7.46827837
P2 -20.22475460 -3.59834631 -25.77484203
P1 -23.69847726  1.52160166 -23.69847726
P1 -23.69847726  23.69847726 -1.52160166
P2 -20.22475460  25.77484203  3.59834631
P1 -18.15291666 -9.55346627 -29.26071563
P1 -15.10367370 -12.60709528 -29.25884480
P1 -18.15291666  29.26071563  9.55346627
P1 -15.10367370  29.25884480  12.60709528
P1 -12.60709528 -15.10367370 -29.25884480
P1 -9.55346627 -18.15291666 -29.26071563
P1 -12.60709528  29.25884480  15.10367370
P1 -9.55346627  29.26071563  18.15291666
P2 -3.59834631 -20.22475460 -25.77484203
P2 -3.59834631  25.77484203  20.22475460
P1  1.52160166 -23.69847726 -23.69847726
P1  1.52160166  23.69847726  23.69847726
P2  7.46827837 -25.76709416 -20.22571836
P2  7.46827837  20.22571836  25.76709416
P1  12.59622463 -29.20674505 -18.12485045
P1  12.59622463  18.12485045  29.20674505
P1  18.12485045 -29.20674505 -12.59622463
P2  20.22571836 -25.76709416 -7.46827837
P2  20.22571836  7.46827837  25.76709416
P1  18.12485045  12.59622463  29.20674505
P1  23.69847726 -23.69847726 -1.52160166
P2  25.77484203 -20.22475460  3.59834631
P2  25.77484203 -3.59834631  20.22475460
P1  23.69847726  1.52160166  23.69847726
P1  29.26071563 -18.15291666  9.55346627
P1  29.25884480 -15.10367370  12.60709528
P1  29.25884480 -12.60709528  15.10367370
P1  29.26071563 -9.55346627  18.15291666
P2 -20.22571836  7.46827837 -25.76709416
P1 -23.67241793  12.61095599 -23.67241793
P1 -23.67893749  18.14029329 -18.14029329
P1 -23.67241793  23.67241793 -12.61095599
P2 -20.22571836  25.76709416 -7.46827837
P2 -14.68084657 -3.59648115 -31.30888569
P1 -18.15048269  1.53198061 -29.24002313
P1 -18.15048269  29.24002313 -1.53198061
P2 -14.68084657  31.30888569  3.59648115
P2 -9.14289306 -9.14289306 -31.31381788
P2 -9.14289306  31.31381788  9.14289306
P2 -3.59648115 -14.68084657 -31.30888569
P2 -3.59648115  31.30888569  14.68084657
P1  1.53198061 -18.15048269 -29.24002313
P1  1.53198061  29.24002313  18.15048269
P2  7.46827837 -20.22571836 -25.76709416
P2  7.46827837  25.76709416  20.22571836
P1  12.61095599 -23.67241793 -23.67241793
P1  12.61095599  23.67241793  23.67241793
P1  18.14029329 -23.67893749 -18.14029329
P1  18.14029329  18.14029329  23.67893749
P1  23.67241793 -23.67241793 -12.61095599
P2  25.76709416 -20.22571836 -7.46827837
P2  25.76709416  7.46827837  20.22571836
P1  23.67241793  12.61095599  23.67241793
P1  29.24002313 -18.15048269 -1.53198061
P2  31.30888569 -14.68084657  3.59648115
P2  31.31381788 -9.14289306  9.14289306
P2  31.30888569 -3.59648115  14.68084657
P1  29.24002313  1.53198061  18.15048269
P2 -14.54383199  7.62111846 -31.19441554
P2 -13.15676839  9.00415222 -31.19677770
P1 -18.12485045  12.59622463 -29.20674505
P1 -18.14029329  18.14029329 -23.67893749
P1 -18.14029329  23.67893749 -18.14029329
P1 -18.12485045  29.20674505 -12.59622463
P2 -14.54383199  31.19441554 -7.62111846
P2 -13.15676839  31.19677770 -9.00415222
P1 -12.61412506  1.52171276 -34.79123495
P1 -9.57668911 -1.53617758 -34.78312803
P1 -12.61412506  34.79123495 -1.52171276
P1 -9.57668911  34.78312803  1.53617758
P1 -7.08031479 -4.03076002 -34.78321306
P1 -4.03076002 -7.08031479 -34.78321306
P1 -7.08031479  34.78321306  4.03076002
P1 -4.03076002  34.78321306  7.08031479
P1 -1.53617758 -9.57668911 -34.78312803
P1  1.52171276 -12.61412506 -34.79123495
P1 -1.53617758  34.78312803  9.57668911
P1  1.52171276  34.79123495  12.61412506
P2  7.62111846 -14.54383199 -31.19441554
P2  9.00415222 -13.15676839 -31.19677770
P2  7.62111846  31.19441554  14.54383199
P2  9.00415222  31.19677770  13.15676839
P1  12.59622463 -18.12485045 -29.20674505
P1  12.59622463  29.20674505  18.12485045
P1  18.14029329 -18.14029329 -23.67893749
P1  18.14029329  23.67893749  18.14029329
P1  23.67893749 -18.14029329 -18.14029329
P1  23.67893749  18.14029329  18.14029329
P1  29.20674505 -18.12485045 -12.59622463
P2  31.19441554 -14.54383199 -7.62111846
P2  31.19677770 -13.15676839 -9.00415222
P2  31.19441554  7.62111846  14.54383199
P2  31.19677770  9.00415222  13.15676839
P1  29.20674505  12.59622463  18.12485045
P1  34.79123495 -12.61412506 -1.52171276
P1  34.78312803 -9.57668911  1.53617758
P1  34.78321306 -7.08031479  4.03076002
P1  34.78321306 -4.03076002  7.08031479
P1  34.78312803 -1.53617758  9.57668911
P1  34.79123495  1.52171276  12.61412506
P2 -9.00415222  13.15676839 -31.19677770
P2 -7.62111846  14.54383199 -31.19441554
P1 -12.59622463  18.12485045 -29.20674505
P2 -7.46827837  20.22571836 -25.76709416
P1 -12.61095599  23.67241793 -23.67241793
P2 -7.46827837  25.76709416 -20.22571836
P1 -12.59622463  29.20674505 -18.12485045
P2 -9.00415222  31.19677770 -13.15676839
P2 -7.62111846  31.19441554 -14.54383199
P2 -3.46483150  2.07403940 -36.72649389
P2 -2.07403940  3.46483150 -36.72649389
P1 -7.05764374  7.05764374 -34.79181132
P1 -7.05764374  34.79181132 -7.05764374
P2 -3.46483150  36.72649389 -2.07403940
P2 -2.07403940  36.72649389 -3.46483150
P2  2.07403940 -3.46483150 -36.72649389
P2  3.46483150 -2.07403940 -36.72649389
P2  2.07403940  36.72649389  3.46483150
P2  3.46483150  36.72649389  2.07403940
P1  7.05764374 -7.05764374 -34.79181132
P1  7.05764374  34.79181132  7.05764374
P2  13.15676839 -9.00415222 -31.19677770
P2  14.54383199 -7.62111846 -31.19441554
P2  13.15676839  31.19677770  9.00415222
P2  14.54383199  31.19441554  7.62111846
P1  18.12485045 -12.59622463 -29.20674505
P2  20.22571836 -7.46827837 -25.76709416
P2  20.22571836  25.76709416  7.46827837
P1  18.12485045  29.20674505  12.59622463
P1  23.67241793 -12.61095599 -23.67241793
P2  25.76709416 -7.46827837 -20.22571836
P2  25.76709416  20.22571836  7.46827837
P1  23.67241793  23.67241793  12.61095599
P1  29.20674505 -12.59622463 -18.12485045
P2  31.19677770 -9.00415222 -13.15676839
P2  31.19441554 -7.62111846 -14.54383199
P2  31.19677770  13.15676839  9.00415222
P2  31.19441554  14.54383199  7.62111846
P1  29.20674505  18.12485045  12.59622463
P1  34.79181132 -7.05764374 -7.05764374
P2  36.72649389 -3.46483150 -2.07403940
P2  36.72649389 -2.07403940 -3.46483150
P2  36.72649389  2.07403940  3.46483150
P2  36.72649389  3.46483150  2.07403940
P1  34.79181132  7.05764374  7.05764374
P1 -1.52171276  12.61412506 -34.79123495
P1  1.53617758  9.57668911 -34.78312803
P2  3.59648115  14.68084657 -31.30888569
P1 -1.53198061  18.15048269 -29.24002313
P2  3.59834631  20.22475460 -25.77484203
P1 -1.52160166  23.69847726 -23.69847726
P2  3.59834631  25.77484203 -20.22475460
P1 -1.53198061  29.24002313 -18.15048269
P2  3.59648115  31.30888569 -14.68084657
P1 -1.52171276  34.79123495 -12.61412506
P1  1.53617758  34.78312803 -9.57668911
P1  4.03076002  7.08031479 -34.78321306
P1  7.08031479  4.03076002 -34.78321306
P2  9.14289306  9.14289306 -31.31381788
P2  9.14289306  31.31381788 -9.14289306
P1  4.03076002  34.78321306 -7.08031479
P1  7.08031479  34.78321306 -4.03076002
P1  9.57668911  1.53617758 -34.78312803
P1  12.61412506 -1.52171276 -34.79123495
P2  14.68084657  3.59648115 -31.30888569
P2  14.68084657  31.30888569 -3.59648115
P1  9.57668911  34.78312803 -1.53617758
P1  12.61412506  34.79123495  1.52171276
P1  18.15048269 -1.53198061 -29.24002313
P2  20.22475460  3.59834631 -25.77484203
P2  20.22475460  25.77484203 -3.59834631
P1  18.15048269  29.24002313  1.53198061
P1  23.69847726 -1.52160166 -23.69847726
P2  25.77484203  3.59834631 -20.22475460
P2  25.77484203  20.22475460 -3.59834631
P1  23.69847726  23.69847726  1.52160166
P1  29.24002313 -1.53198061 -18.15048269
P2  31.30888569  3.59648115 -14.68084657
P2  31.31381788  9.14289306 -9.14289306
P2  31.30888569  14.68084657 -3.59648115
P1  29.24002313  18.15048269  1.53198061
P1  34.79123495 -1.52171276 -12.61412506
P1  34.78312803  1.53617758 -9.57668911
P1  34.78321306  4.03076002 -7.08031479
P1  34.78321306  7.08031479 -4.03076002
P1  34.78312803  9.57668911 -1.53617758
P1  34.79123495  12.61412506  1.52171276
P1  9.55346627  18.15291666 -29.26071563
P1  12.60709528  15.10367370 -29.25884480
P2  14.66045265  20.19937558 -25.74150727
P1  9.53794312  23.68680820 -23.68680820
P2  14.66045265  25.74150727 -20.19937558
P1  9.55346627  29.26071563 -18.15291666
P1  12.60709528  29.25884480 -15.10367370
P1  15.10367370  12.60709528 -29.25884480
P1  18.15291666  9.55346627 -29.26071563
P2  20.19937558  14.66045265 -25.74150727
P2  20.20670772  20.20670772 -20.20670772
P2  20.19937558  25.74150727 -14.66045265
P1  15.10367370  29.25884480 -12.60709528
P1  18.15291666  29.26071563 -9.55346627
P1  23.68680820  9.53794312 -23.68680820
P2  25.74150727  14.66045265 -20.19937558
P2  25.74150727  20.19937558 -14.66045265
P1  23.68680820  23.68680820 -9.53794312
P1  29.26071563  9.55346627 -18.15291666
P1  29.25884480  12.60709528 -15.10367370
P1  29.25884480  15.10367370 -12.60709528
P1  29.26071563  18.15291666 -9.55346627
