0 -0.271892035549132 0.00524741
1 -0.27012575972039 0.00087197
2 -0.270125556445234 0.000545438
3 -0.269918876786167 0.000521993
4 -0.269918824014516 0.000171351
5 -0.269918812365199 0.000335049
6 -0.267252669394111 5.38702e-05
7 -0.267252660571711 1.66551e-05
8 -0.267252660362469 4.69468e-05
9 -0.264931599059702 3.44793e-05
10 -0.264931599024481 5.80528e-06
11 -0.264931592186343 1.00673e-05
12 -0.26303756696099 3.53561e-05
13 -0.263037566951745 6.61897e-07
14 -0.263037566120217 2.12601e-05
15 -0.262887776153455 8.9638e-06
16 -0.262887771225124 1.50763e-05
17 -0.26288777122382 2.61541e-07
18 -0.262341403241394 4.88468e-05
19 -0.26234140323802 4.16533e-07
20 -0.258906697377847 4.11202e-07
21 -0.25803287204462 2.45954e-07
22 -0.2580328704876 2.16932e-07
23 -0.258032870487591 9.11745e-08
24 -0.25743788633996 2.55393e-08
25 -0.257437886339947 8.37155e-08
26 -0.257437884864601 8.7762e-08
27 -0.256416293193112 4.75613e-08
28 -0.256416293193097 3.18289e-08
29 -0.254612795036727 1.62382e-08
30 -0.254612795036726 3.76236e-08
31 -0.254612794810434 6.44163e-08
32 -0.252202707071775 2.26601e-08
33 -0.25220270707177 1.17804e-08
34 -0.252202706154088 4.998e-08
35 -0.251006670653293 4.59285e-08
36 -0.251006668369767 2.1722e-08
37 -0.251006668369763 3.26893e-08
38 -0.249050309011535 3.44463e-08
39 -0.249050309011534 3.15002e-08
40 -0.246764233681053 1.6867e-08
41 -0.245603046422195 2.55393e-08
42 -0.245603041913471 2.48508e-08
43 -0.245603041913468 1.36876e-08
44 -0.240776612037001 5.10786e-08
45 -0.240776612036998 2.98023e-08
46 -0.240776606831651 1.86265e-08
47 -0.234861307897476 2.77528e-08
48 -0.234861307897475 2.44284e-08
49 -0.233496074936365 3.16101e-08
50 -0.233496074936357 2.71205e-08
51 -0.233496071330893 4.02952e-08
52 -0.230946559834283 4.21468e-08
53 -0.230946556085841 2.23517e-08
54 -0.23094655608584 4.08085e-08
55 -0.108188037451051 1.86265e-09
56 -0.108188037451049 1.76706e-08
57 -0.108114429282097 2.85538e-08
58 -0.105721221126372 1.19993e-08
59 -0.105721220272976 1.24254e-08
60 -0.105721220272976 1.0861e-08
61 -0.101083744973576 1.03708e-08
62 -0.0972642574930194 4.74883e-09
63 -0.0972642365370251 1.50748e-08
64 -0.097264236536986 9.58855e-09
65 -0.095990007697612 1.12532e-08
66 -0.0931152708641067 1.67659e-07
67 -0.0930718818588083 5.88578e-08
68 -0.0930718806930541 3.09726e-08
69 -0.0930718806930236 1.10659e-07
70 -0.091325011623548 2.01204e-07
71 -0.0913250116235454 2.4379e-07
72 -0.0913250016072924 2.80085e-07
73 -0.0904191362702348 1.25922e-06
74 -0.0904191091055231 9.57315e-07
75 -0.0904191091055161 1.39662e-06
76 -0.0895717440152184 4.08576e-07
77 -0.0895717440150317 2.01907e-05
78 -0.0875483755137916 5.18641e-06
79 -0.0868610479666953 7.41419e-06
80 -0.0868610439819865 5.49473e-06
81 -0.0868610439811814 4.34582e-06
82 -0.08568482067278 1.62056e-05
83 -0.0856847746382055 3.87673e-05
84 -0.0856847746329113 1.42925e-05
85 -0.0819757969095856 0.000321356
86 -0.0819757928869022 0.000308821
87 -0.0797150131686626 0.00518708
88 -0.0797141592169969 0.00627538
89 -0.07658175356774 0.00495319
90 -0.0765805993259486 0.00778722
91 -0.076579029875123 0.00799264
92 -0.0626402826620087 0.00888961
93 -0.0611696332361161 0.00459702
