291
P -12.85805467 -7.69959405  7.69959405
P -7.69959405 -12.85805467  7.69959405
Ga -10.26697578 -10.26697578  10.26697578
P -7.69959405 -7.69959405  12.85805467
P -18.01634522 -2.57560204 -2.57560204
P -18.01634522  2.57560204  2.57560204
P -12.85729878 -7.71013873 -2.57412805
Ga -15.43186147 -5.13678546 -0.00062260
P -12.85939638 -2.56783526  2.56783526
Ga -15.43186147  0.00062260  5.13678546
P -12.85729878  2.57412805  7.71013873
P -7.71013873 -12.85729878 -2.57412805
Ga -10.28483369 -10.28483369  0.00115817
P -7.71227412 -7.71227412  2.56934704
Ga -10.28322743 -5.13495243  5.13495243
P -7.71227412 -2.56934704  7.71227412
Ga -10.28483369 -0.00115817  10.28483369
P -7.71013873  2.57412805  12.85729878
P -2.57560204 -18.01634522 -2.57560204
Ga -5.13678546 -15.43186147 -0.00062260
P -2.56783526 -12.85939638  2.56783526
Ga -5.13495243 -10.28322743  5.13495243
P -2.56934704 -7.71227412  7.71227412
Ga -5.13495243 -5.13495243  10.28322743
P -2.56783526 -2.56783526  12.85939638
Ga -5.13678546  0.00062260  15.43186147
P -2.57560204  2.57560204  18.01634522
P  2.57560204 -18.01634522  2.57560204
Ga  0.00062260 -15.43186147  5.13678546
P  2.57412805 -12.85729878  7.71013873
Ga -0.00115817 -10.28483369  10.28483369
P  2.57412805 -7.71013873  12.85729878
Ga  0.00062260 -5.13678546  15.43186147
P  2.57560204 -2.57560204  18.01634522
P -12.85729878 -2.57412805 -7.71013873
Ga -15.43186147 -0.00062260 -5.13678546
P -12.85939638  2.56783526 -2.56783526
Ga -15.43186147  5.13678546  0.00062260
P -12.85729878  7.71013873  2.57412805
P -7.70836238 -7.70836238 -7.70836238
Ga -10.28354868 -5.14101845 -5.14101845
P -7.71329457 -2.57034860 -2.57034860
Ga -10.28534392  0.00000000 -0.00000000
P -7.71329457  2.57034860  2.57034860
Ga -10.28354868  5.14101845  5.14101845
P -7.70836238  7.70836238  7.70836238
P -2.57412805 -12.85729878 -7.71013873
Ga -5.14101845 -10.28354868 -5.14101845
P -2.57034860 -7.71329457 -2.57034860
Ga -5.14154757 -5.14154757 -0.00070975
P -2.57078323 -2.57078323  2.57078323
Ga -5.14154757  0.00070975  5.14154757
P -2.57034860  2.57034860  7.71329457
Ga -5.14101845  5.14101845  10.28354868
P -2.57412805  7.71013873  12.85729878
Ga -0.00062260 -15.43186147 -5.13678546
P  2.56783526 -12.85939638 -2.56783526
Ga  0.00000000 -10.28534392 -0.00000000
P  2.57034860 -7.71329457  2.57034860
Ga  0.00070975 -5.14154757  5.14154757
P  2.57034860 -2.57034860  7.71329457
Ga  0.00000000  0.00000000  10.28534392
P  2.56783526  2.56783526  12.85939638
Ga -0.00062260  5.13678546  15.43186147
Ga  5.13678546 -15.43186147  0.00062260
P  7.71013873 -12.85729878  2.57412805
Ga  5.14101845 -10.28354868  5.14101845
P  7.70836238 -7.70836238  7.70836238
Ga  5.14101845 -5.14101845  10.28354868
P  7.71013873 -2.57412805  12.85729878
Ga  5.13678546 -0.00062260  15.43186147
P -12.85805467  7.69959405 -7.69959405
P -7.71013873 -2.57412805 -12.85729878
Ga -10.28483369  0.00115817 -10.28483369
P -7.71227412  2.56934704 -7.71227412
Ga -10.28322743  5.13495243 -5.13495243
P -7.71227412  7.71227412 -2.56934704
Ga -10.28483369  10.28483369 -0.00115817
P -7.71013873  12.85729878  2.57412805
P -2.57412805 -7.71013873 -12.85729878
Ga -5.14101845 -5.14101845 -10.28354868
P -2.57034860 -2.57034860 -7.71329457
Ga -5.14154757 -0.00070975 -5.14154757
P -2.57078323  2.57078323 -2.57078323
Ga -5.14154757  5.14154757  0.00070975
P -2.57034860  7.71329457  2.57034860
Ga -5.14101845  10.28354868  5.14101845
P -2.57412805  12.85729878  7.71013873
Ga  0.00115817 -10.28483369 -10.28483369
P  2.56934704 -7.71227412 -7.71227412
Ga -0.00070975 -5.14154757 -5.14154757
P  2.57078323 -2.57078323 -2.57078323
Ga  0.00000000  0.00000000 -0.00000000
P  2.57078323  2.57078323  2.57078323
Ga -0.00070975  5.14154757  5.14154757
P  2.56934704  7.71227412  7.71227412
Ga  0.00115817  10.28483369  10.28483369
P  7.69959405 -12.85805467 -7.69959405
Ga  5.13495243 -10.28322743 -5.13495243
P  7.71227412 -7.71227412 -2.56934704
Ga  5.14154757 -5.14154757  0.00070975
P  7.71329457 -2.57034860  2.57034860
Ga  5.14154757 -0.00070975  5.14154757
P  7.71227412  2.56934704  7.71227412
Ga  5.13495243  5.13495243  10.28322743
P  7.69959405  7.69959405  12.85805467
Ga  10.28483369 -10.28483369 -0.00115817
P  12.85729878 -7.71013873  2.57412805
Ga  10.28354868 -5.14101845  5.14101845
P  12.85729878 -2.57412805  7.71013873
Ga  10.28483369  0.00115817  10.28483369
P -7.69959405  7.69959405 -12.85805467
Ga -10.26697578  10.26697578 -10.26697578
P -7.69959405  12.85805467 -7.69959405
P -2.57560204 -2.57560204 -18.01634522
Ga -5.13678546 -0.00062260 -15.43186147
P -2.56783526  2.56783526 -12.85939638
Ga -5.13495243  5.13495243 -10.28322743
P -2.56934704  7.71227412 -7.71227412
Ga -5.13495243  10.28322743 -5.13495243
P -2.56783526  12.85939638 -2.56783526
Ga -5.13678546  15.43186147  0.00062260
P -2.57560204  18.01634522  2.57560204
Ga -0.00062260 -5.13678546 -15.43186147
P  2.56783526 -2.56783526 -12.85939638
Ga  0.00000000 -0.00000000 -10.28534392
P  2.57034860  2.57034860 -7.71329457
Ga  0.00070975  5.14154757 -5.14154757
P  2.57034860  7.71329457 -2.57034860
Ga  0.00000000  10.28534392 -0.00000000
P  2.56783526  12.85939638  2.56783526
Ga -0.00062260  15.43186147  5.13678546
P  7.69959405 -7.69959405 -12.85805467
Ga  5.13495243 -5.13495243 -10.28322743
P  7.71227412 -2.56934704 -7.71227412
Ga  5.14154757  0.00070975 -5.14154757
P  7.71329457  2.57034860 -2.57034860
Ga  5.14154757  5.14154757 -0.00070975
P  7.71227412  7.71227412  2.56934704
Ga  5.13495243  10.28322743  5.13495243
P  7.69959405  12.85805467  7.69959405
Ga  10.26697578 -10.26697578 -10.26697578
P  12.85805467 -7.69959405 -7.69959405
Ga  10.28322743 -5.13495243 -5.13495243
P  12.85939638 -2.56783526 -2.56783526
Ga  10.28534392  0.00000000 -0.00000000
P  12.85939638  2.56783526  2.56783526
Ga  10.28322743  5.13495243  5.13495243
P  12.85805467  7.69959405  7.69959405
Ga  10.26697578  10.26697578  10.26697578
Ga  15.43186147 -5.13678546  0.00062260
P  18.01634522 -2.57560204  2.57560204
Ga  15.43186147 -0.00062260  5.13678546
P  2.57560204  2.57560204 -18.01634522
Ga  0.00062260  5.13678546 -15.43186147
P  2.57412805  7.71013873 -12.85729878
Ga -0.00115817  10.28483369 -10.28483369
P  2.57412805  12.85729878 -7.71013873
Ga  0.00062260  15.43186147 -5.13678546
P  2.57560204  18.01634522 -2.57560204
Ga  5.13678546  0.00062260 -15.43186147
P  7.71013873  2.57412805 -12.85729878
Ga  5.14101845  5.14101845 -10.28354868
P  7.70836238  7.70836238 -7.70836238
Ga  5.14101845  10.28354868 -5.14101845
P  7.71013873  12.85729878 -2.57412805
Ga  5.13678546  15.43186147 -0.00062260
Ga  10.28483369 -0.00115817 -10.28483369
P  12.85729878  2.57412805 -7.71013873
Ga  10.28354868  5.14101845 -5.14101845
P  12.85729878  7.71013873 -2.57412805
Ga  10.28483369  10.28483369  0.00115817
Ga  15.43186147  0.00062260 -5.13678546
P  18.01634522  2.57560204 -2.57560204
Ga  15.43186147  5.13678546 -0.00062260
P2 -13.50341027 -8.34731653  7.05851869
P2 -13.50341027 -7.05851869  8.34731653
P2 -8.34731653 -13.50341027  7.05851869
P2 -7.05851869 -13.50341027  8.34731653
P1 -11.68180040 -11.68180040  11.68180040
P2 -8.34731653 -7.05851869  13.50341027
P2 -7.05851869 -8.34731653  13.50341027
P2 -18.65864419 -3.22168045 -3.22168045
P2 -18.66171499 -1.93170153 -1.93170153
P2 -18.66171499  1.93170153  1.93170153
P2 -18.65864419  3.22168045  3.22168045
P2 -13.63063702 -8.48429899 -3.34329944
P1 -16.85344186 -6.55340816  1.40594903
P1 -16.85344186 -1.40594903  6.55340816
P2 -13.63063702  3.34329944  8.48429899
P2 -8.48429899 -13.63063702 -3.34329944
P1 -11.70575929 -11.70575929  1.40794563
P1 -11.70575929 -1.40794563  11.70575929
P2 -8.48429899  3.34329944  13.63063702
P2 -3.22168045 -18.65864419 -3.22168045
P2 -1.93170153 -18.66171499 -1.93170153
P1 -6.55340816 -16.85344186  1.40594903
P1 -6.55340816 -1.40594903  16.85344186
P2 -3.22168045  3.22168045  18.65864419
P2 -1.93170153  1.93170153  18.66171499
P2  1.93170153 -18.66171499  1.93170153
P2  3.22168045 -18.65864419  3.22168045
P1 -1.40594903 -16.85344186  6.55340816
P2  3.34329944 -13.63063702  8.48429899
P1 -1.40794563 -11.70575929  11.70575929
P2  3.34329944 -8.48429899  13.63063702
P1 -1.40594903 -6.55340816  16.85344186
P2  1.93170153 -1.93170153  18.66171499
P2  3.22168045 -3.22168045  18.65864419
P2 -13.63063702 -3.34329944 -8.48429899
P1 -16.85344186  1.40594903 -6.55340816
P1 -16.85344186  6.55340816 -1.40594903
P2 -13.63063702  8.48429899  3.34329944
P2 -8.47863926 -8.47863926 -8.47863926
P2 -8.47863926  8.47863926  8.47863926
P2 -3.34329944 -13.63063702 -8.48429899
P2 -3.34329944  8.48429899  13.63063702
P1  1.40594903 -16.85344186 -6.55340816
P1  1.40594903  6.55340816  16.85344186
P1  6.55340816 -16.85344186 -1.40594903
P2  8.48429899 -13.63063702  3.34329944
P2  8.47863926 -8.47863926  8.47863926
P2  8.48429899 -3.34329944  13.63063702
P1  6.55340816  1.40594903  16.85344186
P2 -13.50341027  7.05851869 -8.34731653
P2 -13.50341027  8.34731653 -7.05851869
P2 -8.48429899 -3.34329944 -13.63063702
P1 -11.70575929  1.40794563 -11.70575929
P1 -11.70575929  11.70575929 -1.40794563
P2 -8.48429899  13.63063702  3.34329944
P2 -3.34329944 -8.48429899 -13.63063702
P2 -3.34329944  13.63063702  8.48429899
P1  1.40794563 -11.70575929 -11.70575929
P1  1.40794563  11.70575929  11.70575929
P2  7.05851869 -13.50341027 -8.34731653
P2  8.34731653 -13.50341027 -7.05851869
P2  7.05851869  8.34731653  13.50341027
P2  8.34731653  7.05851869  13.50341027
P1  11.70575929 -11.70575929 -1.40794563
P2  13.63063702 -8.48429899  3.34329944
P2  13.63063702 -3.34329944  8.48429899
P1  11.70575929  1.40794563  11.70575929
P2 -8.34731653  7.05851869 -13.50341027
P2 -7.05851869  8.34731653 -13.50341027
P1 -11.68180040  11.68180040 -11.68180040
P2 -8.34731653  13.50341027 -7.05851869
P2 -7.05851869  13.50341027 -8.34731653
P2 -3.22168045 -3.22168045 -18.65864419
P2 -1.93170153 -1.93170153 -18.66171499
P1 -6.55340816  1.40594903 -16.85344186
P1 -6.55340816  16.85344186 -1.40594903
P2 -3.22168045  18.65864419  3.22168045
P2 -1.93170153  18.66171499  1.93170153
P1  1.40594903 -6.55340816 -16.85344186
P1  1.40594903  16.85344186  6.55340816
P2  7.05851869 -8.34731653 -13.50341027
P2  8.34731653 -7.05851869 -13.50341027
P2  7.05851869  13.50341027  8.34731653
P2  8.34731653  13.50341027  7.05851869
P1  11.68180040 -11.68180040 -11.68180040
P2  13.50341027 -8.34731653 -7.05851869
P2  13.50341027 -7.05851869 -8.34731653
P2  13.50341027  7.05851869  8.34731653
P2  13.50341027  8.34731653  7.05851869
P1  11.68180040  11.68180040  11.68180040
P1  16.85344186 -6.55340816 -1.40594903
P2  18.65864419 -3.22168045  3.22168045
P2  18.66171499 -1.93170153  1.93170153
P1  16.85344186  1.40594903  6.55340816
P2  1.93170153  1.93170153 -18.66171499
P2  3.22168045  3.22168045 -18.65864419
P1 -1.40594903  6.55340816 -16.85344186
P2  3.34329944  8.48429899 -13.63063702
P1 -1.40794563  11.70575929 -11.70575929
P2  3.34329944  13.63063702 -8.48429899
P1 -1.40594903  16.85344186 -6.55340816
P2  1.93170153  18.66171499 -1.93170153
P2  3.22168045  18.65864419 -3.22168045
P1  6.55340816 -1.40594903 -16.85344186
P2  8.48429899  3.34329944 -13.63063702
P2  8.47863926  8.47863926 -8.47863926
P2  8.48429899  13.63063702 -3.34329944
P1  6.55340816  16.85344186  1.40594903
P1  11.70575929 -1.40794563 -11.70575929
P2  13.63063702  3.34329944 -8.48429899
P2  13.63063702  8.48429899 -3.34329944
P1  11.70575929  11.70575929  1.40794563
P1  16.85344186 -1.40594903 -6.55340816
P2  18.66171499  1.93170153 -1.93170153
P2  18.65864419  3.22168045 -3.22168045
P1  16.85344186  6.55340816  1.40594903
