0 -0.238080330689196 1.09694e-05
1 -0.238080330677801 6.0724e-06
2 -0.238080330660493 1.34121e-05
3 -0.237609247460214 4.19394e-06
4 -0.237609247456017 4.93362e-06
5 -0.237539181824922 6.50148e-06
6 -0.237539181818735 2.00196e-06
7 -0.237539181816763 5.4981e-06
8 -0.237473619968554 4.18373e-06
9 -0.237473619968216 3.97308e-06
10 -0.237473619965102 2.76119e-06
11 -0.237152300058386 7.08353e-06
12 -0.237152300053955 3.67865e-06
13 -0.237152300051302 2.41525e-06
14 -0.237059417641253 7.13746e-06
15 -0.237059417634713 2.38882e-06
16 -0.237059417633021 3.06971e-06
17 -0.236485113284678 3.63325e-06
18 -0.236485113282665 2.25391e-06
19 -0.236317109014509 4.71319e-06
20 -0.236317109012761 1.3748e-06
21 -0.236317109011699 1.45443e-06
22 -0.235926919193686 1.21939e-06
23 -0.235031043792004 1.0292e-06
24 -0.235031043791953 5.00785e-07
25 -0.23503104379066 5.99662e-07
26 -0.235019149847299 2.02134e-06
27 -0.235019149847057 5.15828e-07
28 -0.234928374160496 5.29751e-07
29 -0.234928374159751 4.1808e-07
30 -0.23492837415973 4.52895e-07
31 -0.234681630001002 6.94824e-07
32 -0.234405657964105 9.52014e-07
33 -0.234405657963725 1.21255e-06
34 -0.234405657963586 5.92468e-07
35 -0.234228207883891 7.24696e-07
36 -0.234228207883857 4.59466e-07
37 -0.234227573947699 9.81694e-07
38 -0.234227573946423 6.07308e-07
39 -0.234227573946394 3.69283e-07
40 -0.233501751587417 6.95652e-07
41 -0.233486240649926 6.72567e-07
42 -0.233486240649899 3.11491e-07
43 -0.233486240649319 2.3373e-07
44 -0.232805294060595 2.92797e-07
45 -0.23280529406058 2.07064e-07
46 -0.23276291076227 1.84674e-07
47 -0.232762910762259 1.84581e-07
48 -0.232762910761411 2.60557e-07
49 -0.232692865881359 5.1048e-07
50 -0.231800667951253 6.03043e-07
51 -0.231800667951243 2.14439e-07
52 -0.231800667951181 2.24153e-07
53 -0.231227785842744 4.2123e-07
54 -0.231227785842428 2.70872e-07
55 -0.231227785842423 5.30347e-07
56 -0.230775422896404 2.00803e-07
57 -0.230775422896397 9.00257e-08
58 -0.23077542289605 2.79161e-07
59 -0.230429720910727 4.96925e-07
60 -0.230429720910714 1.05835e-06
61 -0.230429720910272 2.15389e-06
62 -0.229858676896347 1.56949e-07
63 -0.229858676895484 4.97016e-08
64 -0.229858676895469 1.77568e-07
65 -0.229706525550343 6.22246e-08
66 -0.229706525550339 2.02043e-07
67 -0.228517494385178 4.82853e-08
68 -0.228517494385158 4.66778e-08
69 -0.22851749438494 4.76342e-08
70 -0.227992238856983 7.54314e-08
71 -0.227992238856979 5.6803e-08
72 -0.227982337857424 5.62506e-08
73 -0.22798233785741 4.13155e-08
74 -0.227982337857407 4.58529e-08
75 -0.226971247956173 3.13899e-08
76 -0.226971247956157 5.26836e-09
77 -0.226971247955923 3.95127e-08
78 -0.226774311175236 3.19377e-08
79 -0.225647554231284 5.83695e-08
80 -0.225647554230908 2.29642e-08
81 -0.2256475542309 5.91958e-08
82 -0.225520534224808 4.71216e-08
83 -0.225520534224791 4.28813e-08
84 -0.224014723945452 1.98876e-08
85 -0.224014723945438 7.01404e-08
86 -0.224014723945422 6.2336e-08
87 -0.223911858050318 6.55376e-08
88 -0.223911858050293 4.77797e-08
89 -0.223911858050027 6.45239e-09
90 -0.145261299144232 5.28479e-08
91 -0.133960247029936 4.04241e-08
92 -0.133960247029918 3.12791e-08
93 -0.133960247025698 3.59737e-08
94 -0.130299598923371 4.9281e-09
95 -0.130299598923159 4.5815e-08
96 -0.130299598923154 1.74732e-08
97 -0.12997802558354 8.93293e-09
98 -0.127714892629854 1.71727e-08
99 -0.127431573906138 1.6867e-08
100 -0.127431573906132 2.52661e-08
101 -0.127431573888705 1.11759e-08
102 -0.124469648073755 4.76342e-08
103 -0.124209575825543 2.54713e-08
104 -0.124209575813126 1.94019e-08
105 -0.124209575813119 3.06347e-08
106 -0.124028968460945 2.09496e-08
107 -0.12402896846093 8.93293e-09
108 -0.124028968453598 2.73117e-08
109 -0.123089379022104 3.35017e-08
110 -0.12308937902209 1.63976e-08
111 -0.12088230516325 6.39161e-08
112 -0.12088230516246 3.69725e-08
113 -0.120882305162456 4.53966e-08
114 -0.120769337227505 7.61068e-08
115 -0.12000690081944 9.00161e-08
116 -0.11941085542634 9.50314e-08
117 -0.119410855426336 1.02674e-07
118 -0.11939115386928 6.68479e-08
119 -0.118917002517483 9.11174e-08
120 -0.118917002505931 9.93508e-08
121 -0.118917002505909 1.03062e-07
122 -0.118226643347208 1.14746e-07
123 -0.11822664334719 1.22184e-07
124 -0.118226643341418 1.30551e-07
125 -0.117620526970156 1.92218e-07
126 -0.117579130298488 1.3837e-07
127 -0.117579130262769 1.23202e-07
128 -0.11757913026273 1.91141e-07
129 -0.117183909267707 1.28779e-07
130 -0.117183909267693 1.22942e-07
131 -0.117022408915259 2.10112e-07
132 -0.116492699832569 1.63484e-07
133 -0.116492699832551 1.98601e-07
134 -0.116492699776747 2.33849e-07
135 -0.116121903169437 2.71707e-07
136 -0.116121903169402 2.5541e-07
137 -0.11572980754553 2.93486e-07
138 -0.11572980754545 4.72286e-07
139 -0.115729807537839 6.91771e-07
140 -0.115454219843882 3.17435e-07
141 -0.115454219843802 4.96591e-07
142 -0.115454219835266 2.26003e-07
143 -0.115412622188834 3.82217e-07
144 -0.115412622188805 4.06356e-07
145 -0.115412622186292 3.67619e-07
146 -0.115360906136653 3.25385e-07
147 -0.115360906136577 4.89032e-07
148 -0.115360906133294 4.48901e-07
149 -0.11407457458496 7.98673e-07
