1963
P -30.49564211 -19.38821070  13.83714061
P -30.49564211 -13.83714061  19.38821070
P -24.92227326 -24.92227326  13.81573001
In -27.67900553 -22.13643920  16.58967769
P -24.91433641 -19.37025830  19.37025830
In -27.67900553 -16.58967769  22.13643920
P -24.92227326 -13.81573001  24.92227326
P -19.38821070 -30.49564211  13.83714061
In -22.13643920 -27.67900553  16.58967769
P -19.37025830 -24.91433641  19.37025830
In -22.14002968 -22.14002968  22.14002968
P -19.37025830 -19.37025830  24.91433641
In -22.13643920 -16.58967769  27.67900553
P -19.38821070 -13.83714061  30.49564211
P -13.83714061 -30.49564211  19.38821070
In -16.58967769 -27.67900553  22.13643920
P -13.81573001 -24.92227326  24.92227326
In -16.58967769 -22.13643920  27.67900553
P -13.83714061 -19.38821070  30.49564211
P -36.02819289 -13.86701717  2.77154772
P -36.03102748 -8.31759114  8.31759114
P -36.02819289 -2.77154772  13.86701717
P -30.47920150 -19.39614755  2.74930565
In -33.23857939 -16.62682970  5.53317439
P -30.47901252 -13.84987736  8.30576146
In -33.24557137 -11.08273270  11.08273270
P -30.47901252 -8.30576146  13.84987736
In -33.23857939 -5.53317439  16.62682970
P -30.47920150 -2.74930565  19.39614755
P -24.93909182 -24.93909182  2.75531498
In -27.70716244 -22.16138359  5.53033980
P -24.93871387 -19.38726583  8.30045133
In -27.71131984 -16.61955425  11.07443680
P -24.94098154 -13.84477510  13.84477510
In -27.71131984 -11.07443680  16.61955425
P -24.93871387 -8.30045133  19.38726583
In -27.70716244 -5.53033980  22.16138359
P -24.93909182 -2.75531498  24.93909182
P -19.39614755 -30.47920150  2.74930565
In -22.16138359 -27.70716244  5.53033980
P -19.38726583 -24.93871387  8.30045133
In -22.15269085 -22.15269085  11.05725919
P -19.38480919 -19.38480919  13.83674376
In -22.14966728 -16.60390732  16.60390732
P -19.38480919 -13.83674376  19.38480919
In -22.15269085 -11.05725919  22.15269085
P -19.38726583 -8.30045133  24.93871387
In -22.16138359 -5.53033980  27.70716244
P -19.39614755 -2.74930565  30.47920150
P -13.86701717 -36.02819289  2.77154772
In -16.62682970 -33.23857939  5.53317439
P -13.84987736 -30.47901252  8.30576146
In -16.61955425 -27.71131984  11.07443680
P -13.84477510 -24.94098154  13.84477510
In -16.60390732 -22.14966728  16.60390732
P -13.83674376 -19.38480919  19.38480919
In -16.60390732 -16.60390732  22.14966728
P -13.84477510 -13.84477510  24.94098154
In -16.61955425 -11.07443680  27.71131984
P -13.84987736 -8.30576146  30.47901252
In -16.62682970 -5.53317439  33.23857939
P -13.86701717 -2.77154772  36.02819289
P -8.31759114 -36.03102748  8.31759114
In -11.08273270 -33.24557137  11.08273270
P -8.30576146 -30.47901252  13.84987736
In -11.07443680 -27.71131984  16.61955425
P -8.30045133 -24.93871387  19.38726583
In -11.05725919 -22.15269085  22.15269085
P -8.30045133 -19.38726583  24.93871387
In -11.07443680 -16.61955425  27.71131984
P -8.30576146 -13.84987736  30.47901252
In -11.08273270 -11.08273270  33.24557137
P -8.31759114 -8.31759114  36.03102748
P -2.77154772 -36.02819289  13.86701717
In -5.53317439 -33.23857939  16.62682970
P -2.74930565 -30.47920150  19.39614755
In -5.53033980 -27.70716244  22.16138359
P -2.75531498 -24.93909182  24.93909182
In -5.53033980 -22.16138359  27.70716244
P -2.74930565 -19.39614755  30.47920150
In -5.53317439 -16.62682970  33.23857939
P -2.77154772 -13.86701717  36.02819289
P -36.02743700 -8.30957871 -2.76631318
In -38.80892468 -5.54645916  0.00684534
P -36.03499590 -2.77292722  2.77292722
In -38.80892468 -0.00684534  5.54645916
P -36.02743700  2.76631318  8.30957871
P -30.47164259 -19.37800618 -8.30787795
In -33.27807466 -16.61749445 -5.55490624
P -30.49658698 -13.85320328 -2.77908773
In -33.26220096 -11.08636097  0.00126243
P -30.49091780 -8.31173299  2.76965800
In -33.26409069 -5.54296317  5.54296317
P -30.49091780 -2.76965800  8.31173299
In -33.26220096 -0.00126243  11.08636097
P -30.49658698  2.77908773  13.85320328
In -33.27807466  5.55490624  16.61749445
P -30.47164259  8.30787795  19.37800618
P -24.92888730 -24.92888730 -8.30859605
In -27.70791833 -22.16119461 -5.53580111
P -24.93701312 -19.39047837 -2.77082963
In -27.71358751 -16.61777791 -0.01200492
P -24.94362716 -13.85006633  2.76491479
In -27.71283162 -11.07855640  5.53597118
P -24.94173743 -8.30685750  8.30685750
In -27.71283162 -5.53597118  11.07855640
P -24.94362716 -2.76491479  13.85006633
In -27.71358751  0.01200492  16.61777791
P -24.93701312  2.77082963  19.39047837
In -27.70791833  5.53580111  22.16119461
P -24.92888730  8.30859605  24.92888730
P -19.37800618 -30.47164259 -8.30787795
In -22.16119461 -27.70791833 -5.53580111
P -19.39047837 -24.93701312 -2.77082963
In -22.16497407 -22.16497407 -0.00551571
P -19.39520268 -19.39520268  2.76771158
In -22.16667482 -16.61830704  5.53330667
P -19.39558063 -13.84866793  8.30600712
In -22.16705276 -11.07630763  11.07630763
P -19.39558063 -8.30600712  13.84866793
In -22.16667482 -5.53330667  16.61830704
P -19.39520268 -2.76771158  19.39520268
In -22.16497407  0.00551571  22.16497407
P -19.39047837  2.77082963  24.93701312
In -22.16119461  5.53580111  27.70791833
P -19.37800618  8.30787795  30.47164259
In -16.61749445 -33.27807466 -5.55490624
P -13.85320328 -30.49658698 -2.77908773
In -16.61777791 -27.71358751 -0.01200492
P -13.85006633 -24.94362716  2.76491479
In -16.61830704 -22.16667482  5.53330667
P -13.84866793 -19.39558063  8.30600712
In -16.61537796 -16.61537796  11.07167780
P -13.84804433 -13.84804433  13.84804433
In -16.61537796 -11.07167780  16.61537796
P -13.84866793 -8.30600712  19.39558063
In -16.61830704 -5.53330667  22.16667482
P -13.85006633 -2.76491479  24.94362716
In -16.61777791  0.01200492  27.71358751
P -13.85320328  2.77908773  30.49658698
In -16.61749445  5.55490624  33.27807466
P -8.30957871 -36.02743700 -2.76631318
In -11.08636097 -33.26220096  0.00126243
P -8.31173299 -30.49091780  2.76965800
In -11.07855640 -27.71283162  5.53597118
P -8.30685750 -24.94173743  8.30685750
In -11.07630763 -22.16705276  11.07630763
P -8.30600712 -19.39558063  13.84866793
In -11.07167780 -16.61537796  16.61537796
P -8.30600712 -13.84866793  19.39558063
In -11.07630763 -11.07630763  22.16705276
P -8.30685750 -8.30685750  24.94173743
In -11.07855640 -5.53597118  27.71283162
P -8.31173299 -2.76965800  30.49091780
In -11.08636097 -0.00126243  33.26220096
P -8.30957871  2.76631318  36.02743700
In -5.54645916 -38.80892468  0.00684534
P -2.77292722 -36.03499590  2.77292722
In -5.54296317 -33.26409069  5.54296317
P -2.76965800 -30.49091780  8.31173299
In -5.53597118 -27.71283162  11.07855640
P -2.76491479 -24.94362716  13.85006633
In -5.53330667 -22.16667482  16.61830704
P -2.76771158 -19.39520268  19.39520268
In -5.53330667 -16.61830704  22.16667482
P -2.76491479 -13.85006633  24.94362716
In -5.53597118 -11.07855640  27.71283162
P -2.76965800 -8.31173299  30.49091780
In -5.54296317 -5.54296317  33.26409069
P -2.77292722 -2.77292722  36.03499590
In -5.54645916 -0.00684534  38.80892468
In -0.00684534 -38.80892468  5.54645916
P  2.76631318 -36.02743700  8.30957871
In -0.00126243 -33.26220096  11.08636097
P  2.77908773 -30.49658698  13.85320328
In  0.01200492 -27.71358751  16.61777791
P  2.77082963 -24.93701312  19.39047837
In  0.00551571 -22.16497407  22.16497407
P  2.77082963 -19.39047837  24.93701312
In  0.01200492 -16.61777791  27.71358751
P  2.77908773 -13.85320328  30.49658698
In -0.00126243 -11.08636097  33.26220096
P  2.76631318 -8.30957871  36.02743700
In -0.00684534 -5.54645916  38.80892468
In  5.55490624 -33.27807466  16.61749445
P  8.30787795 -30.47164259  19.37800618
In  5.53580111 -27.70791833  22.16119461
P  8.30859605 -24.92888730  24.92888730
In  5.53580111 -22.16119461  27.70791833
P  8.30787795 -19.37800618  30.47164259
In  5.55490624 -16.61749445  33.27807466
P -36.02743700 -2.76631318 -8.30957871
In -38.80892468  0.00684534 -5.54645916
P -36.03499590  2.77292722 -2.77292722
In -38.80892468  5.54645916 -0.00684534
P -36.02743700  8.30957871  2.76631318
P -30.47164259 -13.84052322 -13.84052322
In -33.24821699 -11.06487479 -11.06487479
P -30.47844561 -8.30082927 -8.30082927
In -33.25861048 -5.53616015 -5.53616015
P -30.48827218 -2.76754150 -2.76754150
In -33.26598041  0.00000000 -0.00000000
P -30.48827218  2.76754150  2.76754150
In -33.25861048  5.53616015  5.53616015
P -30.47844561  8.30082927  8.30082927
In -33.24821699  11.06487479  11.06487479
P -30.47164259  13.84052322  13.84052322
P -24.93380058 -19.39123426 -13.85146473
In -27.69960354 -16.61496222 -11.07855640
P -24.93342264 -13.84643806 -8.30774567
In -27.71245368 -11.08129651 -5.53812547
P -24.94249332 -8.30899289 -2.76876983
In -27.71755594 -5.54063880  0.00061950
P -24.94494997 -2.76962020  2.76962020
In -27.71755594 -0.00061950  5.54063880
P -24.94249332  2.76876983  8.30899289
In -27.71245368  5.53812547  11.08129651
P -24.93342264  8.30774567  13.84643806
In -27.69960354  11.07855640  16.61496222
P -24.93380058  13.85146473  19.39123426
P -19.39123426 -24.93380058 -13.85146473
In -22.16081667 -22.16081667 -11.08150438
P -19.39199015 -19.39199015 -8.31103380
In -22.16554098 -16.62265341 -5.54164036
P -19.39690344 -13.85087891 -2.77175559
In -22.16988735 -11.07993590 -0.00085695
P -19.39898214 -8.30878502  2.76967690
In -22.17102119 -5.53806878  5.53806878
P -19.39898214 -2.76967690  8.30878502
In -22.16988735  0.00085695  11.07993590
P -19.39690344  2.77175559  13.85087891
In -22.16554098  5.54164036  16.62265341
P -19.39199015  8.31103380  19.39199015
In -22.16081667  11.08150438  22.16081667
P -19.39123426  13.85146473  24.93380058
P -13.84052322 -30.47164259 -13.84052322
In -16.61496222 -27.69960354 -11.07855640
P -13.84643806 -24.93342264 -8.30774567
In -16.62265341 -22.16554098 -5.54164036
P -13.85087891 -19.39690344 -2.77175559
In -16.62433526 -16.62433526 -0.00256570
P -13.85263636 -13.85263636  2.76852416
In -16.62429747 -11.07908553  5.53746406
P -13.85280643 -8.30946532  8.30946532
In -16.62429747 -5.53746406  11.07908553
P -13.85263636 -2.76852416  13.85263636
In -16.62433526  0.00256570  16.62433526
P -13.85087891  2.77175559  19.39690344
In -16.62265341  5.54164036  22.16554098
P -13.84643806  8.30774567  24.93342264
In -16.61496222  11.07855640  27.69960354
P -13.84052322  13.84052322  30.47164259
In -11.06487479 -33.24821699 -11.06487479
P -8.30082927 -30.47844561 -8.30082927
In -11.08129651 -27.71245368 -5.53812547
P -8.30899289 -24.94249332 -2.76876983
In -11.07993590 -22.16988735 -0.00085695
P -8.30878502 -19.39898214  2.76967690
In -11.07908553 -16.62429747  5.53746406
P -8.30946532 -13.85280643  8.30946532
In -11.07925560 -11.07925560  11.07925560
P -8.30946532 -8.30946532  13.85280643
In -11.07908553 -5.53746406  16.62429747
P -8.30878502 -2.76967690  19.39898214
In -11.07993590  0.00085695  22.16988735
P -8.30899289  2.76876983  24.94249332
In -11.08129651  5.53812547  27.71245368
P -8.30082927  8.30082927  30.47844561
In -11.06487479  11.06487479  33.24821699
P -2.76631318 -36.02743700 -8.30957871
In -5.53616015 -33.25861048 -5.53616015
P -2.76754150 -30.48827218 -2.76754150
In -5.54063880 -27.71755594  0.00061950
P -2.76962020 -24.94494997  2.76962020
In -5.53806878 -22.17102119  5.53806878
P -2.76967690 -19.39898214  8.30878502
In -5.53746406 -16.62429747  11.07908553
P -2.76852416 -13.85263636  13.85263636
In -5.53746406 -11.07908553  16.62429747
P -2.76967690 -8.30878502  19.39898214
In -5.53806878 -5.53806878  22.17102119
P -2.76962020 -2.76962020  24.94494997
In -5.54063880 -0.00061950  27.71755594
P -2.76754150  2.76754150  30.48827218
In -5.53616015  5.53616015  33.25861048
P -2.76631318  8.30957871  36.02743700
In  0.00684534 -38.80892468 -5.54645916
P  2.77292722 -36.03499590 -2.77292722
In -0.00000000 -33.26598041 -0.00000000
P  2.76754150 -30.48827218  2.76754150
In -0.00061950 -27.71755594  5.54063880
P  2.76876983 -24.94249332  8.30899289
In  0.00085695 -22.16988735  11.07993590
P  2.77175559 -19.39690344  13.85087891
In  0.00256570 -16.62433526  16.62433526
P  2.77175559 -13.85087891  19.39690344
In  0.00085695 -11.07993590  22.16988735
P  2.76876983 -8.30899289  24.94249332
In -0.00061950 -5.54063880  27.71755594
P  2.76754150 -2.76754150  30.48827218
In -0.00000000 -0.00000000  33.26598041
P  2.77292722  2.77292722  36.03499590
In  0.00684534  5.54645916  38.80892468
In  5.54645916 -38.80892468 -0.00684534
P  8.30957871 -36.02743700  2.76631318
In  5.53616015 -33.25861048  5.53616015
P  8.30082927 -30.47844561  8.30082927
In  5.53812547 -27.71245368  11.08129651
P  8.30774567 -24.93342264  13.84643806
In  5.54164036 -22.16554098  16.62265341
P  8.31103380 -19.39199015  19.39199015
In  5.54164036 -16.62265341  22.16554098
P  8.30774567 -13.84643806  24.93342264
In  5.53812547 -11.08129651  27.71245368
P  8.30082927 -8.30082927  30.47844561
In  5.53616015 -5.53616015  33.25861048
P  8.30957871 -2.76631318  36.02743700
In  5.54645916  0.00684534  38.80892468
In  11.06487479 -33.24821699  11.06487479
P  13.84052322 -30.47164259  13.84052322
In  11.07855640 -27.69960354  16.61496222
P  13.85146473 -24.93380058  19.39123426
In  11.08150438 -22.16081667  22.16081667
P  13.85146473 -19.39123426  24.93380058
In  11.07855640 -16.61496222  27.69960354
P  13.84052322 -13.84052322  30.47164259
In  11.06487479 -11.06487479  33.24821699
P -36.02819289  2.77154772 -13.86701717
P -36.03102748  8.31759114 -8.31759114
P -36.02819289  13.86701717 -2.77154772
P -30.47164259 -8.30787795 -19.37800618
In -33.27807466 -5.55490624 -16.61749445
P -30.49658698 -2.77908773 -13.85320328
In -33.26220096  0.00126243 -11.08636097
P -30.49091780  2.76965800 -8.31173299
In -33.26409069  5.54296317 -5.54296317
P -30.49091780  8.31173299 -2.76965800
In -33.26220096  11.08636097 -0.00126243
P -30.49658698  13.85320328  2.77908773
In -33.27807466  16.61749445  5.55490624
P -30.47164259  19.37800618  8.30787795
P -24.93380058 -13.85146473 -19.39123426
In -27.69960354 -11.07855640 -16.61496222
P -24.93342264 -8.30774567 -13.84643806
In -27.71245368 -5.53812547 -11.08129651
P -24.94249332 -2.76876983 -8.30899289
In -27.71755594  0.00061950 -5.54063880
P -24.94494997  2.76962020 -2.76962020
In -27.71755594  5.54063880 -0.00061950
P -24.94249332  8.30899289  2.76876983
In -27.71245368  11.08129651  5.53812547
P -24.93342264  13.84643806  8.30774567
In -27.69960354  16.61496222  11.07855640
P -24.93380058  19.39123426  13.85146473
P -19.39520268 -19.39520268 -19.39520268
In -22.16270639 -16.62354158 -16.62354158
P -19.39274604 -13.85274974 -13.85274974
In -22.16195050 -11.08055951 -11.08055951
P -19.39482474 -8.31001334 -8.31001334
In -22.16988735 -5.54037424 -5.54037424
P -19.39936008 -2.76960131 -2.76960131
In -22.17215502 -0.00000000 -0.00000000
P -19.39936008  2.76960131  2.76960131
In -22.16988735  5.54037424  5.54037424
P -19.39482474  8.31001334  8.31001334
In -22.16195050  11.08055951  11.08055951
P -19.39274604  13.85274974  13.85274974
In -22.16270639  16.62354158  16.62354158
P -19.39520268  19.39520268  19.39520268
P -13.85146473 -24.93380058 -19.39123426
In -16.62354158 -22.16270639 -16.62354158
P -13.85274974 -19.39274604 -13.85274974
In -16.62229436 -16.62229436 -11.08156107
P -13.85225841 -13.85225841 -8.31241330
In -16.62408960 -11.08159886 -5.54198051
P -13.85601897 -8.30997555 -2.77022492
In -16.62730213 -5.53897585 -0.00039089
P -13.85492293 -2.76848637  2.76848637
In -16.62730213  0.00039089  5.53897585
P -13.85601897  2.77022492  8.30997555
In -16.62408960  5.54198051  11.08159886
P -13.85225841  8.31241330  13.85225841
In -16.62229436  11.08156107  16.62229436
P -13.85274974  13.85274974  19.39274604
In -16.62354158  16.62354158  22.16270639
P -13.85146473  19.39123426  24.93380058
P -8.30787795 -30.47164259 -19.37800618
In -11.07855640 -27.69960354 -16.61496222
P -8.30774567 -24.93342264 -13.84643806
In -11.08055951 -22.16195050 -11.08055951
P -8.31001334 -19.39482474 -8.31001334
In -11.08159886 -16.62408960 -5.54198051
P -8.30997555 -13.85601897 -2.77022492
In -11.08163666 -11.08163666 -0.00333983
P -8.30801023 -8.30801023  2.76608642
In -11.08154217 -5.53782311  5.53782311
P -8.30801023 -2.76608642  8.30801023
In -11.08163666  0.00333983  11.08163666
P -8.30997555  2.77022492  13.85601897
In -11.08159886  5.54198051  16.62408960
P -8.31001334  8.31001334  19.39482474
In -11.08055951  11.08055951  22.16195050
P -8.30774567  13.84643806  24.93342264
In -11.07855640  16.61496222  27.69960354
P -8.30787795  19.37800618  30.47164259
In -5.55490624 -33.27807466 -16.61749445
P -2.77908773 -30.49658698 -13.85320328
In -5.53812547 -27.71245368 -11.08129651
P -2.76876983 -24.94249332 -8.30899289
In -5.54037424 -22.16988735 -5.54037424
P -2.76960131 -19.39936008 -2.76960131
In -5.53897585 -16.62730213 -0.00039089
P -2.76848637 -13.85492293  2.76848637
In -5.53782311 -11.08154217  5.53782311
P -2.76608642 -8.30801023  8.30801023
In -5.53782311 -5.53782311  11.08154217
P -2.76848637 -2.76848637  13.85492293
In -5.53897585  0.00039089  16.62730213
P -2.76960131  2.76960131  19.39936008
In -5.54037424  5.54037424  22.16988735
P -2.76876983  8.30899289  24.94249332
In -5.53812547  11.08129651  27.71245368
P -2.77908773  13.85320328  30.49658698
In -5.55490624  16.61749445  33.27807466
P  2.77154772 -36.02819289 -13.86701717
In  0.00126243 -33.26220096 -11.08636097
P  2.76965800 -30.49091780 -8.31173299
In  0.00061950 -27.71755594 -5.54063880
P  2.76962020 -24.94494997 -2.76962020
In  0.00000000 -22.17215502 -0.00000000
P  2.76960131 -19.39936008  2.76960131
In  0.00039089 -16.62730213  5.53897585
P  2.77022492 -13.85601897  8.30997555
In  0.00333983 -11.08163666  11.08163666
P  2.77022492 -8.30997555  13.85601897
In  0.00039089 -5.53897585  16.62730213
P  2.76960131 -2.76960131  19.39936008
In  0.00000000  0.00000000  22.17215502
P  2.76962020  2.76962020  24.94494997
In  0.00061950  5.54063880  27.71755594
P  2.76965800  8.31173299  30.49091780
In  0.00126243  11.08636097  33.26220096
P  2.77154772  13.86701717  36.02819289
P  8.31759114 -36.03102748 -8.31759114
In  5.54296317 -33.26409069 -5.54296317
P  8.31173299 -30.49091780 -2.76965800
In  5.54063880 -27.71755594 -0.00061950
P  8.30899289 -24.94249332  2.76876983
In  5.54037424 -22.16988735  5.54037424
P  8.31001334 -19.39482474  8.31001334
In  5.54198051 -16.62408960  11.08159886
P  8.31241330 -13.85225841  13.85225841
In  5.54198051 -11.08159886  16.62408960
P  8.31001334 -8.31001334  19.39482474
In  5.54037424 -5.54037424  22.16988735
P  8.30899289 -2.76876983  24.94249332
In  5.54063880  0.00061950  27.71755594
P  8.31173299  2.76965800  30.49091780
In  5.54296317  5.54296317  33.26409069
P  8.31759114  8.31759114  36.03102748
P  13.86701717 -36.02819289 -2.77154772
In  11.08636097 -33.26220096 -0.00126243
P  13.85320328 -30.49658698  2.77908773
In  11.08129651 -27.71245368  5.53812547
P  13.84643806 -24.93342264  8.30774567
In  11.08055951 -22.16195050  11.08055951
P  13.85274974 -19.39274604  13.85274974
In  11.08156107 -16.62229436  16.62229436
P  13.85274974 -13.85274974  19.39274604
In  11.08055951 -11.08055951  22.16195050
P  13.84643806 -8.30774567  24.93342264
In  11.08129651 -5.53812547  27.71245368
P  13.85320328 -2.77908773  30.49658698
In  11.08636097  0.00126243  33.26220096
P  13.86701717  2.77154772  36.02819289
In  16.61749445 -33.27807466  5.55490624
P  19.37800618 -30.47164259  8.30787795
In  16.61496222 -27.69960354  11.07855640
P  19.39123426 -24.93380058  13.85146473
In  16.62354158 -22.16270639  16.62354158
P  19.39520268 -19.39520268  19.39520268
In  16.62354158 -16.62354158  22.16270639
P  19.39123426 -13.85146473  24.93380058
In  16.61496222 -11.07855640  27.69960354
P  19.37800618 -8.30787795  30.47164259
In  16.61749445 -5.55490624  33.27807466
P -30.47920150  2.74930565 -19.39614755
In -33.23857939  5.53317439 -16.62682970
P -30.47901252  8.30576146 -13.84987736
In -33.24557137  11.08273270 -11.08273270
P -30.47901252  13.84987736 -8.30576146
In -33.23857939  16.62682970 -5.53317439
P -30.47920150  19.39614755 -2.74930565
P -24.92888730 -8.30859605 -24.92888730
In -27.70791833 -5.53580111 -22.16119461
P -24.93701312 -2.77082963 -19.39047837
In -27.71358751 -0.01200492 -16.61777791
P -24.94362716  2.76491479 -13.85006633
In -27.71283162  5.53597118 -11.07855640
P -24.94173743  8.30685750 -8.30685750
In -27.71283162  11.07855640 -5.53597118
P -24.94362716  13.85006633 -2.76491479
In -27.71358751  16.61777791  0.01200492
P -24.93701312  19.39047837  2.77082963
In -27.70791833  22.16119461  5.53580111
P -24.92888730  24.92888730  8.30859605
P -19.39123426 -13.85146473 -24.93380058
In -22.16081667 -11.08150438 -22.16081667
P -19.39199015 -8.31103380 -19.39199015
In -22.16554098 -5.54164036 -16.62265341
P -19.39690344 -2.77175559 -13.85087891
In -22.16988735 -0.00085695 -11.07993590
P -19.39898214  2.76967690 -8.30878502
In -22.17102119  5.53806878 -5.53806878
P -19.39898214  8.30878502 -2.76967690
In -22.16988735  11.07993590  0.00085695
P -19.39690344  13.85087891  2.77175559
In -22.16554098  16.62265341  5.54164036
P -19.39199015  19.39199015  8.31103380
In -22.16081667  22.16081667  11.08150438
P -19.39123426  24.93380058  13.85146473
P -13.85146473 -19.39123426 -24.93380058
In -16.62354158 -16.62354158 -22.16270639
P -13.85274974 -13.85274974 -19.39274604
In -16.62229436 -11.08156107 -16.62229436
P -13.85225841 -8.31241330 -13.85225841
In -16.62408960 -5.54198051 -11.08159886
P -13.85601897 -2.77022492 -8.30997555
In -16.62730213 -0.00039089 -5.53897585
P -13.85492293  2.76848637 -2.76848637
In -16.62730213  5.53897585  0.00039089
P -13.85601897  8.30997555  2.77022492
In -16.62408960  11.08159886  5.54198051
P -13.85225841  13.85225841  8.31241330
In -16.62229436  16.62229436  11.08156107
P -13.85274974  19.39274604  13.85274974
In -16.62354158  22.16270639  16.62354158
P -13.85146473  24.93380058  19.39123426
P -8.30859605 -24.92888730 -24.92888730
In -11.08150438 -22.16081667 -22.16081667
P -8.31103380 -19.39199015 -19.39199015
In -11.08156107 -16.62229436 -16.62229436
P -8.31241330 -13.85225841 -13.85225841
In -11.08248703 -11.08248703 -11.08248703
P -8.31233771 -8.31233771 -8.31233771
In -11.08148548 -5.53965615 -5.53965615
P -8.30797244 -2.76937454 -2.76937454
In -11.07931229  0.00000000 -0.00000000
P -8.30797244  2.76937454  2.76937454
In -11.08148548  5.53965615  5.53965615
P -8.31233771  8.31233771  8.31233771
In -11.08248703  11.08248703  11.08248703
P -8.31241330  13.85225841  13.85225841
In -11.08156107  16.62229436  16.62229436
P -8.31103380  19.39199015  19.39199015
In -11.08150438  22.16081667  22.16081667
P -8.30859605  24.92888730  24.92888730
In -5.53580111 -27.70791833 -22.16119461
P -2.77082963 -24.93701312 -19.39047837
In -5.54164036 -22.16554098 -16.62265341
P -2.77175559 -19.39690344 -13.85087891
In -5.54198051 -16.62408960 -11.08159886
P -2.77022492 -13.85601897 -8.30997555
In -5.53965615 -11.08148548 -5.53965615
P -2.76937454 -8.30797244 -2.76937454
In -5.53478065 -5.53478065 -0.00137194
P -2.76504707 -2.76504707  2.76504707
In -5.53478065  0.00137194  5.53478065
P -2.76937454  2.76937454  8.30797244
In -5.53965615  5.53965615  11.08148548
P -2.77022492  8.30997555  13.85601897
In -5.54198051  11.08159886  16.62408960
P -2.77175559  13.85087891  19.39690344
In -5.54164036  16.62265341  22.16554098
P -2.77082963  19.39047837  24.93701312
In -5.53580111  22.16119461  27.70791833
P  2.74930565 -30.47920150 -19.39614755
In -0.01200492 -27.71358751 -16.61777791
P  2.76491479 -24.94362716 -13.85006633
In -0.00085695 -22.16988735 -11.07993590
P  2.76967690 -19.39898214 -8.30878502
In -0.00039089 -16.62730213 -5.53897585
P  2.76848637 -13.85492293 -2.76848637
In -0.00000000 -11.07931229  0.00000000
P  2.76937454 -8.30797244  2.76937454
In  0.00137194 -5.53478065  5.53478065
P  2.76937454 -2.76937454  8.30797244
In -0.00000000 -0.00000000  11.07931229
P  2.76848637  2.76848637  13.85492293
In -0.00039089  5.53897585  16.62730213
P  2.76967690  8.30878502  19.39898214
In -0.00085695  11.07993590  22.16988735
P  2.76491479  13.85006633  24.94362716
In -0.01200492  16.61777791  27.71358751
P  2.74930565  19.39614755  30.47920150
In  5.53317439 -33.23857939 -16.62682970
P  8.30576146 -30.47901252 -13.84987736
In  5.53597118 -27.71283162 -11.07855640
P  8.30685750 -24.94173743 -8.30685750
In  5.53806878 -22.17102119 -5.53806878
P  8.30878502 -19.39898214 -2.76967690
In  5.53897585 -16.62730213  0.00039089
P  8.30997555 -13.85601897  2.77022492
In  5.53965615 -11.08148548  5.53965615
P  8.31233771 -8.31233771  8.31233771
In  5.53965615 -5.53965615  11.08148548
P  8.30997555 -2.77022492  13.85601897
In  5.53897585 -0.00039089  16.62730213
P  8.30878502  2.76967690  19.39898214
In  5.53806878  5.53806878  22.17102119
P  8.30685750  8.30685750  24.94173743
In  5.53597118  11.07855640  27.71283162
P  8.30576146  13.84987736  30.47901252
In  5.53317439  16.62682970  33.23857939
In  11.08273270 -33.24557137 -11.08273270
P  13.84987736 -30.47901252 -8.30576146
In  11.07855640 -27.71283162 -5.53597118
P  13.85006633 -24.94362716 -2.76491479
In  11.07993590 -22.16988735  0.00085695
P  13.85087891 -19.39690344  2.77175559
In  11.08159886 -16.62408960  5.54198051
P  13.85225841 -13.85225841  8.31241330
In  11.08248703 -11.08248703  11.08248703
P  13.85225841 -8.31241330  13.85225841
In  11.08159886 -5.54198051  16.62408960
P  13.85087891 -2.77175559  19.39690344
In  11.07993590 -0.00085695  22.16988735
P  13.85006633  2.76491479  24.94362716
In  11.07855640  5.53597118  27.71283162
P  13.84987736  8.30576146  30.47901252
In  11.08273270  11.08273270  33.24557137
In  16.62682970 -33.23857939 -5.53317439
P  19.39614755 -30.47920150 -2.74930565
In  16.61777791 -27.71358751  0.01200492
P  19.39047837 -24.93701312  2.77082963
In  16.62265341 -22.16554098  5.54164036
P  19.39199015 -19.39199015  8.31103380
In  16.62229436 -16.62229436  11.08156107
P  19.39274604 -13.85274974  13.85274974
In  16.62229436 -11.08156107  16.62229436
P  19.39199015 -8.31103380  19.39199015
In  16.62265341 -5.54164036  22.16554098
P  19.39047837 -2.77082963  24.93701312
In  16.61777791 -0.01200492  27.71358751
P  19.39614755  2.74930565  30.47920150
In  16.62682970  5.53317439  33.23857939
In  22.16119461 -27.70791833  5.53580111
P  24.92888730 -24.92888730  8.30859605
In  22.16081667 -22.16081667  11.08150438
P  24.93380058 -19.39123426  13.85146473
In  22.16270639 -16.62354158  16.62354158
P  24.93380058 -13.85146473  19.39123426
In  22.16081667 -11.08150438  22.16081667
P  24.92888730 -8.30859605  24.92888730
In  22.16119461 -5.53580111  27.70791833
P -30.49564211  13.83714061 -19.38821070
P -30.49564211  19.38821070 -13.83714061
P -24.93909182  2.75531498 -24.93909182
In -27.70716244  5.53033980 -22.16138359
P -24.93871387  8.30045133 -19.38726583
In -27.71131984  11.07443680 -16.61955425
P -24.94098154  13.84477510 -13.84477510
In -27.71131984  16.61955425 -11.07443680
P -24.93871387  19.38726583 -8.30045133
In -27.70716244  22.16138359 -5.53033980
P -24.93909182  24.93909182 -2.75531498
P -19.37800618 -8.30787795 -30.47164259
In -22.16119461 -5.53580111 -27.70791833
P -19.39047837 -2.77082963 -24.93701312
In -22.16497407 -0.00551571 -22.16497407
P -19.39520268  2.76771158 -19.39520268
In -22.16667482  5.53330667 -16.61830704
P -19.39558063  8.30600712 -13.84866793
In -22.16705276  11.07630763 -11.07630763
P -19.39558063  13.84866793 -8.30600712
In -22.16667482  16.61830704 -5.53330667
P -19.39520268  19.39520268 -2.76771158
In -22.16497407  22.16497407  0.00551571
P -19.39047837  24.93701312  2.77082963
In -22.16119461  27.70791833  5.53580111
P -19.37800618  30.47164259  8.30787795
P -13.84052322 -13.84052322 -30.47164259
In -16.61496222 -11.07855640 -27.69960354
P -13.84643806 -8.30774567 -24.93342264
In -16.62265341 -5.54164036 -22.16554098
P -13.85087891 -2.77175559 -19.39690344
In -16.62433526 -0.00256570 -16.62433526
P -13.85263636  2.76852416 -13.85263636
In -16.62429747  5.53746406 -11.07908553
P -13.85280643  8.30946532 -8.30946532
In -16.62429747  11.07908553 -5.53746406
P -13.85263636  13.85263636 -2.76852416
In -16.62433526  16.62433526  0.00256570
P -13.85087891  19.39690344  2.77175559
In -16.62265341  22.16554098  5.54164036
P -13.84643806  24.93342264  8.30774567
In -16.61496222  27.69960354  11.07855640
P -13.84052322  30.47164259  13.84052322
P -8.30787795 -19.37800618 -30.47164259
In -11.07855640 -16.61496222 -27.69960354
P -8.30774567 -13.84643806 -24.93342264
In -11.08055951 -11.08055951 -22.16195050
P -8.31001334 -8.31001334 -19.39482474
In -11.08159886 -5.54198051 -16.62408960
P -8.30997555 -2.77022492 -13.85601897
In -11.08163666 -0.00333983 -11.08163666
P -8.30801023  2.76608642 -8.30801023
In -11.08154217  5.53782311 -5.53782311
P -8.30801023  8.30801023 -2.76608642
In -11.08163666  11.08163666  0.00333983
P -8.30997555  13.85601897  2.77022492
In -11.08159886  16.62408960  5.54198051
P -8.31001334  19.39482474  8.31001334
In -11.08055951  22.16195050  11.08055951
P -8.30774567  24.93342264  13.84643806
In -11.07855640  27.69960354  16.61496222
P -8.30787795  30.47164259  19.37800618
In -5.53580111 -22.16119461 -27.70791833
P -2.77082963 -19.39047837 -24.93701312
In -5.54164036 -16.62265341 -22.16554098
P -2.77175559 -13.85087891 -19.39690344
In -5.54198051 -11.08159886 -16.62408960
P -2.77022492 -8.30997555 -13.85601897
In -5.53965615 -5.53965615 -11.08148548
P -2.76937454 -2.76937454 -8.30797244
In -5.53478065 -0.00137194 -5.53478065
P -2.76504707  2.76504707 -2.76504707
In -5.53478065  5.53478065  0.00137194
P -2.76937454  8.30797244  2.76937454
In -5.53965615  11.08148548  5.53965615
P -2.77022492  13.85601897  8.30997555
In -5.54198051  16.62408960  11.08159886
P -2.77175559  19.39690344  13.85087891
In -5.54164036  22.16554098  16.62265341
P -2.77082963  24.93701312  19.39047837
In -5.53580111  27.70791833  22.16119461
P  2.75531498 -24.93909182 -24.93909182
In -0.00551571 -22.16497407 -22.16497407
P  2.76771158 -19.39520268 -19.39520268
In -0.00256570 -16.62433526 -16.62433526
P  2.76852416 -13.85263636 -13.85263636
In -0.00333983 -11.08163666 -11.08163666
P  2.76608642 -8.30801023 -8.30801023
In -0.00137194 -5.53478065 -5.53478065
P  2.76504707 -2.76504707 -2.76504707
In  0.00000000 -0.00000000  0.00000000
P  2.76504707  2.76504707  2.76504707
In -0.00137194  5.53478065  5.53478065
P  2.76608642  8.30801023  8.30801023
In -0.00333983  11.08163666  11.08163666
P  2.76852416  13.85263636  13.85263636
In -0.00256570  16.62433526  16.62433526
P  2.76771158  19.39520268  19.39520268
In -0.00551571  22.16497407  22.16497407
P  2.75531498  24.93909182  24.93909182
In  5.53033980 -27.70716244 -22.16138359
P  8.30045133 -24.93871387 -19.38726583
In  5.53330667 -22.16667482 -16.61830704
P  8.30600712 -19.39558063 -13.84866793
In  5.53746406 -16.62429747 -11.07908553
P  8.30946532 -13.85280643 -8.30946532
In  5.53782311 -11.08154217 -5.53782311
P  8.30801023 -8.30801023 -2.76608642
In  5.53478065 -5.53478065  0.00137194
P  8.30797244 -2.76937454  2.76937454
In  5.53478065 -0.00137194  5.53478065
P  8.30801023  2.76608642  8.30801023
In  5.53782311  5.53782311  11.08154217
P  8.30946532  8.30946532  13.85280643
In  5.53746406  11.07908553  16.62429747
P  8.30600712  13.84866793  19.39558063
In  5.53330667  16.61830704  22.16667482
P  8.30045133  19.38726583  24.93871387
In  5.53033980  22.16138359  27.70716244
P  13.83714061 -30.49564211 -19.38821070
In  11.07443680 -27.71131984 -16.61955425
P  13.84477510 -24.94098154 -13.84477510
In  11.07630763 -22.16705276 -11.07630763
P  13.84866793 -19.39558063 -8.30600712
In  11.07908553 -16.62429747 -5.53746406
P  13.85263636 -13.85263636 -2.76852416
In  11.08163666 -11.08163666  0.00333983
P  13.85601897 -8.30997555  2.77022492
In  11.08148548 -5.53965615  5.53965615
P  13.85601897 -2.77022492  8.30997555
In  11.08163666 -0.00333983  11.08163666
P  13.85263636  2.76852416  13.85263636
In  11.07908553  5.53746406  16.62429747
P  13.84866793  8.30600712  19.39558063
In  11.07630763  11.07630763  22.16705276
P  13.84477510  13.84477510  24.94098154
In  11.07443680  16.61955425  27.71131984
P  13.83714061  19.38821070  30.49564211
P  19.38821070 -30.49564211 -13.83714061
In  16.61955425 -27.71131984 -11.07443680
P  19.38726583 -24.93871387 -8.30045133
In  16.61830704 -22.16667482 -5.53330667
P  19.39520268 -19.39520268 -2.76771158
In  16.62433526 -16.62433526  0.00256570
P  19.39690344 -13.85087891  2.77175559
In  16.62408960 -11.08159886  5.54198051
P  19.39482474 -8.31001334  8.31001334
In  16.62408960 -5.54198051  11.08159886
P  19.39690344 -2.77175559  13.85087891
In  16.62433526 -0.00256570  16.62433526
P  19.39520268  2.76771158  19.39520268
In  16.61830704  5.53330667  22.16667482
P  19.38726583  8.30045133  24.93871387
In  16.61955425  11.07443680  27.71131984
P  19.38821070  13.83714061  30.49564211
In  22.16138359 -27.70716244 -5.53033980
P  24.93909182 -24.93909182 -2.75531498
In  22.16497407 -22.16497407  0.00551571
P  24.93701312 -19.39047837  2.77082963
In  22.16554098 -16.62265341  5.54164036
P  24.93342264 -13.84643806  8.30774567
In  22.16195050 -11.08055951  11.08055951
P  24.93342264 -8.30774567  13.84643806
In  22.16554098 -5.54164036  16.62265341
P  24.93701312 -2.77082963  19.39047837
In  22.16497407 -0.00551571  22.16497407
P  24.93909182  2.75531498  24.93909182
In  22.16138359  5.53033980  27.70716244
In  27.70791833 -22.16119461  5.53580111
P  30.47164259 -19.37800618  8.30787795
In  27.69960354 -16.61496222  11.07855640
P  30.47164259 -13.84052322  13.84052322
In  27.69960354 -11.07855640  16.61496222
P  30.47164259 -8.30787795  19.37800618
In  27.70791833 -5.53580111  22.16119461
P -24.92227326  13.81573001 -24.92227326
In -27.67900553  16.58967769 -22.13643920
P -24.91433641  19.37025830 -19.37025830
In -27.67900553  22.13643920 -16.58967769
P -24.92227326  24.92227326 -13.81573001
P -19.39614755  2.74930565 -30.47920150
In -22.16138359  5.53033980 -27.70716244
P -19.38726583  8.30045133 -24.93871387
In -22.15269085  11.05725919 -22.15269085
P -19.38480919  13.83674376 -19.38480919
In -22.14966728  16.60390732 -16.60390732
P -19.38480919  19.38480919 -13.83674376
In -22.15269085  22.15269085 -11.05725919
P -19.38726583  24.93871387 -8.30045133
In -22.16138359  27.70716244 -5.53033980
P -19.39614755  30.47920150 -2.74930565
In -16.61749445 -5.55490624 -33.27807466
P -13.85320328 -2.77908773 -30.49658698
In -16.61777791 -0.01200492 -27.71358751
P -13.85006633  2.76491479 -24.94362716
In -16.61830704  5.53330667 -22.16667482
P -13.84866793  8.30600712 -19.39558063
In -16.61537796  11.07167780 -16.61537796
P -13.84804433  13.84804433 -13.84804433
In -16.61537796  16.61537796 -11.07167780
P -13.84866793  19.39558063 -8.30600712
In -16.61830704  22.16667482 -5.53330667
P -13.85006633  24.94362716 -2.76491479
In -16.61777791  27.71358751  0.01200492
P -13.85320328  30.49658698  2.77908773
In -16.61749445  33.27807466  5.55490624
In -11.06487479 -11.06487479 -33.24821699
P -8.30082927 -8.30082927 -30.47844561
In -11.08129651 -5.53812547 -27.71245368
P -8.30899289 -2.76876983 -24.94249332
In -11.07993590 -0.00085695 -22.16988735
P -8.30878502  2.76967690 -19.39898214
In -11.07908553  5.53746406 -16.62429747
P -8.30946532  8.30946532 -13.85280643
In -11.07925560  11.07925560 -11.07925560
P -8.30946532  13.85280643 -8.30946532
In -11.07908553  16.62429747 -5.53746406
P -8.30878502  19.39898214 -2.76967690
In -11.07993590  22.16988735  0.00085695
P -8.30899289  24.94249332  2.76876983
In -11.08129651  27.71245368  5.53812547
P -8.30082927  30.47844561  8.30082927
In -11.06487479  33.24821699  11.06487479
In -5.55490624 -16.61749445 -33.27807466
P -2.77908773 -13.85320328 -30.49658698
In -5.53812547 -11.08129651 -27.71245368
P -2.76876983 -8.30899289 -24.94249332
In -5.54037424 -5.54037424 -22.16988735
P -2.76960131 -2.76960131 -19.39936008
In -5.53897585 -0.00039089 -16.62730213
P -2.76848637  2.76848637 -13.85492293
In -5.53782311  5.53782311 -11.08154217
P -2.76608642  8.30801023 -8.30801023
In -5.53782311  11.08154217 -5.53782311
P -2.76848637  13.85492293 -2.76848637
In -5.53897585  16.62730213  0.00039089
P -2.76960131  19.39936008  2.76960131
In -5.54037424  22.16988735  5.54037424
P -2.76876983  24.94249332  8.30899289
In -5.53812547  27.71245368  11.08129651
P -2.77908773  30.49658698  13.85320328
In -5.55490624  33.27807466  16.61749445
P  2.74930565 -19.39614755 -30.47920150
In -0.01200492 -16.61777791 -27.71358751
P  2.76491479 -13.85006633 -24.94362716
In -0.00085695 -11.07993590 -22.16988735
P  2.76967690 -8.30878502 -19.39898214
In -0.00039089 -5.53897585 -16.62730213
P  2.76848637 -2.76848637 -13.85492293
In  0.00000000 -0.00000000 -11.07931229
P  2.76937454  2.76937454 -8.30797244
In  0.00137194  5.53478065 -5.53478065
P  2.76937454  8.30797244 -2.76937454
In -0.00000000  11.07931229  0.00000000
P  2.76848637  13.85492293  2.76848637
In -0.00039089  16.62730213  5.53897585
P  2.76967690  19.39898214  8.30878502
In -0.00085695  22.16988735  11.07993590
P  2.76491479  24.94362716  13.85006633
In -0.01200492  27.71358751  16.61777791
P  2.74930565  30.47920150  19.39614755
In  5.53033980 -22.16138359 -27.70716244
P  8.30045133 -19.38726583 -24.93871387
In  5.53330667 -16.61830704 -22.16667482
P  8.30600712 -13.84866793 -19.39558063
In  5.53746406 -11.07908553 -16.62429747
P  8.30946532 -8.30946532 -13.85280643
In  5.53782311 -5.53782311 -11.08154217
P  8.30801023 -2.76608642 -8.30801023
In  5.53478065  0.00137194 -5.53478065
P  8.30797244  2.76937454 -2.76937454
In  5.53478065  5.53478065 -0.00137194
P  8.30801023  8.30801023  2.76608642
In  5.53782311  11.08154217  5.53782311
P  8.30946532  13.85280643  8.30946532
In  5.53746406  16.62429747  11.07908553
P  8.30600712  19.39558063  13.84866793
In  5.53330667  22.16667482  16.61830704
P  8.30045133  24.93871387  19.38726583
In  5.53033980  27.70716244  22.16138359
P  13.81573001 -24.92227326 -24.92227326
In  11.05725919 -22.15269085 -22.15269085
P  13.83674376 -19.38480919 -19.38480919
In  11.07167780 -16.61537796 -16.61537796
P  13.84804433 -13.84804433 -13.84804433
In  11.07925560 -11.07925560 -11.07925560
P  13.85280643 -8.30946532 -8.30946532
In  11.08154217 -5.53782311 -5.53782311
P  13.85492293 -2.76848637 -2.76848637
In  11.07931229 -0.00000000  0.00000000
P  13.85492293  2.76848637  2.76848637
In  11.08154217  5.53782311  5.53782311
P  13.85280643  8.30946532  8.30946532
In  11.07925560  11.07925560  11.07925560
P  13.84804433  13.84804433  13.84804433
In  11.07167780  16.61537796  16.61537796
P  13.83674376  19.38480919  19.38480919
In  11.05725919  22.15269085  22.15269085
P  13.81573001  24.92227326  24.92227326
In  16.58967769 -27.67900553 -22.13643920
P  19.37025830 -24.91433641 -19.37025830
In  16.60390732 -22.14966728 -16.60390732
P  19.38480919 -19.38480919 -13.83674376
In  16.61537796 -16.61537796 -11.07167780
P  19.39558063 -13.84866793 -8.30600712
In  16.62429747 -11.07908553 -5.53746406
P  19.39898214 -8.30878502 -2.76967690
In  16.62730213 -5.53897585  0.00039089
P  19.39936008 -2.76960131  2.76960131
In  16.62730213 -0.00039089  5.53897585
P  19.39898214  2.76967690  8.30878502
In  16.62429747  5.53746406  11.07908553
P  19.39558063  8.30600712  13.84866793
In  16.61537796  11.07167780  16.61537796
P  19.38480919  13.83674376  19.38480919
In  16.60390732  16.60390732  22.14966728
P  19.37025830  19.37025830  24.91433641
In  16.58967769  22.13643920  27.67900553
In  22.13643920 -27.67900553 -16.58967769
P  24.92227326 -24.92227326 -13.81573001
In  22.15269085 -22.15269085 -11.05725919
P  24.93871387 -19.38726583 -8.30045133
In  22.16667482 -16.61830704 -5.53330667
P  24.94362716 -13.85006633 -2.76491479
In  22.16988735 -11.07993590  0.00085695
P  24.94249332 -8.30899289  2.76876983
In  22.16988735 -5.54037424  5.54037424
P  24.94249332 -2.76876983  8.30899289
In  22.16988735 -0.00085695  11.07993590
P  24.94362716  2.76491479  13.85006633
In  22.16667482  5.53330667  16.61830704
P  24.93871387  8.30045133  19.38726583
In  22.15269085  11.05725919  22.15269085
P  24.92227326  13.81573001  24.92227326
In  22.13643920  16.58967769  27.67900553
In  27.70716244 -22.16138359 -5.53033980
P  30.47920150 -19.39614755 -2.74930565
In  27.71358751 -16.61777791  0.01200492
P  30.49658698 -13.85320328  2.77908773
In  27.71245368 -11.08129651  5.53812547
P  30.47844561 -8.30082927  8.30082927
In  27.71245368 -5.53812547  11.08129651
P  30.49658698 -2.77908773  13.85320328
In  27.71358751 -0.01200492  16.61777791
P  30.47920150  2.74930565  19.39614755
In  27.70716244  5.53033980  22.16138359
In  33.27807466 -16.61749445  5.55490624
In  33.24821699 -11.06487479  11.06487479
In  33.27807466 -5.55490624  16.61749445
P -19.38821070  13.83714061 -30.49564211
In -22.13643920  16.58967769 -27.67900553
P -19.37025830  19.37025830 -24.91433641
In -22.14002968  22.14002968 -22.14002968
P -19.37025830  24.91433641 -19.37025830
In -22.13643920  27.67900553 -16.58967769
P -19.38821070  30.49564211 -13.83714061
P -13.86701717  2.77154772 -36.02819289
In -16.62682970  5.53317439 -33.23857939
P -13.84987736  8.30576146 -30.47901252
In -16.61955425  11.07443680 -27.71131984
P -13.84477510  13.84477510 -24.94098154
In -16.60390732  16.60390732 -22.14966728
P -13.83674376  19.38480919 -19.38480919
In -16.60390732  22.14966728 -16.60390732
P -13.84477510  24.94098154 -13.84477510
In -16.61955425  27.71131984 -11.07443680
P -13.84987736  30.47901252 -8.30576146
In -16.62682970  33.23857939 -5.53317439
P -13.86701717  36.02819289 -2.77154772
P -8.30957871 -2.76631318 -36.02743700
In -11.08636097  0.00126243 -33.26220096
P -8.31173299  2.76965800 -30.49091780
In -11.07855640  5.53597118 -27.71283162
P -8.30685750  8.30685750 -24.94173743
In -11.07630763  11.07630763 -22.16705276
P -8.30600712  13.84866793 -19.39558063
In -11.07167780  16.61537796 -16.61537796
P -8.30600712  19.39558063 -13.84866793
In -11.07630763  22.16705276 -11.07630763
P -8.30685750  24.94173743 -8.30685750
In -11.07855640  27.71283162 -5.53597118
P -8.31173299  30.49091780 -2.76965800
In -11.08636097  33.26220096 -0.00126243
P -8.30957871  36.02743700  2.76631318
P -2.76631318 -8.30957871 -36.02743700
In -5.53616015 -5.53616015 -33.25861048
P -2.76754150 -2.76754150 -30.48827218
In -5.54063880  0.00061950 -27.71755594
P -2.76962020  2.76962020 -24.94494997
In -5.53806878  5.53806878 -22.17102119
P -2.76967690  8.30878502 -19.39898214
In -5.53746406  11.07908553 -16.62429747
P -2.76852416  13.85263636 -13.85263636
In -5.53746406  16.62429747 -11.07908553
P -2.76967690  19.39898214 -8.30878502
In -5.53806878  22.17102119 -5.53806878
P -2.76962020  24.94494997 -2.76962020
In -5.54063880  27.71755594 -0.00061950
P -2.76754150  30.48827218  2.76754150
In -5.53616015  33.25861048  5.53616015
P -2.76631318  36.02743700  8.30957871
P  2.77154772 -13.86701717 -36.02819289
In  0.00126243 -11.08636097 -33.26220096
P  2.76965800 -8.31173299 -30.49091780
In  0.00061950 -5.54063880 -27.71755594
P  2.76962020 -2.76962020 -24.94494997
In  0.00000000  0.00000000 -22.17215502
P  2.76960131  2.76960131 -19.39936008
In  0.00039089  5.53897585 -16.62730213
P  2.77022492  8.30997555 -13.85601897
In  0.00333983  11.08163666 -11.08163666
P  2.77022492  13.85601897 -8.30997555
In  0.00039089  16.62730213 -5.53897585
P  2.76960131  19.39936008 -2.76960131
In  0.00000000  22.17215502  0.00000000
P  2.76962020  24.94494997  2.76962020
In  0.00061950  27.71755594  5.54063880
P  2.76965800  30.49091780  8.31173299
In  0.00126243  33.26220096  11.08636097
P  2.77154772  36.02819289  13.86701717
In  5.53317439 -16.62682970 -33.23857939
P  8.30576146 -13.84987736 -30.47901252
In  5.53597118 -11.07855640 -27.71283162
P  8.30685750 -8.30685750 -24.94173743
In  5.53806878 -5.53806878 -22.17102119
P  8.30878502 -2.76967690 -19.39898214
In  5.53897585  0.00039089 -16.62730213
P  8.30997555  2.77022492 -13.85601897
In  5.53965615  5.53965615 -11.08148548
P  8.31233771  8.31233771 -8.31233771
In  5.53965615  11.08148548 -5.53965615
P  8.30997555  13.85601897 -2.77022492
In  5.53897585  16.62730213 -0.00039089
P  8.30878502  19.39898214  2.76967690
In  5.53806878  22.17102119  5.53806878
P  8.30685750  24.94173743  8.30685750
In  5.53597118  27.71283162  11.07855640
P  8.30576146  30.47901252  13.84987736
In  5.53317439  33.23857939  16.62682970
P  13.83714061 -19.38821070 -30.49564211
In  11.07443680 -16.61955425 -27.71131984
P  13.84477510 -13.84477510 -24.94098154
In  11.07630763 -11.07630763 -22.16705276
P  13.84866793 -8.30600712 -19.39558063
In  11.07908553 -5.53746406 -16.62429747
P  13.85263636 -2.76852416 -13.85263636
In  11.08163666  0.00333983 -11.08163666
P  13.85601897  2.77022492 -8.30997555
In  11.08148548  5.53965615 -5.53965615
P  13.85601897  8.30997555 -2.77022492
In  11.08163666  11.08163666 -0.00333983
P  13.85263636  13.85263636  2.76852416
In  11.07908553  16.62429747  5.53746406
P  13.84866793  19.39558063  8.30600712
In  11.07630763  22.16705276  11.07630763
P  13.84477510  24.94098154  13.84477510
In  11.07443680  27.71131984  16.61955425
P  13.83714061  30.49564211  19.38821070
In  16.58967769 -22.13643920 -27.67900553
P  19.37025830 -19.37025830 -24.91433641
In  16.60390732 -16.60390732 -22.14966728
P  19.38480919 -13.83674376 -19.38480919
In  16.61537796 -11.07167780 -16.61537796
P  19.39558063 -8.30600712 -13.84866793
In  16.62429747 -5.53746406 -11.07908553
P  19.39898214 -2.76967690 -8.30878502
In  16.62730213  0.00039089 -5.53897585
P  19.39936008  2.76960131 -2.76960131
In  16.62730213  5.53897585 -0.00039089
P  19.39898214  8.30878502  2.76967690
In  16.62429747  11.07908553  5.53746406
P  19.39558063  13.84866793  8.30600712
In  16.61537796  16.61537796  11.07167780
P  19.38480919  19.38480919  13.83674376
In  16.60390732  22.14966728  16.60390732
P  19.37025830  24.91433641  19.37025830
In  16.58967769  27.67900553  22.13643920
In  22.14002968 -22.14002968 -22.14002968
P  24.91433641 -19.37025830 -19.37025830
In  22.14966728 -16.60390732 -16.60390732
P  24.94098154 -13.84477510 -13.84477510
In  22.16705276 -11.07630763 -11.07630763
P  24.94173743 -8.30685750 -8.30685750
In  22.17102119 -5.53806878 -5.53806878
P  24.94494997 -2.76962020 -2.76962020
In  22.17215502 -0.00000000  0.00000000
P  24.94494997  2.76962020  2.76962020
In  22.17102119  5.53806878  5.53806878
P  24.94173743  8.30685750  8.30685750
In  22.16705276  11.07630763  11.07630763
P  24.94098154  13.84477510  13.84477510
In  22.14966728  16.60390732  16.60390732
P  24.91433641  19.37025830  19.37025830
In  22.14002968  22.14002968  22.14002968
In  27.67900553 -22.13643920 -16.58967769
P  30.49564211 -19.38821070 -13.83714061
In  27.71131984 -16.61955425 -11.07443680
P  30.47901252 -13.84987736 -8.30576146
In  27.71283162 -11.07855640 -5.53597118
P  30.49091780 -8.31173299 -2.76965800
In  27.71755594 -5.54063880 -0.00061950
P  30.48827218 -2.76754150  2.76754150
In  27.71755594  0.00061950  5.54063880
P  30.49091780  2.76965800  8.31173299
In  27.71283162  5.53597118  11.07855640
P  30.47901252  8.30576146  13.84987736
In  27.71131984  11.07443680  16.61955425
P  30.49564211  13.83714061  19.38821070
In  27.67900553  16.58967769  22.13643920
In  33.23857939 -16.62682970 -5.53317439
P  36.02819289 -13.86701717 -2.77154772
In  33.26220096 -11.08636097 -0.00126243
P  36.02743700 -8.30957871  2.76631318
In  33.25861048 -5.53616015  5.53616015
P  36.02743700 -2.76631318  8.30957871
In  33.26220096  0.00126243  11.08636097
P  36.02819289  2.77154772  13.86701717
In  33.23857939  5.53317439  16.62682970
P -13.83714061  19.38821070 -30.49564211
In -16.58967769  22.13643920 -27.67900553
P -13.81573001  24.92227326 -24.92227326
In -16.58967769  27.67900553 -22.13643920
P -13.83714061  30.49564211 -19.38821070
P -8.31759114  8.31759114 -36.03102748
In -11.08273270  11.08273270 -33.24557137
P -8.30576146  13.84987736 -30.47901252
In -11.07443680  16.61955425 -27.71131984
P -8.30045133  19.38726583 -24.93871387
In -11.05725919  22.15269085 -22.15269085
P -8.30045133  24.93871387 -19.38726583
In -11.07443680  27.71131984 -16.61955425
P -8.30576146  30.47901252 -13.84987736
In -11.08273270  33.24557137 -11.08273270
P -8.31759114  36.03102748 -8.31759114
In -5.54645916  0.00684534 -38.80892468
P -2.77292722  2.77292722 -36.03499590
In -5.54296317  5.54296317 -33.26409069
P -2.76965800  8.31173299 -30.49091780
In -5.53597118  11.07855640 -27.71283162
P -2.76491479  13.85006633 -24.94362716
In -5.53330667  16.61830704 -22.16667482
P -2.76771158  19.39520268 -19.39520268
In -5.53330667  22.16667482 -16.61830704
P -2.76491479  24.94362716 -13.85006633
In -5.53597118  27.71283162 -11.07855640
P -2.76965800  30.49091780 -8.31173299
In -5.54296317  33.26409069 -5.54296317
P -2.77292722  36.03499590 -2.77292722
In -5.54645916  38.80892468 -0.00684534
In  0.00684534 -5.54645916 -38.80892468
P  2.77292722 -2.77292722 -36.03499590
In  0.00000000 -0.00000000 -33.26598041
P  2.76754150  2.76754150 -30.48827218
In -0.00061950  5.54063880 -27.71755594
P  2.76876983  8.30899289 -24.94249332
In  0.00085695  11.07993590 -22.16988735
P  2.77175559  13.85087891 -19.39690344
In  0.00256570  16.62433526 -16.62433526
P  2.77175559  19.39690344 -13.85087891
In  0.00085695  22.16988735 -11.07993590
P  2.76876983  24.94249332 -8.30899289
In -0.00061950  27.71755594 -5.54063880
P  2.76754150  30.48827218 -2.76754150
In  0.00000000  33.26598041 -0.00000000
P  2.77292722  36.03499590  2.77292722
In  0.00684534  38.80892468  5.54645916
P  8.31759114 -8.31759114 -36.03102748
In  5.54296317 -5.54296317 -33.26409069
P  8.31173299 -2.76965800 -30.49091780
In  5.54063880 -0.00061950 -27.71755594
P  8.30899289  2.76876983 -24.94249332
In  5.54037424  5.54037424 -22.16988735
P  8.31001334  8.31001334 -19.39482474
In  5.54198051  11.08159886 -16.62408960
P  8.31241330  13.85225841 -13.85225841
In  5.54198051  16.62408960 -11.08159886
P  8.31001334  19.39482474 -8.31001334
In  5.54037424  22.16988735 -5.54037424
P  8.30899289  24.94249332 -2.76876983
In  5.54063880  27.71755594  0.00061950
P  8.31173299  30.49091780  2.76965800
In  5.54296317  33.26409069  5.54296317
P  8.31759114  36.03102748  8.31759114
In  11.08273270 -11.08273270 -33.24557137
P  13.84987736 -8.30576146 -30.47901252
In  11.07855640 -5.53597118 -27.71283162
P  13.85006633 -2.76491479 -24.94362716
In  11.07993590  0.00085695 -22.16988735
P  13.85087891  2.77175559 -19.39690344
In  11.08159886  5.54198051 -16.62408960
P  13.85225841  8.31241330 -13.85225841
In  11.08248703  11.08248703 -11.08248703
P  13.85225841  13.85225841 -8.31241330
In  11.08159886  16.62408960 -5.54198051
P  13.85087891  19.39690344 -2.77175559
In  11.07993590  22.16988735 -0.00085695
P  13.85006633  24.94362716  2.76491479
In  11.07855640  27.71283162  5.53597118
P  13.84987736  30.47901252  8.30576146
In  11.08273270  33.24557137  11.08273270
P  19.38821070 -13.83714061 -30.49564211
In  16.61955425 -11.07443680 -27.71131984
P  19.38726583 -8.30045133 -24.93871387
In  16.61830704 -5.53330667 -22.16667482
P  19.39520268 -2.76771158 -19.39520268
In  16.62433526  0.00256570 -16.62433526
P  19.39690344  2.77175559 -13.85087891
In  16.62408960  5.54198051 -11.08159886
P  19.39482474  8.31001334 -8.31001334
In  16.62408960  11.08159886 -5.54198051
P  19.39690344  13.85087891 -2.77175559
In  16.62433526  16.62433526 -0.00256570
P  19.39520268  19.39520268  2.76771158
In  16.61830704  22.16667482  5.53330667
P  19.38726583  24.93871387  8.30045133
In  16.61955425  27.71131984  11.07443680
P  19.38821070  30.49564211  13.83714061
In  22.13643920 -16.58967769 -27.67900553
P  24.92227326 -13.81573001 -24.92227326
In  22.15269085 -11.05725919 -22.15269085
P  24.93871387 -8.30045133 -19.38726583
In  22.16667482 -5.53330667 -16.61830704
P  24.94362716 -2.76491479 -13.85006633
In  22.16988735  0.00085695 -11.07993590
P  24.94249332  2.76876983 -8.30899289
In  22.16988735  5.54037424 -5.54037424
P  24.94249332  8.30899289 -2.76876983
In  22.16988735  11.07993590 -0.00085695
P  24.94362716  13.85006633  2.76491479
In  22.16667482  16.61830704  5.53330667
P  24.93871387  19.38726583  8.30045133
In  22.15269085  22.15269085  11.05725919
P  24.92227326  24.92227326  13.81573001
In  22.13643920  27.67900553  16.58967769
In  27.67900553 -16.58967769 -22.13643920
P  30.49564211 -13.83714061 -19.38821070
In  27.71131984 -11.07443680 -16.61955425
P  30.47901252 -8.30576146 -13.84987736
In  27.71283162 -5.53597118 -11.07855640
P  30.49091780 -2.76965800 -8.31173299
In  27.71755594 -0.00061950 -5.54063880
P  30.48827218  2.76754150 -2.76754150
In  27.71755594  5.54063880  0.00061950
P  30.49091780  8.31173299  2.76965800
In  27.71283162  11.07855640  5.53597118
P  30.47901252  13.84987736  8.30576146
In  27.71131984  16.61955425  11.07443680
P  30.49564211  19.38821070  13.83714061
In  27.67900553  22.13643920  16.58967769
In  33.24557137 -11.08273270 -11.08273270
P  36.03102748 -8.31759114 -8.31759114
In  33.26409069 -5.54296317 -5.54296317
P  36.03499590 -2.77292722 -2.77292722
In  33.26598041  0.00000000  0.00000000
P  36.03499590  2.77292722  2.77292722
In  33.26409069  5.54296317  5.54296317
P  36.03102748  8.31759114  8.31759114
In  33.24557137  11.08273270  11.08273270
In  38.80892468 -5.54645916 -0.00684534
In  38.80892468  0.00684534  5.54645916
P -2.77154772  13.86701717 -36.02819289
In -5.53317439  16.62682970 -33.23857939
P -2.74930565  19.39614755 -30.47920150
In -5.53033980  22.16138359 -27.70716244
P -2.75531498  24.93909182 -24.93909182
In -5.53033980  27.70716244 -22.16138359
P -2.74930565  30.47920150 -19.39614755
In -5.53317439  33.23857939 -16.62682970
P -2.77154772  36.02819289 -13.86701717
In -0.00684534  5.54645916 -38.80892468
P  2.76631318  8.30957871 -36.02743700
In -0.00126243  11.08636097 -33.26220096
P  2.77908773  13.85320328 -30.49658698
In  0.01200492  16.61777791 -27.71358751
P  2.77082963  19.39047837 -24.93701312
In  0.00551571  22.16497407 -22.16497407
P  2.77082963  24.93701312 -19.39047837
In  0.01200492  27.71358751 -16.61777791
P  2.77908773  30.49658698 -13.85320328
In -0.00126243  33.26220096 -11.08636097
P  2.76631318  36.02743700 -8.30957871
In -0.00684534  38.80892468 -5.54645916
In  5.54645916 -0.00684534 -38.80892468
P  8.30957871  2.76631318 -36.02743700
In  5.53616015  5.53616015 -33.25861048
P  8.30082927  8.30082927 -30.47844561
In  5.53812547  11.08129651 -27.71245368
P  8.30774567  13.84643806 -24.93342264
In  5.54164036  16.62265341 -22.16554098
P  8.31103380  19.39199015 -19.39199015
In  5.54164036  22.16554098 -16.62265341
P  8.30774567  24.93342264 -13.84643806
In  5.53812547  27.71245368 -11.08129651
P  8.30082927  30.47844561 -8.30082927
In  5.53616015  33.25861048 -5.53616015
P  8.30957871  36.02743700 -2.76631318
In  5.54645916  38.80892468  0.00684534
P  13.86701717 -2.77154772 -36.02819289
In  11.08636097 -0.00126243 -33.26220096
P  13.85320328  2.77908773 -30.49658698
In  11.08129651  5.53812547 -27.71245368
P  13.84643806  8.30774567 -24.93342264
In  11.08055951  11.08055951 -22.16195050
P  13.85274974  13.85274974 -19.39274604
In  11.08156107  16.62229436 -16.62229436
P  13.85274974  19.39274604 -13.85274974
In  11.08055951  22.16195050 -11.08055951
P  13.84643806  24.93342264 -8.30774567
In  11.08129651  27.71245368 -5.53812547
P  13.85320328  30.49658698 -2.77908773
In  11.08636097  33.26220096  0.00126243
P  13.86701717  36.02819289  2.77154772
In  16.62682970 -5.53317439 -33.23857939
P  19.39614755 -2.74930565 -30.47920150
In  16.61777791  0.01200492 -27.71358751
P  19.39047837  2.77082963 -24.93701312
In  16.62265341  5.54164036 -22.16554098
P  19.39199015  8.31103380 -19.39199015
In  16.62229436  11.08156107 -16.62229436
P  19.39274604  13.85274974 -13.85274974
In  16.62229436  16.62229436 -11.08156107
P  19.39199015  19.39199015 -8.31103380
In  16.62265341  22.16554098 -5.54164036
P  19.39047837  24.93701312 -2.77082963
In  16.61777791  27.71358751 -0.01200492
P  19.39614755  30.47920150  2.74930565
In  16.62682970  33.23857939  5.53317439
In  22.16138359 -5.53033980 -27.70716244
P  24.93909182 -2.75531498 -24.93909182
In  22.16497407  0.00551571 -22.16497407
P  24.93701312  2.77082963 -19.39047837
In  22.16554098  5.54164036 -16.62265341
P  24.93342264  8.30774567 -13.84643806
In  22.16195050  11.08055951 -11.08055951
P  24.93342264  13.84643806 -8.30774567
In  22.16554098  16.62265341 -5.54164036
P  24.93701312  19.39047837 -2.77082963
In  22.16497407  22.16497407 -0.00551571
P  24.93909182  24.93909182  2.75531498
In  22.16138359  27.70716244  5.53033980
In  27.70716244 -5.53033980 -22.16138359
P  30.47920150 -2.74930565 -19.39614755
In  27.71358751  0.01200492 -16.61777791
P  30.49658698  2.77908773 -13.85320328
In  27.71245368  5.53812547 -11.08129651
P  30.47844561  8.30082927 -8.30082927
In  27.71245368  11.08129651 -5.53812547
P  30.49658698  13.85320328 -2.77908773
In  27.71358751  16.61777791 -0.01200492
P  30.47920150  19.39614755  2.74930565
In  27.70716244  22.16138359  5.53033980
In  33.23857939 -5.53317439 -16.62682970
P  36.02819289 -2.77154772 -13.86701717
In  33.26220096 -0.00126243 -11.08636097
P  36.02743700  2.76631318 -8.30957871
In  33.25861048  5.53616015 -5.53616015
P  36.02743700  8.30957871 -2.76631318
In  33.26220096  11.08636097  0.00126243
P  36.02819289  13.86701717  2.77154772
In  33.23857939  16.62682970  5.53317439
In  38.80892468 -0.00684534 -5.54645916
In  38.80892468  5.54645916  0.00684534
In  5.55490624  16.61749445 -33.27807466
P  8.30787795  19.37800618 -30.47164259
In  5.53580111  22.16119461 -27.70791833
P  8.30859605  24.92888730 -24.92888730
In  5.53580111  27.70791833 -22.16119461
P  8.30787795  30.47164259 -19.37800618
In  5.55490624  33.27807466 -16.61749445
In  11.06487479  11.06487479 -33.24821699
P  13.84052322  13.84052322 -30.47164259
In  11.07855640  16.61496222 -27.69960354
P  13.85146473  19.39123426 -24.93380058
In  11.08150438  22.16081667 -22.16081667
P  13.85146473  24.93380058 -19.39123426
In  11.07855640  27.69960354 -16.61496222
P  13.84052322  30.47164259 -13.84052322
In  11.06487479  33.24821699 -11.06487479
In  16.61749445  5.55490624 -33.27807466
P  19.37800618  8.30787795 -30.47164259
In  16.61496222  11.07855640 -27.69960354
P  19.39123426  13.85146473 -24.93380058
In  16.62354158  16.62354158 -22.16270639
P  19.39520268  19.39520268 -19.39520268
In  16.62354158  22.16270639 -16.62354158
P  19.39123426  24.93380058 -13.85146473
In  16.61496222  27.69960354 -11.07855640
P  19.37800618  30.47164259 -8.30787795
In  16.61749445  33.27807466 -5.55490624
In  22.16119461  5.53580111 -27.70791833
P  24.92888730  8.30859605 -24.92888730
In  22.16081667  11.08150438 -22.16081667
P  24.93380058  13.85146473 -19.39123426
In  22.16270639  16.62354158 -16.62354158
P  24.93380058  19.39123426 -13.85146473
In  22.16081667  22.16081667 -11.08150438
P  24.92888730  24.92888730 -8.30859605
In  22.16119461  27.70791833 -5.53580111
In  27.70791833  5.53580111 -22.16119461
P  30.47164259  8.30787795 -19.37800618
In  27.69960354  11.07855640 -16.61496222
P  30.47164259  13.84052322 -13.84052322
In  27.69960354  16.61496222 -11.07855640
P  30.47164259  19.37800618 -8.30787795
In  27.70791833  22.16119461 -5.53580111
In  33.27807466  5.55490624 -16.61749445
In  33.24821699  11.06487479 -11.06487479
In  33.27807466  16.61749445 -5.55490624
P2 -31.19125025 -20.08589753  13.14715440
P2 -31.19030539 -18.69879141  14.53548885
P2 -31.19030539 -14.53548885  18.69879141
P2 -31.19125025 -13.14715440  20.08589753
P2 -25.75819355 -25.75819355  12.98958338
P1 -29.19354532 -23.65773476  18.12315442
P1 -29.19354532 -18.12315442  23.65773476
P2 -25.75819355 -12.98958338  25.75819355
P2 -20.08589753 -31.19125025  13.14715440
P2 -18.69879141 -31.19030539  14.53548885
P1 -23.65773476 -29.19354532  18.12315442
P1 -23.66569051 -23.66569051  23.66569051
P1 -23.65773476 -18.12315442  29.19354532
P2 -20.08589753 -13.14715440  31.19125025
P2 -18.69879141 -14.53548885  31.19030539
P2 -14.53548885 -31.19030539  18.69879141
P2 -13.14715440 -31.19125025  20.08589753
P1 -18.12315442 -29.19354532  23.65773476
P2 -12.98958338 -25.75819355  25.75819355
P1 -18.12315442 -23.65773476  29.19354532
P2 -14.53548885 -18.69879141  31.19030539
P2 -13.14715440 -20.08589753  31.19125025
P2 -36.72469865 -14.55780178  2.07664997
P2 -36.72266719 -13.17717743  3.46855426
P2 -36.72479313 -9.01510790  7.62808682
P2 -36.72479313 -7.62808682  9.01510790
P2 -36.72266719 -3.46855426  13.17717743
P2 -36.72469865 -2.07664997  14.55780178
P2 -31.31523517 -20.22809941  1.91942495
P1 -34.77764782 -18.14080824  7.05410618
P1 -34.78204143 -12.60252120  12.60252120
P1 -34.77764782 -7.05410618  18.14080824
P2 -31.31523517 -1.91942495  20.22809941
P2 -25.77427511 -25.77427511  1.92650741
P1 -29.23833182 -23.68808376  7.04961902
P1 -29.23833182 -7.04961902  23.68808376
P2 -25.77427511 -1.92650741  25.77427511
P2 -20.22809941 -31.31523517  1.91942495
P1 -23.68808376 -29.23833182  7.04961902
P1 -23.68808376 -7.04961902  29.23833182
P2 -20.22809941 -1.91942495  31.31523517
P2 -14.55780178 -36.72469865  2.07664997
P2 -13.17717743 -36.72266719  3.46855426
P1 -18.14080824 -34.77764782  7.05410618
P1 -18.14080824 -7.05410618  34.77764782
P2 -14.55780178 -2.07664997  36.72469865
P2 -13.17717743 -3.46855426  36.72266719
P2 -9.01510790 -36.72479313  7.62808682
P2 -7.62808682 -36.72479313  9.01510790
P1 -12.60252120 -34.78204143  12.60252120
P1 -12.60252120 -12.60252120  34.78204143
P2 -9.01510790 -7.62808682  36.72479313
P2 -7.62808682 -9.01510790  36.72479313
P2 -3.46855426 -36.72266719  13.17717743
P2 -2.07664997 -36.72469865  14.55780178
P1 -7.05410618 -34.77764782  18.14080824
P2 -1.91942495 -31.31523517  20.22809941
P1 -7.04961902 -29.23833182  23.68808376
P2 -1.92650741 -25.77427511  25.77427511
P1 -7.04961902 -23.68808376  29.23833182
P2 -1.91942495 -20.22809941  31.31523517
P1 -7.05410618 -18.14080824  34.77764782
P2 -3.46855426 -13.17717743  36.72266719
P2 -2.07664997 -14.55780178  36.72469865
P2 -36.86681549 -9.13637162 -3.59578762
P1 -40.33292255 -7.07369980  1.53755491
P1 -40.33458551 -4.01639149 -1.51740446
P1 -40.33292255 -1.53755491  7.07369980
P1 -40.33458551  1.51740446  4.01639149
P2 -36.86681549  3.59578762  9.13637162
P2 -31.29735836 -20.20786045 -9.14616229
P1 -34.80404729 -18.15334090 -4.03977402
P1 -34.80571025 -15.08812315 -7.07930945
P1 -34.80404729  4.03977402  18.15334090
P1 -34.80571025  7.07930945  15.08812315
P2 -31.29735836  9.14616229  20.20786045
P2 -25.75675735 -25.75675735 -9.14985104
P1 -29.24012706 -23.69537811 -4.02399480
P1 -29.24012706  4.02399480  23.69537811
P2 -25.75675735  9.14985104  25.75675735
P2 -20.20786045 -31.29735836 -9.14616229
P1 -23.69537811 -29.24012706 -4.02399480
P1 -23.69537811  4.02399480  29.24012706
P2 -20.20786045  9.14616229  31.29735836
P1 -18.15334090 -34.80404729 -4.03977402
P1 -15.08812315 -34.80571025 -7.07930945
P1 -18.15334090  4.03977402  34.80404729
P1 -15.08812315  7.07930945  34.80571025
P2 -9.13637162 -36.86681549 -3.59578762
P2 -9.13637162  3.59578762  36.86681549
P1 -7.07369980 -40.33292255  1.53755491
P1 -4.01639149 -40.33458551 -1.51740446
P1 -7.07369980 -1.53755491  40.33292255
P1 -4.01639149  1.51740446  40.33458551
P1 -1.53755491 -40.33292255  7.07369980
P1  1.51740446 -40.33458551  4.01639149
P2  3.59578762 -36.86681549  9.13637162
P2  3.59578762 -9.13637162  36.86681549
P1 -1.53755491 -7.07369980  40.33292255
P1  1.51740446 -4.01639149  40.33458551
P1  4.03977402 -34.80404729  18.15334090
P1  7.07930945 -34.80571025  15.08812315
P2  9.14616229 -31.29735836  20.20786045
P1  4.02399480 -29.24012706  23.69537811
P2  9.14985104 -25.75675735  25.75675735
P1  4.02399480 -23.69537811  29.24012706
P2  9.14616229 -20.20786045  31.29735836
P1  4.03977402 -18.15334090  34.80404729
P1  7.07930945 -15.08812315  34.80571025
P2 -36.86681549 -3.59578762 -9.13637162
P1 -40.33458551 -1.51740446 -4.01639149
P1 -40.33292255  1.53755491 -7.07369980
P1 -40.33458551  4.01639149  1.51740446
P1 -40.33292255  7.07369980 -1.53755491
P2 -36.86681549  9.13637162  3.59578762
P2 -31.29378678 -14.67788915 -14.67788915
P1 -34.79227430 -12.58944430 -9.55879530
P1 -34.79227430 -9.55879530 -12.58944430
P1 -34.79227430  9.55879530  12.58944430
P1 -34.79227430  12.58944430  9.55879530
P2 -31.29378678  14.67788915  14.67788915
P2 -25.76376824 -20.22409319 -14.68610946
P2 -25.76376824  14.68610946  20.22409319
P2 -20.22409319 -25.76376824 -14.68610946
P2 -20.22409319  14.68610946  25.76376824
P2 -14.67788915 -31.29378678 -14.67788915
P2 -14.67788915  14.67788915  31.29378678
P1 -12.58944430 -34.79227430 -9.55879530
P1 -9.55879530 -34.79227430 -12.58944430
P1 -12.58944430  9.55879530  34.79227430
P1 -9.55879530  12.58944430  34.79227430
P2 -3.59578762 -36.86681549 -9.13637162
P2 -3.59578762  9.13637162  36.86681549
P1 -1.51740446 -40.33458551 -4.01639149
P1  1.53755491 -40.33292255 -7.07369980
P1 -1.51740446  4.01639149  40.33458551
P1  1.53755491  7.07369980  40.33292255
P1  4.01639149 -40.33458551  1.51740446
P1  7.07369980 -40.33292255 -1.53755491
P2  9.13637162 -36.86681549  3.59578762
P2  9.13637162 -3.59578762  36.86681549
P1  4.01639149 -1.51740446  40.33458551
P1  7.07369980  1.53755491  40.33292255
P1  9.55879530 -34.79227430  12.58944430
P1  12.58944430 -34.79227430  9.55879530
P2  14.67788915 -31.29378678  14.67788915
P2  14.68610946 -25.76376824  20.22409319
P2  14.68610946 -20.22409319  25.76376824
P2  14.67788915 -14.67788915  31.29378678
P1  9.55879530 -12.58944430  34.79227430
P1  12.58944430 -9.55879530  34.79227430
P2 -36.72469865  2.07664997 -14.55780178
P2 -36.72266719  3.46855426 -13.17717743
P2 -36.72479313  7.62808682 -9.01510790
P2 -36.72479313  9.01510790 -7.62808682
P2 -36.72266719  13.17717743 -3.46855426
P2 -36.72469865  14.55780178 -2.07664997
P2 -31.29735836 -9.14616229 -20.20786045
P1 -34.80571025 -7.07930945 -15.08812315
P1 -34.80404729 -4.03977402 -18.15334090
P1 -34.80571025  15.08812315  7.07930945
P1 -34.80404729  18.15334090  4.03977402
P2 -31.29735836  20.20786045  9.14616229
P2 -25.76376824 -14.68610946 -20.22409319
P2 -25.76376824  20.22409319  14.68610946
P2 -20.22777816 -20.22777816 -20.22777816
P2 -20.22777816  20.22777816  20.22777816
P2 -14.68610946 -25.76376824 -20.22409319
P2 -14.68610946  20.22409319  25.76376824
P2 -9.14616229 -31.29735836 -20.20786045
P2 -9.14616229  20.20786045  31.29735836
P1 -7.07930945 -34.80571025 -15.08812315
P1 -4.03977402 -34.80404729 -18.15334090
P1 -7.07930945  15.08812315  34.80571025
P1 -4.03977402  18.15334090  34.80404729
P2  2.07664997 -36.72469865 -14.55780178
P2  3.46855426 -36.72266719 -13.17717743
P2  2.07664997  14.55780178  36.72469865
P2  3.46855426  13.17717743  36.72266719
P2  7.62808682 -36.72479313 -9.01510790
P2  9.01510790 -36.72479313 -7.62808682
P2  7.62808682  9.01510790  36.72479313
P2  9.01510790  7.62808682  36.72479313
P2  13.17717743 -36.72266719 -3.46855426
P2  14.55780178 -36.72469865 -2.07664997
P2  13.17717743  3.46855426  36.72266719
P2  14.55780178  2.07664997  36.72469865
P1  15.08812315 -34.80571025  7.07930945
P1  18.15334090 -34.80404729  4.03977402
P2  20.20786045 -31.29735836  9.14616229
P2  20.22409319 -25.76376824  14.68610946
P2  20.22777816 -20.22777816  20.22777816
P2  20.22409319 -14.68610946  25.76376824
P2  20.20786045 -9.14616229  31.29735836
P1  15.08812315 -7.07930945  34.80571025
P1  18.15334090 -4.03977402  34.80404729
P2 -31.31523517  1.91942495 -20.22809941
P1 -34.77764782  7.05410618 -18.14080824
P1 -34.78204143  12.60252120 -12.60252120
P1 -34.77764782  18.14080824 -7.05410618
P2 -31.31523517  20.22809941 -1.91942495
P2 -25.75675735 -9.14985104 -25.75675735
P1 -29.24012706 -4.02399480 -23.69537811
P1 -29.24012706  23.69537811  4.02399480
P2 -25.75675735  25.75675735  9.14985104
P2 -20.22409319 -14.68610946 -25.76376824
P2 -20.22409319  25.76376824  14.68610946
P2 -14.68610946 -20.22409319 -25.76376824
P2 -14.68610946  25.76376824  20.22409319
P2 -9.14985104 -25.75675735 -25.75675735
P2 -9.14985104  25.75675735  25.75675735
P1 -4.02399480 -29.24012706 -23.69537811
P1 -4.02399480  23.69537811  29.24012706
P2  1.91942495 -31.31523517 -20.22809941
P2  1.91942495  20.22809941  31.31523517
P1  7.05410618 -34.77764782 -18.14080824
P1  7.05410618  18.14080824  34.77764782
P1  12.60252120 -34.78204143 -12.60252120
P1  12.60252120  12.60252120  34.78204143
P1  18.14080824 -34.77764782 -7.05410618
P2  20.22809941 -31.31523517 -1.91942495
P2  20.22809941  1.91942495  31.31523517
P1  18.14080824  7.05410618  34.77764782
P1  23.69537811 -29.24012706  4.02399480
P2  25.75675735 -25.75675735  9.14985104
P2  25.76376824 -20.22409319  14.68610946
P2  25.76376824 -14.68610946  20.22409319
P2  25.75675735 -9.14985104  25.75675735
P1  23.69537811 -4.02399480  29.24012706
P2 -31.19125025  13.14715440 -20.08589753
P2 -31.19030539  14.53548885 -18.69879141
P2 -31.19030539  18.69879141 -14.53548885
P2 -31.19125025  20.08589753 -13.14715440
P2 -25.77427511  1.92650741 -25.77427511
P1 -29.23833182  7.04961902 -23.68808376
P1 -29.23833182  23.68808376 -7.04961902
P2 -25.77427511  25.77427511 -1.92650741
P2 -20.20786045 -9.14616229 -31.29735836
P1 -23.69537811 -4.02399480 -29.24012706
P1 -23.69537811  29.24012706  4.02399480
P2 -20.20786045  31.29735836  9.14616229
P2 -14.67788915 -14.67788915 -31.29378678
P2 -14.67788915  31.29378678  14.67788915
P2 -9.14616229 -20.20786045 -31.29735836
P2 -9.14616229  31.29735836  20.20786045
P1 -4.02399480 -23.69537811 -29.24012706
P1 -4.02399480  29.24012706  23.69537811
P2  1.92650741 -25.77427511 -25.77427511
P2  1.92650741  25.77427511  25.77427511
P1  7.04961902 -29.23833182 -23.68808376
P1  7.04961902  23.68808376  29.23833182
P2  13.14715440 -31.19125025 -20.08589753
P2  14.53548885 -31.19030539 -18.69879141
P2  13.14715440  20.08589753  31.19125025
P2  14.53548885  18.69879141  31.19030539
P2  18.69879141 -31.19030539 -14.53548885
P2  20.08589753 -31.19125025 -13.14715440
P2  18.69879141  14.53548885  31.19030539
P2  20.08589753  13.14715440  31.19125025
P1  23.68808376 -29.23833182 -7.04961902
P2  25.77427511 -25.77427511 -1.92650741
P2  25.77427511  1.92650741  25.77427511
P1  23.68808376  7.04961902  29.23833182
P1  29.24012706 -23.69537811  4.02399480
P2  31.29735836 -20.20786045  9.14616229
P2  31.29378678 -14.67788915  14.67788915
P2  31.29735836 -9.14616229  20.20786045
P1  29.24012706 -4.02399480  23.69537811
P2 -25.75819355  12.98958338 -25.75819355
P1 -29.19354532  18.12315442 -23.65773476
P1 -29.19354532  23.65773476 -18.12315442
P2 -25.75819355  25.75819355 -12.98958338
P2 -20.22809941  1.91942495 -31.31523517
P1 -23.68808376  7.04961902 -29.23833182
P1 -23.68808376  29.23833182 -7.04961902
P2 -20.22809941  31.31523517 -1.91942495
P1 -18.15334090 -4.03977402 -34.80404729
P1 -15.08812315 -7.07930945 -34.80571025
P1 -18.15334090  34.80404729  4.03977402
P1 -15.08812315  34.80571025  7.07930945
P1 -12.58944430 -9.55879530 -34.79227430
P1 -9.55879530 -12.58944430 -34.79227430
P1 -12.58944430  34.79227430  9.55879530
P1 -9.55879530  34.79227430  12.58944430
P1 -7.07930945 -15.08812315 -34.80571025
P1 -4.03977402 -18.15334090 -34.80404729
P1 -7.07930945  34.80571025  15.08812315
P1 -4.03977402  34.80404729  18.15334090
P2  1.91942495 -20.22809941 -31.31523517
P2  1.91942495  31.31523517  20.22809941
P1  7.04961902 -23.68808376 -29.23833182
P1  7.04961902  29.23833182  23.68808376
P2  12.98958338 -25.75819355 -25.75819355
P2  12.98958338  25.75819355  25.75819355
P1  18.12315442 -29.19354532 -23.65773476
P1  18.12315442  23.65773476  29.19354532
P1  23.65773476 -29.19354532 -18.12315442
P2  25.75819355 -25.75819355 -12.98958338
P2  25.75819355  12.98958338  25.75819355
P1  23.65773476  18.12315442  29.19354532
P1  29.23833182 -23.68808376 -7.04961902
P2  31.31523517 -20.22809941 -1.91942495
P2  31.31523517  1.91942495  20.22809941
P1  29.23833182  7.04961902  23.68808376
P1  34.80404729 -18.15334090  4.03977402
P1  34.80571025 -15.08812315  7.07930945
P1  34.79227430 -12.58944430  9.55879530
P1  34.79227430 -9.55879530  12.58944430
P1  34.80571025 -7.07930945  15.08812315
P1  34.80404729 -4.03977402  18.15334090
P2 -20.08589753  13.14715440 -31.19125025
P2 -18.69879141  14.53548885 -31.19030539
P1 -23.65773476  18.12315442 -29.19354532
P1 -23.66569051  23.66569051 -23.66569051
P1 -23.65773476  29.19354532 -18.12315442
P2 -20.08589753  31.19125025 -13.14715440
P2 -18.69879141  31.19030539 -14.53548885
P2 -14.55780178  2.07664997 -36.72469865
P2 -13.17717743  3.46855426 -36.72266719
P1 -18.14080824  7.05410618 -34.77764782
P1 -18.14080824  34.77764782 -7.05410618
P2 -14.55780178  36.72469865 -2.07664997
P2 -13.17717743  36.72266719 -3.46855426
P2 -9.13637162 -3.59578762 -36.86681549
P2 -9.13637162  36.86681549  3.59578762
P2 -3.59578762 -9.13637162 -36.86681549
P2 -3.59578762  36.86681549  9.13637162
P2  2.07664997 -14.55780178 -36.72469865
P2  3.46855426 -13.17717743 -36.72266719
P2  2.07664997  36.72469865  14.55780178
P2  3.46855426  36.72266719  13.17717743
P1  7.05410618 -18.14080824 -34.77764782
P1  7.05410618  34.77764782  18.14080824
P2  13.14715440 -20.08589753 -31.19125025
P2  14.53548885 -18.69879141 -31.19030539
P2  13.14715440  31.19125025  20.08589753
P2  14.53548885  31.19030539  18.69879141
P1  18.12315442 -23.65773476 -29.19354532
P1  18.12315442  29.19354532  23.65773476
P1  23.66569051 -23.66569051 -23.66569051
P1  23.66569051  23.66569051  23.66569051
P1  29.19354532 -23.65773476 -18.12315442
P2  31.19125025 -20.08589753 -13.14715440
P2  31.19030539 -18.69879141 -14.53548885
P2  31.19125025  13.14715440  20.08589753
P2  31.19030539  14.53548885  18.69879141
P1  29.19354532  18.12315442  23.65773476
P1  34.77764782 -18.14080824 -7.05410618
P2  36.72469865 -14.55780178 -2.07664997
P2  36.72266719 -13.17717743 -3.46855426
P2  36.86681549 -9.13637162  3.59578762
P2  36.86681549 -3.59578762  9.13637162
P2  36.72469865  2.07664997  14.55780178
P2  36.72266719  3.46855426  13.17717743
P1  34.77764782  7.05410618  18.14080824
P2 -14.53548885  18.69879141 -31.19030539
P2 -13.14715440  20.08589753 -31.19125025
P1 -18.12315442  23.65773476 -29.19354532
P2 -12.98958338  25.75819355 -25.75819355
P1 -18.12315442  29.19354532 -23.65773476
P2 -14.53548885  31.19030539 -18.69879141
P2 -13.14715440  31.19125025 -20.08589753
P2 -9.01510790  7.62808682 -36.72479313
P2 -7.62808682  9.01510790 -36.72479313
P1 -12.60252120  12.60252120 -34.78204143
P1 -12.60252120  34.78204143 -12.60252120
P2 -9.01510790  36.72479313 -7.62808682
P2 -7.62808682  36.72479313 -9.01510790
P1 -7.07369980  1.53755491 -40.33292255
P1 -4.01639149 -1.51740446 -40.33458551
P1 -7.07369980  40.33292255 -1.53755491
P1 -4.01639149  40.33458551  1.51740446
P1 -1.51740446 -4.01639149 -40.33458551
P1  1.53755491 -7.07369980 -40.33292255
P1 -1.51740446  40.33458551  4.01639149
P1  1.53755491  40.33292255  7.07369980
P2  7.62808682 -9.01510790 -36.72479313
P2  9.01510790 -7.62808682 -36.72479313
P2  7.62808682  36.72479313  9.01510790
P2  9.01510790  36.72479313  7.62808682
P1  12.60252120 -12.60252120 -34.78204143
P1  12.60252120  34.78204143  12.60252120
P2  18.69879141 -14.53548885 -31.19030539
P2  20.08589753 -13.14715440 -31.19125025
P2  18.69879141  31.19030539  14.53548885
P2  20.08589753  31.19125025  13.14715440
P1  23.65773476 -18.12315442 -29.19354532
P2  25.75819355 -12.98958338 -25.75819355
P2  25.75819355  25.75819355  12.98958338
P1  23.65773476  29.19354532  18.12315442
P1  29.19354532 -18.12315442 -23.65773476
P2  31.19030539 -14.53548885 -18.69879141
P2  31.19125025 -13.14715440 -20.08589753
P2  31.19030539  18.69879141  14.53548885
P2  31.19125025  20.08589753  13.14715440
P1  29.19354532  23.65773476  18.12315442
P1  34.78204143 -12.60252120 -12.60252120
P2  36.72479313 -9.01510790 -7.62808682
P2  36.72479313 -7.62808682 -9.01510790
P2  36.72479313  7.62808682  9.01510790
P2  36.72479313  9.01510790  7.62808682
P1  34.78204143  12.60252120  12.60252120
P1  40.33292255 -7.07369980 -1.53755491
P1  40.33458551 -4.01639149  1.51740446
P1  40.33458551 -1.51740446  4.01639149
P1  40.33292255  1.53755491  7.07369980
P2 -3.46855426  13.17717743 -36.72266719
P2 -2.07664997  14.55780178 -36.72469865
P1 -7.05410618  18.14080824 -34.77764782
P2 -1.91942495  20.22809941 -31.31523517
P1 -7.04961902  23.68808376 -29.23833182
P2 -1.92650741  25.77427511 -25.77427511
P1 -7.04961902  29.23833182 -23.68808376
P2 -1.91942495  31.31523517 -20.22809941
P1 -7.05410618  34.77764782 -18.14080824
P2 -3.46855426  36.72266719 -13.17717743
P2 -2.07664997  36.72469865 -14.55780178
P1 -1.53755491  7.07369980 -40.33292255
P1  1.51740446  4.01639149 -40.33458551
P2  3.59578762  9.13637162 -36.86681549
P2  3.59578762  36.86681549 -9.13637162
P1 -1.53755491  40.33292255 -7.07369980
P1  1.51740446  40.33458551 -4.01639149
P1  4.01639149  1.51740446 -40.33458551
P1  7.07369980 -1.53755491 -40.33292255
P2  9.13637162  3.59578762 -36.86681549
P2  9.13637162  36.86681549 -3.59578762
P1  4.01639149  40.33458551 -1.51740446
P1  7.07369980  40.33292255  1.53755491
P2  13.17717743 -3.46855426 -36.72266719
P2  14.55780178 -2.07664997 -36.72469865
P2  13.17717743  36.72266719  3.46855426
P2  14.55780178  36.72469865  2.07664997
P1  18.14080824 -7.05410618 -34.77764782
P2  20.22809941 -1.91942495 -31.31523517
P2  20.22809941  31.31523517  1.91942495
P1  18.14080824  34.77764782  7.05410618
P1  23.68808376 -7.04961902 -29.23833182
P2  25.77427511 -1.92650741 -25.77427511
P2  25.77427511  25.77427511  1.92650741
P1  23.68808376  29.23833182  7.04961902
P1  29.23833182 -7.04961902 -23.68808376
P2  31.31523517 -1.91942495 -20.22809941
P2  31.31523517  20.22809941  1.91942495
P1  29.23833182  23.68808376  7.04961902
P1  34.77764782 -7.05410618 -18.14080824
P2  36.72266719 -3.46855426 -13.17717743
P2  36.72469865 -2.07664997 -14.55780178
P2  36.86681549  3.59578762 -9.13637162
P2  36.86681549  9.13637162 -3.59578762
P2  36.72266719  13.17717743  3.46855426
P2  36.72469865  14.55780178  2.07664997
P1  34.77764782  18.14080824  7.05410618
P1  40.33292255 -1.53755491 -7.07369980
P1  40.33458551  1.51740446 -4.01639149
P1  40.33458551  4.01639149 -1.51740446
P1  40.33292255  7.07369980  1.53755491
P1  4.03977402  18.15334090 -34.80404729
P1  7.07930945  15.08812315 -34.80571025
P2  9.14616229  20.20786045 -31.29735836
P1  4.02399480  23.69537811 -29.24012706
P2  9.14985104  25.75675735 -25.75675735
P1  4.02399480  29.24012706 -23.69537811
P2  9.14616229  31.29735836 -20.20786045
P1  4.03977402  34.80404729 -18.15334090
P1  7.07930945  34.80571025 -15.08812315
P1  9.55879530  12.58944430 -34.79227430
P1  12.58944430  9.55879530 -34.79227430
P2  14.67788915  14.67788915 -31.29378678
P2  14.68610946  20.22409319 -25.76376824
P2  14.68610946  25.76376824 -20.22409319
P2  14.67788915  31.29378678 -14.67788915
P1  9.55879530  34.79227430 -12.58944430
P1  12.58944430  34.79227430 -9.55879530
P1  15.08812315  7.07930945 -34.80571025
P1  18.15334090  4.03977402 -34.80404729
P2  20.20786045  9.14616229 -31.29735836
P2  20.22409319  14.68610946 -25.76376824
P2  20.22777816  20.22777816 -20.22777816
P2  20.22409319  25.76376824 -14.68610946
P2  20.20786045  31.29735836 -9.14616229
P1  15.08812315  34.80571025 -7.07930945
P1  18.15334090  34.80404729 -4.03977402
P1  23.69537811  4.02399480 -29.24012706
P2  25.75675735  9.14985104 -25.75675735
P2  25.76376824  14.68610946 -20.22409319
P2  25.76376824  20.22409319 -14.68610946
P2  25.75675735  25.75675735 -9.14985104
P1  23.69537811  29.24012706 -4.02399480
P1  29.24012706  4.02399480 -23.69537811
P2  31.29735836  9.14616229 -20.20786045
P2  31.29378678  14.67788915 -14.67788915
P2  31.29735836  20.20786045 -9.14616229
P1  29.24012706  23.69537811 -4.02399480
P1  34.80404729  4.03977402 -18.15334090
P1  34.80571025  7.07930945 -15.08812315
P1  34.79227430  9.55879530 -12.58944430
P1  34.79227430  12.58944430 -9.55879530
P1  34.80571025  15.08812315 -7.07930945
P1  34.80404729  18.15334090 -4.03977402
