0 -0.211414193559725 7.15765e-07
1 -0.21141413425658 1.26072e-06
2 -0.210908096563439 3.95846e-07
3 -0.210908093355028 2.66472e-06
4 -0.210668788026663 1.04287e-06
5 -0.210668767168186 6.23755e-07
6 -0.210668757332942 4.03373e-07
7 -0.210668063986734 2.0309e-06
8 -0.210424664513515 7.26451e-07
9 -0.210424648214639 2.74663e-07
10 -0.210297031494579 2.03634e-07
11 -0.210296996117325 4.77818e-07
12 -0.210296954632021 6.14261e-07
13 -0.208872617757723 2.75546e-07
14 -0.208872532312041 1.90446e-07
15 -0.208872503281431 1.32471e-07
16 -0.20759429248273 2.47977e-07
17 -0.207594266261346 2.72507e-07
18 -0.207355848193413 1.41021e-07
19 -0.207355803176569 1.1382e-07
20 -0.207355795130333 8.95233e-08
21 -0.207105215171585 1.07712e-07
22 -0.207105171995545 3.3737e-07
23 -0.207105168738127 3.92766e-07
24 -0.20633144016161 1.05334e-07
25 -0.206331381771744 9.69649e-08
26 -0.206331363934794 1.30545e-07
27 -0.205779421990297 1.19587e-07
28 -0.205779414163967 9.36153e-08
29 -0.205779367952041 1.29531e-07
30 -0.20572304471076 7.1609e-08
31 -0.205723011689178 3.99493e-08
32 -0.205145836787385 7.65726e-08
33 -0.205145800631181 7.55692e-08
34 -0.20514577168318 6.28901e-08
35 -0.205035645528786 7.07315e-08
36 -0.203258149601706 9.61385e-08
37 -0.20304029236396 2.77528e-08
38 -0.20304028499017 3.66899e-08
39 -0.203040254711444 3.16101e-08
40 -0.202534343600776 6.11561e-08
41 -0.20253430690111 1.31709e-08
42 -0.202534291899932 3.46472e-08
43 -0.201939817727078 2.39985e-08
44 -0.201939745215471 3.52429e-08
45 -0.201622924055604 2.68635e-08
46 -0.201622890620881 3.3424e-08
47 -0.201622880452631 2.66039e-08
48 -0.201363781086654 5.18204e-08
49 -0.20029453724014 7.05842e-08
50 -0.200294509834825 4.56253e-08
51 -0.200294486348431 3.41428e-08
52 -0.19879794686788 7.8009e-08
53 -0.198797935454481 4.28813e-08
54 -0.198797915615107 5.30118e-08
55 -0.197605648984853 5.93714e-08
56 -0.197605640866389 3.81729e-08
57 -0.196796763554742 5.05323e-08
58 -0.196796703426762 6.14955e-08
59 -0.196796690149407 5.01187e-08
60 -0.195488595130141 3.08323e-08
61 -0.195488589563257 3.6118e-08
62 -0.195488499217554 4.06381e-08
63 -0.19470124677957 6.12694e-08
64 -0.194701242639027 5.44326e-08
65 -0.194701230432843 6.48457e-08
66 -0.192874199496488 6.14955e-08
67 -0.192874195147882 6.85899e-08
68 -0.19279980832548 4.08934e-08
69 -0.192701798577801 1.76706e-08
70 -0.192701764300237 3.17197e-08
71 -0.192701724910872 6.9644e-08
72 -0.191258499160971 1.29048e-08
73 -0.191258472352281 3.51443e-08
74 -0.191258442397684 3.81729e-08
75 -0.189355738833558 7.48774e-08
76 -0.186164579904856 8.40877e-08
77 -0.186164481040241 5.59414e-08
78 -0.186164475839742 6.59597e-08
79 -0.186051004990085 1.666e-08
80 -0.186050993247928 5.6803e-08
81 -0.186050919871243 4.14831e-08
82 -0.184239292526669 3.76236e-08
83 -0.184239234566587 4.38415e-08
84 -0.182543700326903 4.86432e-08
85 -0.182543667599488 3.65002e-08
86 -0.182543666103478 5.09426e-08
87 -0.179167391927926 2.05736e-08
88 -0.179167387992797 3.07195e-08
89 -0.179167380978339 3.32157e-08
90 -0.0993286110175788 1.97124e-08
91 -0.0896982728202167 2.34131e-08
92 -0.0889398558425576 1.51894e-08
93 -0.0889398552498912 2.41067e-08
94 -0.0889398261327552 2.68635e-08
95 -0.083879571796974 2.15214e-08
96 -0.0827112910571938 1.48136e-08
97 -0.0827112732919189 1.55562e-08
98 -0.082711271490361 9.58855e-09
99 -0.0821930276303859 1.49593e-08
100 -0.0821929364882286 1.23554e-08
101 -0.0817606311826011 3.2262e-09
102 -0.0798517989251482 8.53571e-09
103 -0.0798517823838196 7.6232e-09
104 -0.0798517514444363 1.05367e-08
105 -0.0760930632256625 2.72163e-08
106 -0.0760930502619903 1.32366e-08
107 -0.0760929801178517 2.41965e-08
108 -0.0734691051224321 6.42748e-08
109 -0.0734690860195018 6.98864e-08
110 -0.0734690711079478 6.53388e-08
111 -0.0727344984088047 1.01962e-07
112 -0.0706679941969391 1.6059e-07
113 -0.0706679614304972 2.50517e-07
114 -0.0705185867631163 1.90971e-07
115 -0.0705185559828875 3.81414e-07
116 -0.0705185245224664 1.63497e-07
117 -0.0700868314265734 6.22725e-07
118 -0.0691655761700669 1.52254e-06
119 -0.0691654423537081 8.55034e-07
120 -0.0691653576154064 4.46789e-07
121 -0.0687969307710653 6.21612e-07
122 -0.068438497255033 1.56568e-06
123 -0.0684384878856465 1.02091e-06
124 -0.0684384764146798 1.10838e-06
125 -0.0680765767364873 1.21882e-06
126 -0.068076520219918 1.49628e-06
127 -0.0680764792220891 7.80742e-07
128 -0.0678503041655807 1.90031e-06
129 -0.0678502998521196 2.02541e-06
130 -0.0672903576937373 2.75952e-06
131 -0.0672903375985921 1.52131e-06
132 -0.0672902610695899 1.17119e-06
133 -0.0661030177023144 4.44324e-06
134 -0.0661030120157811 1.31444e-05
135 -0.0661029909762958 1.47045e-05
136 -0.0651686889790525 1.15745e-05
137 -0.0651686853583496 1.14442e-05
138 -0.06516865576502 2.36841e-05
139 -0.0640409450912374 3.31805e-05
140 -0.0640409017478996 3.56076e-05
141 -0.0640408805448077 4.48223e-05
142 -0.0626994368397698 6.05348e-05
143 -0.0620233363378878 0.000101811
144 -0.0620233135211566 0.000215775
145 -0.0602579059504317 0.000497426
146 -0.0602578947728719 0.000393352
147 -0.0602574676118486 0.00172286
148 -0.0593884788325216 0.000804961
149 -0.0593883738082341 0.0008912
