758
Ga  21.36750970 -21.36750970 -26.70957610
Ga  21.36750970 -26.70957610 -21.36750970
Ga  16.02559448 -21.36769867 -21.36769867
As  24.03825944 -24.03825944 -24.03825944
Ga  26.70957610 -21.36750970 -21.36750970
Ga  10.68388713 -10.68388713 -26.70976507
Ga  10.68381154 -16.02587794 -21.36769867
Ga  5.34189632 -10.68384934 -21.36769867
As  13.35480694 -13.35480694 -24.03844841
As  18.69664657 -18.69664657 -24.03844841
Ga  16.02578345 -16.02578345 -26.70957610
Ga  21.36769867 -16.02559448 -21.36769867
Ga  16.02587794 -10.68381154 -21.36769867
Ga -0.00000023 -0.00000023 -26.70976507
Ga -0.00001006 -5.34189632 -21.36769867
Ga -5.34189632 -0.00001006 -21.36769867
As  2.67097651 -2.67097651 -24.03844841
As  8.01291062 -8.01291062 -24.03844841
Ga  5.34191522 -5.34191522 -26.70976507
Ga  10.68384934 -5.34189632 -21.36769867
Ga  5.34189632  0.00001040 -21.36769867
Ga -10.68388713  10.68388713 -26.70976507
Ga -10.68384934  5.34189632 -21.36769867
Ga -16.02587794  10.68381154 -21.36769867
As -8.01291062  8.01291062 -24.03844841
As -2.67097651  2.67097651 -24.03844841
Ga -5.34191522  5.34191522 -26.70976507
Ga  0.00001040  5.34189632 -21.36769867
Ga -5.34189632  10.68384934 -21.36769867
Ga -21.36750970  21.36750970 -26.70957610
Ga -21.36769867  16.02559448 -21.36769867
Ga -26.70957610  21.36750970 -21.36750970
As -18.69664657  18.69664657 -24.03844841
As -13.35480694  13.35480694 -24.03844841
Ga -16.02578345  16.02578345 -26.70957610
Ga -10.68381154  16.02587794 -21.36769867
Ga -16.02559448  21.36769867 -21.36769867
As -24.03825944  24.03825944 -24.03825944
Ga -21.36750970  26.70957610 -21.36750970
Ga  10.68381154 -21.36769867 -16.02587794
Ga  10.68388713 -26.70976507 -10.68388713
Ga  5.34189632 -21.36769867 -10.68386823
As  18.69664657 -24.03844841 -18.69664657
As  13.35480694 -24.03844841 -13.35480694
Ga  16.02578345 -26.70957610 -16.02578345
Ga  21.36769867 -21.36769867 -16.02561338
Ga  16.02587794 -21.36769867 -10.68381154
Ga  0.00006584 -10.68371705 -16.02568897
Ga  0.00006594 -16.02568897 -10.68371705
Ga -5.34176404 -10.68367926 -10.68367926
As  8.01302401 -13.35471246 -18.69662768
As  2.67108989 -13.35461797 -13.35461797
As  8.01302401 -18.69662768 -13.35471246
Ga  5.34195301 -16.02574566 -16.02574566
Ga  10.68379264 -10.68379264 -16.02563227
Ga  10.68379264 -16.02563227 -10.68379264
Ga  5.34189632 -10.68366036 -10.68366036
As  13.35484474 -18.69662768 -18.69662768
As  18.69662768 -13.35484474 -18.69662768
As  13.35475025 -13.35475025 -13.35475025
As  18.69662768 -18.69662768 -13.35484474
Ga  16.02572676 -16.02572676 -16.02572676
Ga  21.36769867 -10.68381154 -16.02587794
Ga  21.36769867 -16.02587794 -10.68381154
Ga  16.02563227 -10.68379264 -10.68379264
As  24.03844841 -18.69664657 -18.69664657
As  24.03844841 -13.35480694 -13.35480694
Ga  26.70957610 -16.02578345 -16.02578345
Ga  26.70976507 -10.68388713 -10.68388713
Ga -10.68371705  0.00006584 -16.02568897
Ga -10.68367926 -5.34176404 -10.68367926
Ga -16.02568897  0.00006594 -10.68371705
As -2.67078753 -2.67078753 -18.69657099
As -8.01262716 -2.67076864 -13.35458018
As -2.67076864 -8.01262716 -13.35458018
Ga -5.34178294 -5.34178294 -16.02568897
Ga  0.00000017  0.00000017 -16.02549999
Ga  0.00005391 -5.34176404 -10.68360367
Ga -5.34176404  0.00005391 -10.68360367
As  2.67107099 -8.01274055 -18.69658988
As  8.01274055 -2.67107099 -18.69658988
As  2.67091981 -2.67091981 -13.35463687
As  8.01283503 -8.01283503 -13.35467466
Ga  5.34185853 -5.34185853 -16.02555668
Ga  10.68371705 -0.00006558 -16.02568897
Ga  10.68366036 -5.34189632 -10.68366036
Ga  5.34176404 -0.00005386 -10.68360367
As  13.35471246 -8.01302401 -18.69662768
As  13.35461797 -2.67108989 -13.35461797
As  18.69662768 -8.01302401 -13.35471246
Ga  16.02574566 -5.34195301 -16.02574566
Ga  21.36769867 -5.34189632 -10.68386823
Ga  16.02568897 -0.00006580 -10.68371705
Ga -21.36769867  10.68381154 -16.02587794
Ga -21.36769867  5.34189632 -10.68386823
Ga -26.70976507  10.68388713 -10.68388713
As -13.35471246  8.01302401 -18.69662768
As -18.69662768  8.01302401 -13.35471246
As -13.35461797  2.67108989 -13.35461797
Ga -16.02574566  5.34195301 -16.02574566
Ga -10.68379264  10.68379264 -16.02563227
Ga -10.68366036  5.34189632 -10.68366036
Ga -16.02563227  10.68379264 -10.68379264
As -8.01274055  2.67107099 -18.69658988
As -2.67107099  8.01274055 -18.69658988
As -8.01283503  8.01283503 -13.35467466
As -2.67091981  2.67091981 -13.35463687
Ga -5.34185853  5.34185853 -16.02555668
Ga -0.00006558  10.68371705 -16.02568897
Ga -0.00005386  5.34176404 -10.68360367
Ga -5.34189632  10.68366036 -10.68366036
As  2.67078753  2.67078753 -18.69657099
As  2.67076864  8.01262716 -13.35458018
As  8.01262716  2.67076864 -13.35458018
Ga  5.34178294  5.34178294 -16.02568897
Ga  10.68367926  5.34176404 -10.68367926
Ga  5.34176404  10.68367926 -10.68367926
As -24.03844841  18.69664657 -18.69664657
As -24.03844841  13.35480694 -13.35480694
Ga -26.70957610  16.02578345 -16.02578345
Ga -21.36769867  21.36769867 -16.02561338
Ga -21.36769867  16.02587794 -10.68381154
As -18.69662768  13.35484474 -18.69662768
As -13.35484474  18.69662768 -18.69662768
As -18.69662768  18.69662768 -13.35484474
As -13.35475025  13.35475025 -13.35475025
Ga -16.02572676  16.02572676 -16.02572676
Ga -10.68381154  21.36769867 -16.02587794
Ga -10.68379264  16.02563227 -10.68379264
Ga -16.02587794  21.36769867 -10.68381154
As -8.01302401  13.35471246 -18.69662768
As -8.01302401  18.69662768 -13.35471246
As -2.67108989  13.35461797 -13.35461797
Ga -5.34195301  16.02574566 -16.02574566
Ga -0.00006580  16.02568897 -10.68371705
Ga -5.34189632  21.36769867 -10.68386823
As -18.69664657  24.03844841 -18.69664657
As -13.35480694  24.03844841 -13.35480694
Ga -16.02578345  26.70957610 -16.02578345
Ga -10.68388713  26.70976507 -10.68388713
Ga -0.00000980 -21.36769867 -5.34191522
Ga -0.00000044 -26.70976507 -0.00000280
Ga -5.34189632 -21.36769867 -0.00001229
As  8.01291062 -24.03844841 -8.01291062
As  2.67097651 -24.03844841 -2.67097651
Ga  5.34191522 -26.70976507 -5.34191522
Ga  10.68384934 -21.36769867 -5.34189632
Ga  5.34189632 -21.36769867  0.00000861
Ga -10.68367926 -10.68367926 -5.34178294
Ga -10.68371705 -16.02568897  0.00006343
Ga -16.02568897 -10.68371705  0.00006343
As -2.67076864 -13.35458018 -8.01262716
As -8.01262716 -13.35458018 -2.67076864
As -2.67078753 -18.69657099 -2.67078753
Ga -5.34178294 -16.02567007 -5.34178294
Ga  0.00005399 -10.68360367 -5.34176404
Ga  0.00000044 -16.02549999 -0.00000151
Ga -5.34176404 -10.68360367  0.00005209
As  2.67107099 -18.69658988 -8.01274055
As  8.01283503 -13.35467466 -8.01283503
As  2.67091981 -13.35463687 -2.67091981
As  8.01274055 -18.69658988 -2.67107099
Ga  5.34185853 -16.02555668 -5.34185853
Ga  10.68366036 -10.68366036 -5.34189632
Ga  10.68371705 -16.02568897 -0.00006659
Ga  5.34176404 -10.68360367 -0.00005485
As  13.35471246 -18.69662768 -8.01302401
As  18.69662768 -13.35471246 -8.01302401
As  13.35461797 -13.35461797 -2.67108989
Ga  16.02574566 -16.02574566 -5.34195301
Ga  21.36769867 -10.68384934 -5.34189632
Ga  16.02568897 -10.68371705 -0.00006671
Ga -21.36769867 -0.00000980 -5.34191522
Ga -21.36769867 -5.34189632 -0.00001229
Ga -26.70976507 -0.00000044 -0.00000280
As -13.35458018 -2.67076864 -8.01262716
As -18.69657099 -2.67078753 -2.67078753
As -13.35458018 -8.01262716 -2.67076864
Ga -16.02567007 -5.34178294 -5.34178294
Ga -10.68360367  0.00005399 -5.34176404
Ga -10.68360367 -5.34176404  0.00005209
Ga -16.02549999  0.00000044 -0.00000151
As -8.01262716 -8.01262716 -8.01262716
As -2.67086312 -2.67086312 -8.01272165
As -8.01272165 -2.67086312 -2.67086312
As -2.67086312 -8.01272165 -2.67086312
Ga -5.34174514 -5.34174514 -5.34174514
Ga -0.00000017 -0.00000017 -5.34178294
Ga -0.00000009 -5.34178294 -0.00000126
Ga -5.34178294 -0.00000009 -0.00000126
As  2.67093871 -8.01274055 -8.01275944
As  8.01274055 -2.67093871 -8.01275944
As  2.67090092 -2.67090092 -2.67090092
As  8.01274055 -8.01274055 -2.67093871
Ga  5.34180184 -5.34180184 -5.34180184
Ga  10.68360367 -0.00005401 -5.34176404
Ga  10.68360367 -5.34176404 -0.00005492
Ga  5.34178294 -0.00000036 -0.00000137
As  13.35467466 -8.01283503 -8.01283503
As  18.69658988 -2.67107099 -8.01274055
As  13.35463687 -2.67091981 -2.67091981
As  18.69658988 -8.01274055 -2.67107099
Ga  16.02555668 -5.34185853 -5.34185853
Ga  21.36769867  0.00000999 -5.34191522
Ga  21.36769867 -5.34189632  0.00000846
Ga  16.02549999 -0.00000028 -0.00000168
As  24.03844841 -8.01291062 -8.01291062
As  24.03844841 -2.67097651 -2.67097651
Ga  26.70976507 -5.34191522 -5.34191522
Ga  26.70976507  0.00000024 -0.00000254
As -24.03844841  8.01291062 -8.01291062
As -24.03844841  2.67097651 -2.67097651
Ga -26.70976507  5.34191522 -5.34191522
Ga -21.36769867  10.68384934 -5.34189632
Ga -21.36769867  5.34189632  0.00000861
As -18.69658988  2.67107099 -8.01274055
As -13.35467466  8.01283503 -8.01283503
As -18.69658988  8.01274055 -2.67107099
As -13.35463687  2.67091981 -2.67091981
Ga -16.02555668  5.34185853 -5.34185853
Ga -10.68366036  10.68366036 -5.34189632
Ga -10.68360367  5.34176404 -0.00005485
Ga -16.02568897  10.68371705 -0.00006659
As -8.01274055  2.67093871 -8.01275944
As -2.67093871  8.01274055 -8.01275944
As -8.01274055  8.01274055 -2.67093871
As -2.67090092  2.67090092 -2.67090092
Ga -5.34180184  5.34180184 -5.34180184
Ga -0.00005401  10.68360367 -5.34176404
Ga -0.00000036  5.34178294 -0.00000137
Ga -5.34176404  10.68360367 -0.00005492
As  2.67086312  2.67086312 -8.01272165
As  8.01262716  8.01262716 -8.01262716
As  2.67086312  8.01272165 -2.67086312
As  8.01272165  2.67086312 -2.67086312
Ga  5.34174514  5.34174514 -5.34174514
Ga  10.68367926  10.68367926 -5.34178294
Ga  10.68360367  5.34176404  0.00005192
Ga  5.34176404  10.68360367  0.00005192
As  13.35458018  2.67076864 -8.01262716
As  13.35458018  8.01262716 -2.67076864
As  18.69657099  2.67078753 -2.67078753
Ga  16.02567007  5.34178294 -5.34178294
Ga  21.36769867  5.34189632 -0.00001235
Ga  16.02568897  10.68371705  0.00006339
As -18.69662768  13.35471246 -8.01302401
As -13.35471246  18.69662768 -8.01302401
As -13.35461797  13.35461797 -2.67108989
Ga -16.02574566  16.02574566 -5.34195301
Ga -10.68384934  21.36769867 -5.34189632
Ga -10.68371705  16.02568897 -0.00006671
As -8.01283503  13.35467466 -8.01283503
As -2.67107099  18.69658988 -8.01274055
As -8.01274055  18.69658988 -2.67107099
As -2.67091981  13.35463687 -2.67091981
Ga -5.34185853  16.02555668 -5.34185853
Ga  0.00000999  21.36769867 -5.34191522
Ga -0.00000028  16.02549999 -0.00000168
Ga -5.34189632  21.36769867  0.00000846
As  2.67076864  13.35458018 -8.01262716
As  2.67078753  18.69657099 -2.67078753
As  8.01262716  13.35458018 -2.67076864
Ga  5.34178294  16.02567007 -5.34178294
Ga  10.68371705  16.02568897  0.00006339
Ga  5.34189632  21.36769867 -0.00001235
As -8.01291062  24.03844841 -8.01291062
As -2.67097651  24.03844841 -2.67097651
Ga -5.34191522  26.70976507 -5.34191522
Ga  0.00000024  26.70976507 -0.00000254
Ga -10.68384934 -21.36769867  5.34189632
Ga -10.68388713 -26.70976507  10.68388713
Ga -16.02587794 -21.36769867  10.68381154
As -2.67097651 -24.03844841  2.67095761
As -8.01291062 -24.03844841  8.01291062
Ga -5.34191522 -26.70976507  5.34191522
Ga  0.00001044 -21.36769867  5.34189632
Ga -5.34189632 -21.36769867  10.68384934
Ga -21.36769867 -10.68384934  5.34189632
Ga -21.36769867 -16.02587794  10.68381154
Ga -26.70976507 -10.68388713  10.68388713
As -13.35461797 -13.35461797  2.67108989
As -18.69662768 -13.35471246  8.01302401
As -13.35471246 -18.69662768  8.01302401
Ga -16.02574566 -16.02574566  5.34195301
Ga -10.68366036 -10.68366036  5.34189632
Ga -10.68379264 -16.02563227  10.68379264
Ga -16.02563227 -10.68379264  10.68379264
As -8.01274055 -18.69658988  2.67107099
As -2.67091981 -13.35463687  2.67091981
As -8.01283503 -13.35467466  8.01283503
As -2.67107099 -18.69658988  8.01274055
Ga -5.34185853 -16.02555668  5.34185853
Ga -0.00005355 -10.68360367  5.34176404
Ga -0.00006526 -16.02568897  10.68371705
Ga -5.34189632 -10.68366036  10.68366036
As  2.67078753 -18.69657099  2.67078753
As  8.01262716 -13.35458018  2.67076864
As  2.67076864 -13.35458018  8.01262716
Ga  5.34178294 -16.02567007  5.34178294
Ga  10.68367926 -10.68367926  5.34176404
Ga  5.34176404 -10.68367926  10.68367926
As -24.03844841 -2.67097651  2.67095761
As -24.03844841 -8.01291062  8.01291062
Ga -26.70976507 -5.34191522  5.34191522
Ga -21.36769867  0.00001044  5.34189632
Ga -21.36769867 -5.34189632  10.68384934
As -18.69658988 -8.01274055  2.67107099
As -13.35463687 -2.67091981  2.67091981
As -18.69658988 -2.67107099  8.01274055
As -13.35467466 -8.01283503  8.01283503
Ga -16.02555668 -5.34185853  5.34185853
Ga -10.68360367 -0.00005355  5.34176404
Ga -10.68366036 -5.34189632  10.68366036
Ga -16.02568897 -0.00006526  10.68371705
As -8.01274055 -8.01274055  2.67093871
As -2.67090092 -2.67090092  2.67090092
As -8.01274055 -2.67093871  8.01274055
As -2.67093871 -8.01274055  8.01274055
Ga -5.34180184 -5.34180184  5.34180184
Ga -0.00000028 -0.00000028  5.34176404
Ga -0.00005370 -5.34176404  10.68360367
Ga -5.34176404 -0.00005370  10.68360367
As  2.67086312 -8.01272165  2.67086312
As  8.01272165 -2.67086312  2.67086312
As  2.67086312 -2.67086312  8.01272165
As  8.01262716 -8.01262716  8.01262716
Ga  5.34174514 -5.34174514  5.34174514
Ga  10.68360367  0.00005343  5.34176404
Ga  10.68367926 -5.34176404  10.68367926
Ga  5.34176404  0.00005350  10.68360367
As  13.35458018 -8.01262716  2.67076864
As  18.69657099 -2.67078753  2.67078753
As  13.35458018 -2.67076864  8.01262716
Ga  16.02567007 -5.34178294  5.34178294
Ga  21.36769867 -0.00001016  5.34189632
Ga  16.02568897  0.00006548  10.68371705
As -18.69657099  2.67078753  2.67078753
As -13.35458018  8.01262716  2.67076864
As -13.35458018  2.67076864  8.01262716
Ga -16.02567007  5.34178294  5.34178294
Ga -10.68367926  10.68367926  5.34176404
Ga -10.68367926  5.34176404  10.68367926
As -8.01272165  2.67086312  2.67086312
As -2.67086312  8.01272165  2.67086312
As -8.01262716  8.01262716  8.01262716
As -2.67086312  2.67086312  8.01272165
Ga -5.34174514  5.34174514  5.34174514
Ga  0.00005343  10.68360367  5.34176404
Ga  0.00005350  5.34176404  10.68360367
Ga -5.34176404  10.68367926  10.68367926
As  2.67090092  2.67090092  2.67090092
As  8.01274055  8.01274055  2.67093871
As  2.67093871  8.01275944  8.01274055
As  8.01275944  2.67093871  8.01274055
Ga  5.34180184  5.34180184  5.34180184
Ga  10.68366036  10.68366036  5.34189632
Ga  10.68366036  5.34189632  10.68366036
Ga  5.34189632  10.68366036  10.68366036
As  13.35463687  2.67091981  2.67091981
As  18.69658988  8.01274055  2.67107099
As  13.35467466  8.01283503  8.01283503
As  18.69658988  2.67107099  8.01274055
Ga  16.02555668  5.34185853  5.34185853
Ga  21.36769867  10.68384934  5.34189632
Ga  21.36769867  5.34189632  10.68384934
Ga  16.02563227  10.68379264  10.68379264
As  24.03844841  2.67097651  2.67095761
As  24.03844841  8.01291062  8.01291062
Ga  26.70976507  5.34191522  5.34191522
Ga  26.70976507  10.68388713  10.68388713
As -8.01262716  13.35458018  2.67076864
As -2.67078753  18.69657099  2.67078753
As -2.67076864  13.35458018  8.01262716
Ga -5.34178294  16.02567007  5.34178294
Ga -0.00001016  21.36769867  5.34189632
Ga  0.00006548  16.02568897  10.68371705
As  2.67091981  13.35463687  2.67091981
As  8.01274055  18.69658988  2.67107099
As  2.67107099  18.69658988  8.01274055
As  8.01283503  13.35467466  8.01283503
Ga  5.34185853  16.02555668  5.34185853
Ga  10.68384934  21.36769867  5.34189632
Ga  10.68379264  16.02563227  10.68379264
Ga  5.34189632  21.36769867  10.68384934
As  13.35461797  13.35461797  2.67108989
As  13.35471246  18.69662768  8.01302401
As  18.69662768  13.35471246  8.01302401
Ga  16.02574566  16.02574566  5.34195301
Ga  21.36769867  16.02587794  10.68381154
Ga  16.02587794  21.36769867  10.68381154
As  2.67097651  24.03844841  2.67095761
As  8.01291062  24.03844841  8.01291062
Ga  5.34191522  26.70976507  5.34191522
Ga  10.68388713  26.70976507  10.68388713
Ga -21.36769867 -21.36769867  16.02559448
Ga -21.36750970 -26.70957610  21.36750970
Ga -26.70957610 -21.36750970  21.36750970
As -13.35480694 -24.03844841  13.35480694
As -18.69664657 -24.03844841  18.69664657
Ga -16.02578345 -26.70957610  16.02578345
Ga -10.68381154 -21.36769867  16.02587794
Ga -16.02559448 -21.36769867  21.36769867
As -24.03844841 -13.35480694  13.35480694
As -24.03844841 -18.69664657  18.69664657
Ga -26.70957610 -16.02578345  16.02578345
Ga -21.36769867 -10.68381154  16.02587794
Ga -21.36769867 -16.02559448  21.36769867
As -18.69662768 -18.69662768  13.35484474
As -13.35475025 -13.35475025  13.35475025
As -18.69662768 -13.35484474  18.69662768
As -13.35484474 -18.69662768  18.69662768
Ga -16.02572676 -16.02572676  16.02572676
Ga -10.68379264 -10.68379264  16.02563227
Ga -10.68381154 -16.02587794  21.36769867
Ga -16.02587794 -10.68381154  21.36769867
As -8.01302401 -18.69662768  13.35471246
As -2.67108989 -13.35461797  13.35461797
As -8.01302401 -13.35471246  18.69662768
Ga -5.34195301 -16.02574566  16.02574566
Ga -0.00006539 -10.68371705  16.02568897
Ga -5.34189632 -10.68384934  21.36769867
As -18.69662768 -8.01302401  13.35471246
As -13.35461797 -2.67108989  13.35461797
As -13.35471246 -8.01302401  18.69662768
Ga -16.02574566 -5.34195301  16.02574566
Ga -10.68371705 -0.00006539  16.02568897
Ga -10.68384934 -5.34189632  21.36769867
As -8.01283503 -8.01283503  13.35467466
As -2.67091981 -2.67091981  13.35463687
As -8.01274055 -2.67107099  18.69658988
As -2.67107099 -8.01274055  18.69658988
Ga -5.34185853 -5.34185853  16.02555668
Ga -0.00000001 -0.00000001  16.02549999
Ga  0.00001026 -5.34189632  21.36769867
Ga -5.34189632  0.00001026  21.36769867
As  2.67076864 -8.01262716  13.35458018
As  8.01262716 -2.67076864  13.35458018
As  2.67078753 -2.67078753  18.69657099
Ga  5.34178294 -5.34178294  16.02567007
Ga  10.68371705  0.00006549  16.02568897
Ga  5.34189632 -0.00001014  21.36769867
As -8.01262716  2.67076864  13.35458018
As -2.67076864  8.01262716  13.35458018
As -2.67078753  2.67078753  18.69657099
Ga -5.34178294  5.34178294  16.02567007
Ga  0.00006549  10.68371705  16.02568897
Ga -0.00001014  5.34189632  21.36769867
As  2.67091981  2.67091981  13.35463687
As  8.01283503  8.01283503  13.35467466
As  2.67107099  8.01274055  18.69658988
As  8.01274055  2.67107099  18.69658988
Ga  5.34185853  5.34185853  16.02555668
Ga  10.68379264  10.68379264  16.02563227
Ga  10.68384934  5.34189632  21.36769867
Ga  5.34189632  10.68384934  21.36769867
As  13.35461797  2.67108989  13.35461797
As  18.69662768  8.01302401  13.35471246
As  13.35471246  8.01302401  18.69662768
Ga  16.02574566  5.34195301  16.02574566
Ga  21.36769867  10.68381154  16.02587794
Ga  16.02587794  10.68381154  21.36769867
As  2.67108989  13.35461797  13.35461797
As  8.01302401  18.69662768  13.35471246
As  8.01302401  13.35471246  18.69662768
Ga  5.34195301  16.02574566  16.02574566
Ga  10.68381154  21.36769867  16.02587794
Ga  10.68381154  16.02587794  21.36769867
As  13.35475025  13.35475025  13.35475025
As  18.69662768  18.69662768  13.35484474
As  13.35484474  18.69662768  18.69662768
As  18.69662768  13.35484474  18.69662768
Ga  16.02572676  16.02572676  16.02572676
Ga  21.36769867  21.36769867  16.02559448
Ga  21.36769867  16.02559448  21.36769867
Ga  16.02559448  21.36769867  21.36769867
As  24.03844841  13.35480694  13.35480694
As  24.03844841  18.69664657  18.69664657
Ga  26.70957610  16.02578345  16.02578345
Ga  26.70957610  21.36750970  21.36750970
As  13.35480694  24.03844841  13.35480694
As  18.69664657  24.03844841  18.69664657
Ga  16.02578345  26.70957610  16.02578345
Ga  21.36750970  26.70957610  21.36750970
As -24.03825944 -24.03825944  24.03825944
Ga -21.36750970 -21.36750970  26.70957610
As -18.69664657 -18.69664657  24.03844841
As -13.35480694 -13.35480694  24.03844841
Ga -16.02578345 -16.02578345  26.70957610
Ga -10.68388713 -10.68388713  26.70976507
As -8.01291062 -8.01291062  24.03844841
As -2.67097651 -2.67097651  24.03844841
Ga -5.34191522 -5.34191522  26.70976507
Ga  0.00000003  0.00000003  26.70976507
As  2.67097651  2.67097651  24.03844841
As  8.01291062  8.01291062  24.03844841
Ga  5.34191522  5.34191522  26.70976507
Ga  10.68388713  10.68388713  26.70976507
As  13.35480694  13.35480694  24.03844841
As  18.69664657  18.69664657  24.03844841
Ga  16.02578345  16.02578345  26.70957610
Ga  21.36750970  21.36750970  26.70957610
As  24.03825944  24.03825944  24.03825944
P1  19.90324323 -22.83195285 -28.17339564
P1  22.83195285 -19.90325363 -28.17339564
P1  19.90324323 -28.17339564 -22.83195285
P1  22.83195285 -28.17339564 -19.90325363
P1  14.56154628 -22.83203789 -22.83203789
P2  24.83954105 -24.83954105 -24.83954105
P1  28.17339564 -22.83195285 -19.90325363
P1  28.17339564 -19.90324323 -22.83195285
P1  9.21958948 -12.14825753 -28.17368855
P1  12.14825753 -9.21958948 -28.17368855
P1  9.21980491 -17.49009244 -22.83214183
P1  3.87795205 -12.14803265 -22.83224576
P1  14.56144423 -17.49020582 -28.17349958
P1  17.49020582 -14.56144423 -28.17349958
P1  22.83203789 -14.56154628 -22.83203789
P1  17.49010283 -9.21980491 -22.83214183
P1 -1.46420421 -1.46420421 -28.17389642
P1  1.46420400  1.46420400 -28.17389642
P1 -1.46395919 -6.80596531 -22.83224576
P1 -6.80596531 -1.46395919 -22.83224576
P1  3.87771111 -6.80621286 -28.17389642
P1  6.80621286 -3.87771111 -28.17389642
P1  12.14803265 -3.87795205 -22.83224576
P1  6.80596531  1.46395934 -22.83224576
P1 -12.14825753  9.21958948 -28.17368855
P1 -9.21958948  12.14825753 -28.17368855
P1 -12.14803265  3.87795205 -22.83224576
P1 -17.49009244  9.21980491 -22.83214183
P1 -6.80621286  3.87771111 -28.17389642
P1 -3.87771111  6.80621286 -28.17389642
P1  1.46395934  6.80596531 -22.83224576
P1 -3.87795205  12.14803265 -22.83224576
P1 -22.83195285  19.90324323 -28.17339564
P1 -19.90325363  22.83195285 -28.17339564
P1 -22.83203789  14.56154628 -22.83203789
P1 -28.17339564  19.90324323 -22.83195285
P1 -28.17339564  22.83195285 -19.90325363
P1 -17.49020582  14.56144423 -28.17349958
P1 -14.56144423  17.49020582 -28.17349958
P1 -9.21980491  17.49010283 -22.83214183
P1 -14.56154628  22.83203789 -22.83203789
P2 -24.83954105  24.83954105 -24.83954105
P1 -22.83195285  28.17339564 -19.90325363
P1 -19.90324323  28.17339564 -22.83195285
P1  9.21980491 -22.83214183 -17.49010283
P1  9.21958948 -28.17368855 -12.14825753
P1  12.14825753 -28.17368855 -9.21958948
P1  3.87795205 -22.83224576 -12.14804116
P1  14.56144423 -28.17349958 -17.49020582
P1  17.49020582 -28.17349958 -14.56144423
P1  22.83203789 -22.83203789 -14.56156517
P1  17.49010283 -22.83214183 -9.21980491
P1 -1.46387306 -12.14796273 -17.49010094
P1 -1.46387302 -17.49010094 -12.14796273
P1 -6.80584342 -12.14794573 -12.14794573
P1  3.87801914 -17.49009527 -17.49009527
P1  22.83214183 -9.21980491 -17.49010283
P1  22.83214183 -17.49010283 -9.21980491
P1  28.17349958 -17.49020582 -14.56145463
P1  28.17349958 -14.56144423 -17.49020582
P1  28.17368855 -12.14825753 -9.21959988
P1  28.17368855 -9.21958948 -12.14825753
P1 -12.14796273 -1.46387306 -17.49010094
P1 -12.14794573 -6.80584342 -12.14794573
P1 -17.49010094 -1.46387302 -12.14796273
P1 -6.80586232 -6.80586232 -17.49011133
P1  12.14796273  1.46387318 -17.49010094
P1  17.49009527 -3.87801914 -17.49009527
P1  22.83224576 -3.87795205 -12.14804116
P1  17.49010094  1.46387308 -12.14796273
P1 -22.83214183  9.21980491 -17.49010283
P1 -22.83224576  3.87795205 -12.14804116
P1 -28.17368855  9.21958948 -12.14825753
P1 -28.17368855  12.14825753 -9.21958948
P1 -17.49009527  3.87801914 -17.49009527
P1  1.46387318  12.14796273 -17.49010094
P1  6.80586232  6.80586232 -17.49011133
P1  12.14794573  6.80584342 -12.14794573
P1  6.80584342  12.14794573 -12.14794573
P1 -28.17349958  14.56144423 -17.49020582
P1 -28.17349958  17.49020582 -14.56144423
P1 -22.83203789  22.83203789 -14.56156517
P1 -22.83214183  17.49010283 -9.21980491
P1 -9.21980491  22.83214183 -17.49010283
P1 -17.49010283  22.83214183 -9.21980491
P1 -3.87801914  17.49009527 -17.49009527
P1  1.46387308  17.49010094 -12.14796273
P1 -3.87795205  22.83224576 -12.14804116
P1 -17.49020582  28.17349958 -14.56145463
P1 -14.56144423  28.17349958 -17.49020582
P1 -12.14825753  28.17368855 -9.21959988
P1 -9.21958948  28.17368855 -12.14825753
P1 -1.46395907 -22.83224576 -6.80597381
P1 -1.46420430 -28.17389642 -1.46420537
P1  1.46420391 -28.17389642  1.46420284
P1 -6.80596531 -22.83224576 -1.46397059
P1  3.87771111 -28.17389642 -6.80621286
P1  6.80621286 -28.17389642 -3.87771111
P1  12.14803265 -22.83224576 -3.87795205
P1  6.80596531 -22.83224576  1.46395854
P1 -12.14794573 -12.14794573 -6.80585193
P1 -12.14796273 -17.49010094 -1.46387415
P1 -17.49010094 -12.14796273 -1.46387415
P1 -6.80586232 -17.49010283 -6.80586232
P1  12.14796273 -17.49010094  1.46386234
P1  17.49009527 -17.49009527 -3.87801914
P1  22.83224576 -12.14803265 -3.87795205
P1  17.49010094 -12.14796273  1.46386228
P1 -22.83224576 -1.46395907 -6.80597381
P1 -22.83224576 -6.80596531 -1.46397059
P1 -28.17389642 -1.46420430 -1.46420537
P1 -28.17389642  1.46420391  1.46420284
P1 -17.49010283 -6.80586232 -6.80586232
P1  22.83224576  1.46395916 -6.80597381
P1  22.83224576 -6.80596531  1.46395847
P1  28.17389642 -6.80621286 -3.87771111
P1  28.17389642 -3.87771111 -6.80621286
P1  28.17389642 -1.46420400  1.46420296
P1  28.17389642  1.46420421 -1.46420525
P1 -28.17389642  3.87771111 -6.80621286
P1 -28.17389642  6.80621286 -3.87771111
P1 -22.83224576  12.14803265 -3.87795205
P1 -22.83224576  6.80596531  1.46395854
P1 -17.49010094  12.14796273  1.46386234
P1  12.14794573  12.14794573 -6.80585193
P1  17.49010283  6.80586232 -6.80586232
P1  22.83224576  6.80596531 -1.46397061
P1  17.49010094  12.14796273 -1.46387417
P1 -17.49009527  17.49009527 -3.87801914
P1 -12.14803265  22.83224576 -3.87795205
P1 -12.14796273  17.49010094  1.46386228
P1  1.46395916  22.83224576 -6.80597381
P1 -6.80596531  22.83224576  1.46395847
P1  6.80586232  17.49010283 -6.80586232
P1  12.14796273  17.49010094 -1.46387417
P1  6.80596531  22.83224576 -1.46397061
P1 -6.80621286  28.17389642 -3.87771111
P1 -3.87771111  28.17389642 -6.80621286
P1 -1.46420400  28.17389642  1.46420296
P1  1.46420421  28.17389642 -1.46420525
P1 -12.14803265 -22.83224576  3.87795205
P1 -12.14825753 -28.17368855  9.21958948
P1 -9.21958948 -28.17368855  12.14825753
P1 -17.49009244 -22.83214183  9.21980491
P1 -6.80621286 -28.17389642  3.87771111
P1 -3.87771111 -28.17389642  6.80621286
P1  1.46395936 -22.83224576  6.80596531
P1 -3.87795205 -22.83224576  12.14803265
P1 -22.83224576 -12.14803265  3.87795205
P1 -22.83214183 -17.49009244  9.21980491
P1 -28.17368855 -12.14825753  9.21958948
P1 -28.17368855 -9.21958948  12.14825753
P1 -17.49009527 -17.49009527  3.87801914
P1  1.46387333 -17.49010094  12.14796273
P1  6.80586232 -17.49010283  6.80586232
P1  12.14794573 -12.14794573  6.80584342
P1  6.80584342 -12.14794573  12.14794573
P1 -28.17389642 -6.80621286  3.87771111
P1 -28.17389642 -3.87771111  6.80621286
P1 -22.83224576  1.46395936  6.80596531
P1 -22.83224576 -3.87795205  12.14803265
P1 -17.49010094  1.46387333  12.14796273
P1  12.14794573 -6.80584342  12.14794573
P1  17.49010283 -6.80586232  6.80586232
P1  22.83224576 -1.46395923  6.80596531
P1  17.49010094 -1.46387323  12.14796273
P1 -17.49010283  6.80586232  6.80586232
P1 -12.14794573  12.14794573  6.80584342
P1 -12.14794573  6.80584342  12.14794573
P1 -6.80584342  12.14794573  12.14794573
P1  22.83224576  12.14803265  3.87795205
P1  22.83224576  3.87795205  12.14803265
P1  28.17389642  3.87771111  6.80621286
P1  28.17389642  6.80621286  3.87771111
P1  28.17368855  9.21958948  12.14825753
P1  28.17368855  12.14825753  9.21958948
P1 -6.80586232  17.49010283  6.80586232
P1 -1.46395923  22.83224576  6.80596531
P1 -1.46387323  17.49010094  12.14796273
P1  12.14803265  22.83224576  3.87795205
P1  3.87795205  22.83224576  12.14803265
P1  17.49009527  17.49009527  3.87801914
P1  22.83214183  17.49010283  9.21980491
P1  17.49010283  22.83214183  9.21980491
P1  3.87771111  28.17389642  6.80621286
P1  6.80621286  28.17389642  3.87771111
P1  9.21958948  28.17368855  12.14825753
P1  12.14825753  28.17368855  9.21958948
P1 -22.83203789 -22.83203789  14.56154628
P1 -22.83195285 -28.17339564  19.90324323
P1 -19.90325363 -28.17339564  22.83195285
P1 -28.17339564 -22.83195285  19.90324323
P1 -28.17339564 -19.90325363  22.83195285
P1 -17.49020582 -28.17349958  14.56144423
P1 -14.56144423 -28.17349958  17.49020582
P1 -9.21980491 -22.83214183  17.49009244
P1 -14.56154628 -22.83203789  22.83203789
P1 -28.17349958 -17.49020582  14.56144423
P1 -28.17349958 -14.56144423  17.49020582
P1 -22.83214183 -9.21980491  17.49009244
P1 -22.83203789 -14.56154628  22.83203789
P1 -9.21980491 -17.49010283  22.83214183
P1 -17.49010283 -9.21980491  22.83214183
P1 -3.87801914 -17.49009527  17.49009527
P1  1.46387327 -12.14796273  17.49010094
P1 -3.87795205 -12.14803265  22.83224576
P1 -17.49009527 -3.87801914  17.49009527
P1 -12.14796273  1.46387327  17.49010094
P1 -12.14803265 -3.87795205  22.83224576
P1  1.46395928 -6.80596531  22.83224576
P1 -6.80596531  1.46395928  22.83224576
P1  6.80586232 -6.80586232  17.49010283
P1  12.14796273 -1.46387322  17.49010094
P1  6.80596531 -1.46395922  22.83224576
P1 -6.80586232  6.80586232  17.49010283
P1 -1.46387322  12.14796273  17.49010094
P1 -1.46395922  6.80596531  22.83224576
P1  12.14803265  3.87795205  22.83224576
P1  3.87795205  12.14803265  22.83224576
P1  17.49009527  3.87801914  17.49009527
P1  22.83214183  9.21980491  17.49009244
P1  17.49010283  9.21980491  22.83214183
P1  3.87801914  17.49009527  17.49009527
P1  9.21980491  22.83214183  17.49009244
P1  9.21980491  17.49010283  22.83214183
P1  22.83203789  22.83203789  14.56154628
P1  22.83203789  14.56154628  22.83203789
P1  14.56154628  22.83203789  22.83203789
P1  28.17349958  14.56144423  17.49020582
P1  28.17349958  17.49020582  14.56144423
P1  28.17339564  19.90324323  22.83195285
P1  28.17339564  22.83195285  19.90324323
P1  14.56144423  28.17349958  17.49020582
P1  17.49020582  28.17349958  14.56144423
P1  19.90324323  28.17339564  22.83195285
P1  22.83195285  28.17339564  19.90324323
P2 -24.83954105 -24.83954105  24.83954105
P1 -19.90325363 -22.83195285  28.17339564
P1 -22.83195285 -19.90325363  28.17339564
P1 -14.56144423 -17.49020582  28.17349958
P1 -17.49020582 -14.56144423  28.17349958
P1 -9.21958948 -12.14825753  28.17368855
P1 -12.14825753 -9.21958948  28.17368855
P1 -3.87771111 -6.80621286  28.17389642
P1 -6.80621286 -3.87771111  28.17389642
P1  1.46420412 -1.46420409  28.17389642
P1 -1.46420409  1.46420412  28.17389642
P1  6.80621286  3.87771111  28.17389642
P1  3.87771111  6.80621286  28.17389642
P1  12.14825753  9.21958948  28.17368855
P1  9.21958948  12.14825753  28.17368855
P1  17.49020582  14.56144423  28.17349958
P1  14.56144423  17.49020582  28.17349958
P1  22.83195285  19.90324323  28.17339564
P1  19.90324323  22.83195285  28.17339564
P2  24.83954105  24.83954105  24.83954105
