0 -0.248043419224917 4.18163e-08
1 -0.24801271244672 5.37914e-08
2 -0.247747251207611 2.41426e-08
3 -0.247567545854397 6.01839e-08
4 -0.247524438021624 9.49766e-09
5 -0.24733129050851 3.08323e-08
6 -0.247251471112748 3.76236e-08
7 -0.247159179470739 3.3424e-08
8 -0.24707562709032 1.05367e-08
9 -0.247022393332522 2.98023e-08
10 -0.24683548257116 5.3273e-08
11 -0.246782217994564 4.88567e-08
12 -0.246754194273343 1.49012e-08
13 -0.246649972152107 2.56748e-08
14 -0.246184436660622 6.01839e-08
15 -0.246095329655661 3.332e-08
16 -0.246085094349862 3.1168e-08
17 -0.245744201437154 2.26601e-08
18 -0.245703139761281 4.15666e-08
19 -0.245633094638552 2.78775e-08
20 -0.24556184649616 3.20462e-08
21 -0.245534120764078 2.18811e-08
22 -0.245452554454197 4.60039e-08
23 -0.245231248709448 9.85619e-09
24 -0.245145156878812 2.63418e-08
25 -0.245071426007951 1.86265e-08
26 -0.244469440444262 1.37559e-07
27 -0.244427842880497 4.57771e-08
28 -0.244317935676767 6.59597e-08
29 -0.243971145983238 2.29642e-08
30 -0.243882066252025 2.1722e-08
31 -0.243880422170738 3.59254e-08
32 -0.243760924839255 4.64542e-08
33 -0.243635492211939 4.32037e-08
34 -0.243402730604525 2.55393e-08
35 -0.243379497414029 5.29463e-08
36 -0.242839704488509 1.6867e-08
37 -0.242753666058949 4.23931e-08
38 -0.242669730130674 2.72481e-08
39 -0.242231963578991 4.84288e-08
40 -0.242094379498056 5.91958e-08
41 -0.242053529145619 3.57317e-08
42 -0.241519988930104 4.69002e-08
43 -0.241166268196232 1.84392e-08
44 -0.241156517960677 1.02021e-08
45 -0.241109908864463 4.84288e-08
46 -0.240560406686322 1.62382e-08
47 -0.240467296375277 4.38415e-08
48 -0.239788420424359 2.8493e-08
49 -0.239696361382378 4.08934e-08
50 -0.239418192565064 1.14821e-08
51 -0.238611791295408 6.54846e-08
52 -0.238561161314237 6.5749e-08
53 -0.238416998511799 4.57013e-08
54 -0.237876411692709 4.79247e-08
55 -0.237865949822459 5.26177e-08
56 -0.236915308949187 1.0563e-07
57 -0.236485698979422 5.47504e-08
58 -0.236194728051133 7.00414e-08
59 -0.236117262614679 9.11365e-08
60 -0.145165861941808 1.74732e-08
61 -0.129642978514443 2.1642e-08
62 -0.129569970012669 2.43572e-08
63 -0.128197027185617 6.96938e-09
64 -0.114784510438544 1.92223e-08
65 -0.114557301550124 2.70244e-08
66 -0.114486082423683 9.76779e-09
67 -0.111686508781504 1.19993e-08
68 -0.11166008154753 2.95392e-08
69 -0.108067200883895 8.43348e-09
70 -0.102804216726627 1.87656e-08
71 -0.0998098941144522 2.01906e-08
72 -0.099716780590931 1.15574e-08
73 -0.0995926335392575 2.94215e-08
74 -0.0970746037928701 1.74334e-07
75 -0.0956202597125978 3.57249e-07
76 -0.0956081858261424 4.82256e-07
77 -0.0928413139188773 1.70358e-07
78 -0.0926408036620727 1.88224e-07
79 -0.0926034871093286 2.58438e-07
80 -0.0868534345335812 2.35978e-06
81 -0.0867767205392529 3.16593e-05
82 -0.0862788955225701 3.81626e-06
83 -0.0854718027350128 6.75027e-06
84 -0.0854014433844768 6.34868e-06
85 -0.0844163560942611 2.81381e-05
86 -0.0837741196301958 1.15356e-05
87 -0.0827563406726226 3.97417e-06
88 -0.0827379633528247 7.61608e-06
89 -0.0804181102568887 4.41514e-05
90 -0.0799343121644634 0.000181815
91 -0.0798868910049604 0.000131348
92 -0.0784130725343851 0.000228343
93 -0.0780298723776494 1.77166e-05
94 -0.0780101868919441 7.6456e-05
95 -0.0770793040560758 6.4751e-05
96 -0.0762807297135221 3.31666e-05
97 -0.074251443617294 7.18375e-05
98 -0.0737772476064921 8.03633e-05
99 -0.0737731941615473 8.54379e-05
100 -0.0731420482846366 7.30544e-05
101 -0.0731412003853618 0.000136478
102 -0.0730873731211691 0.000166746
103 -0.0730320295496259 0.000117308
104 -0.0729690889998642 8.39636e-05
105 -0.0725707933019032 0.000126057
106 -0.0710307539902227 0.000229722
107 -0.0709951763014336 0.000249155
108 -0.0691084094172734 0.00130099
109 -0.0690891126604221 0.000422183
110 -0.0687182330420243 0.000739405
111 -0.0685581265483653 0.00086227
112 -0.0685101403893748 0.000847618
113 -0.0682685122520525 0.0025399
114 -0.0681870628726303 0.0007142
115 -0.0668258274839168 0.00470866
116 -0.0668197676534341 0.00237941
117 -0.0666562288645703 0.00239529
118 -0.065172767078148 0.00448136
