684
Cd  0.04169132 -4.64305675  4.16675132
Cd  8.12389423 -4.64177174  4.16731824
Se  8.12389423 -4.64405831 -0.78249774
Cd  16.20608221 -4.64305675  4.16675132
Cd -4.00017197  2.35764104  4.16675132
Cd  4.08413250  2.35798119  4.16852766
Se  4.08262072  2.35711192 -0.78039069
Cd  12.16365596  2.35798119  4.16852766
Cd  8.12389423  0.02334152 -2.43236081
Se  12.16516774  2.35711192 -0.78039069
Cd  20.24803602  2.35764104  4.16675132
Cd  0.04204565  9.35639242  4.16731824
Se  0.04008241  9.35752625 -0.78249774
Cd  8.12389423  9.35505071  4.16852766
Cd  4.08216718  7.02382804 -2.43236081
Se  8.12389423  9.35678926 -0.78039069
Cd  16.20574206  9.35639242  4.16731824
Cd  12.16562128  7.02382804 -2.43236081
Se  16.20770737  9.35752625 -0.78249774
Cd  4.08203490  16.35640991  4.16675132
Cd  12.16575356  16.35640991  4.16675132
Se  0.04169284 -4.64305675  12.41608556
Cd  8.12389423 -4.64405831  17.36531572
Cd  4.08231836 -6.97873918  10.76595793
Se  8.12389423 -4.64177174  12.41551864
Se  4.08233726 -6.97873918  5.81686005
Cd  12.16545120 -6.97873918  10.76595793
Se  16.20608221 -4.64305675  12.41608556
Se  12.16545120 -6.97873918  5.81686005
Se -4.00015308  2.35764104  12.41608556
Cd  4.08262072  2.35709302  17.36321812
Cd  0.04191261  0.02419813  10.76569337
Se  4.08413250  2.35798119  12.41429032
Se  0.04191469  0.02419908  5.81712461
Cd  12.16516774  2.35709302  17.36321812
Cd  8.12389423  0.02501392  10.76429497
Se  12.16365596  2.35798119  12.41429032
Se  8.12389423  0.02501468  5.81852301
Cd  16.20587434  0.02419775  10.76569337
Se  20.24803602  2.35764104  12.41608556
Se  16.20587434  0.02419832  5.81712461
Cd  0.04007977  9.35752625  17.36531572
Cd -4.00259082  7.02477290  10.76595793
Se  0.04204792  9.35639242  12.41551864
Se -4.00259082  7.02477290  5.81686005
Cd  8.12389423  9.35678926  17.36321812
Cd  4.08360338  7.02299656  10.76429497
Se  8.12389423  9.35505071  12.41429032
Se  4.08360338  7.02299656  5.81852301
Cd  16.20770737  9.35752625  17.36531572
Cd  12.16416619  7.02299656  10.76429497
Se  16.20574206  9.35639242  12.41551864
Se  12.16416619  7.02299656  5.81852301
Cd  20.25030369  7.02477290  10.76595793
Se  20.25030369  7.02477290  5.81686005
Cd  0.03896445  14.02496047  10.76595793
Se  4.08203490  16.35640991  12.41608556
Se  0.03896691  14.02496047  5.81686005
Cd  8.12389423  14.02259831  10.76569337
Se  12.16575356  16.35640991  12.41608556
Se  8.12389423  14.02259831  5.81714351
Cd  16.20882231  14.02496047  10.76595793
Se  16.20882231  14.02496047  5.81686005
Se  8.12389423  0.02334190  19.01517879
Se  4.08216718  7.02382804  19.01517879
Se  12.16562128  7.02382804  19.01517879
Se  0.04253584 -4.64309455 -0.78298529
Se -4.00111684 -6.97855021  5.81629313
Cd  12.16420398 -6.97779432 -2.43415605
Cd  4.08358448 -6.97779432 -2.43415605
Se  16.20525073 -4.64309455 -0.78298529
Se  20.24898089 -6.97855021  5.81629313
Se -3.99977513  2.35837803 -0.78298529
Se -8.04416669  0.02421117  5.81629313
Cd  0.04206360  0.02428525 -2.43419384
Se  8.12389423  0.02346246 -7.38304605
Cd  16.20572316  0.02428506 -2.43419384
Se  20.24746910  2.35837803 -0.78298529
Se  24.29186067  0.02421022  5.81629313
Cd -4.00115463  7.02537762 -2.43415605
Cd  0.03915645  14.02339200 -2.43415605
Se  4.08226167  7.02377135 -7.38304605
Cd  8.12389423  14.02242824 -2.43419384
Se  12.16552679  7.02377135 -7.38304605
Cd  20.24898089  7.02537762 -2.43415605
Cd  16.20863334  14.02339200 -2.43415605
Se  4.08158137  16.35571071 -0.78298529
Se  4.08084438  21.02528032  5.81629313
Se  12.16618820  16.35569181 -0.78298529
Se  12.16694409  21.02528032  5.81629313
Cd -4.00111684 -6.97855021  10.76652485
Cd  0.04253376 -4.64309455  17.36580705
Se  4.08358448 -6.97779432  19.01706851
Se  12.16420398 -6.97779432  19.01706851
Se  4.08243174 -11.64740172  12.41559423
Cd  4.08243174 -11.64740172  4.16722375
Se  12.16533782 -11.64740172  12.41559423
Cd  20.24898089 -6.97855021  10.76652485
Cd  16.20525073 -4.64309455  17.36580705
Cd  12.16533782 -11.64740172  4.16722375
Cd -8.04416669  0.02421041  10.76652485
Cd -3.99977513  2.35837803  17.36580705
Se  0.04206473  0.02428581  19.01706851
Se  16.20572316  0.02428544  19.01706851
Cd  24.29186067  0.02421004  10.76652485
Cd  20.24746910  2.35837803  17.36580705
Se -4.00115463  7.02537762  19.01706851
Se  0.03915758  14.02339200  19.01706851
Se -8.04571627  9.35918921  12.41559423
Cd -8.04571627  9.35918921  4.16722375
Se  8.12389423  14.02242824  19.01706851
Se  20.24898089  7.02537762  19.01706851
Se  16.20863334  14.02339200  19.01706851
Se  24.29356142  9.35918921  12.41559423
Cd  24.29356142  9.35918921  4.16722375
Se -4.00427268  16.35918781  12.41559423
Cd  4.08084438  21.02528032  10.76652485
Cd  4.08158137  16.35569181  17.36580705
Cd -4.00427268  16.35918781  4.16722375
Cd  12.16694409  21.02528032  10.76652485
Cd  12.16618820  16.35569181  17.36580705
Se  20.25200445  16.35918781  12.41559423
Cd  20.25200445  16.35918781  4.16722375
Cd  8.12389423  0.02346189  23.96588293
Cd  4.08226167  7.02377135  23.96588293
Cd  12.16550789  7.02377135  23.96588293
Cd -3.99852791 -6.97628253 -2.43547885
Cd -4.00223177 -11.64747731  4.16745052
Cd -8.04380764 -4.64409610  4.16656235
Se  12.16356148 -6.97754865 -7.38433107
Se  12.16437406 -11.64725054 -0.78339725
Se  4.08422698 -6.97754865 -7.38433107
Se  4.08341440 -11.64725054 -0.78339725
Cd  20.24633527 -6.97628253 -2.43547885
Cd  20.24992575 -11.64747731  4.16745052
Cd  24.29167169 -4.64409610  4.16656235
Cd -8.04089746  0.02531345 -2.43547885
Cd -12.08812361  2.35769773  4.16745052
Se  0.04310843  0.02488826 -7.38463342
Cd  8.12389423 -4.64243314 -9.03600827
Cd  4.08409470  2.35794340 -9.03685865
Cd  12.16369376  2.35794340 -9.03685865
Se  16.20468381  0.02488788 -7.38463342
Cd  24.28864813  0.02531307 -2.43547885
Cd  28.33587428  2.35769773  4.16745052
Se -4.00062551  7.02581225 -7.38433107
Se -8.04511155  9.35996400 -0.78339725
Se  0.03904382  14.02273060 -7.38433107
Se -4.00463173  16.35828074 -0.78339725
Cd  0.04147344  9.35671367 -9.03600827
Cd  8.12389423  9.35508851 -9.03685865
Se  8.12389423  14.02121881 -7.38463342
Cd  16.20630898  9.35671367 -9.03600827
Se  20.24841397  7.02581225 -7.38433107
Se  24.29280553  9.35996400 -0.78339725
Se  16.20874672  14.02273060 -7.38433107
Se  20.25238239  16.35828074 -0.78339725
Cd  4.08152468  21.02187881 -2.43547885
Cd  0.03799937  23.36079267  4.16745052
Cd  8.12389423  23.35909192  4.16656235
Cd  12.16626378  21.02187881 -2.43547885
Cd  16.20978607  23.36079267  4.16745052
Se -4.00223177 -11.64747731  12.41536746
Se -8.04380764 -4.64409610  12.41625564
Se -3.99852791 -6.97628253  19.01820235
Cd  4.08341440 -11.64725054  17.36622279
Cd  4.08422698 -6.97754865  23.96720574
Cd  12.16437406 -11.64725054  17.36622279
Cd  12.16356148 -6.97754865  23.96720574
Cd  8.12389423 -13.98365106  10.76627918
Cd  0.03956085 -13.98227156  10.76633587
Se  0.03956179 -13.98227156  5.81650100
Se  8.12389423 -13.98365106  5.81653880
Cd  16.20821760 -13.98227156  10.76633587
Se  20.24992575 -11.64747731  12.41536746
Se  24.29167169 -4.64409610  12.41625564
Se  20.24633527 -6.97628253  19.01820235
Se  16.20821760 -13.98227156  5.81650100
Se -12.08812361  2.35769773  12.41536746
Se -8.04089746  0.02531382  19.01820235
Cd  0.04310635  0.02488750  23.96739471
Cd  16.20466491  0.02488731  23.96739471
Se  28.33587428  2.35769773  12.41536746
Se  24.28864813  0.02531326  19.01820235
Cd -8.04511155  9.35996400  17.36622279
Cd -4.00062551  7.02581225  23.96720574
Cd -4.00463173  16.35828074  17.36622279
Cd  0.03904193  14.02273060  23.96720574
Cd -12.08921966  7.02539651  10.76633587
Cd -8.04824850  14.02732263  10.76627918
Se -12.08921966  7.02539651  5.81650100
Se -8.04824850  14.02732263  5.81653880
Cd  8.12389423  14.02121881  23.96739471
Cd  24.29280553  9.35996400  17.36622279
Cd  20.24841397  7.02581225  23.96720574
Cd  20.25238239  16.35828074  17.36622279
Cd  16.20874672  14.02273060  23.96720574
Cd  28.33700812  7.02539651  10.76633587
Cd  24.29601806  14.02732263  10.76627918
Se  28.33700812  7.02539651  5.81650100
Se  24.29601806  14.02732263  5.81653880
Cd -4.00487739  21.02792594  10.76633587
Se  8.12389423  23.35928089  12.41625564
Se  0.03800031  23.36079267  12.41536746
Se  4.08152468  21.02187881  19.01820235
Se -4.00487739  21.02792594  5.81650100
Se  16.20978607  23.36079267  12.41536746
Se  12.16626378  21.02187881  19.01820235
Cd  20.25276034  21.02792594  10.76633587
Se  20.25276034  21.02792594  5.81650100
Se  8.12389423 -4.64243314  25.61882625
Se  12.16369376  2.35794340  25.61977112
Se  4.08409470  2.35794340  25.61977112
Se  8.12389423  9.35508851  25.61977112
Se  0.04147419  9.35671367  25.61882625
Se  16.20630898  9.35671367  25.61882625
Se -3.99601458 -6.97422273 -7.38599403
Se -3.99951057 -11.64405690 -0.78220294
Se -8.04012268 -4.64197961 -0.78317426
Se -8.04556509 -13.98195031  5.81574511
Se -12.08736772 -6.97864469  5.81538607
Cd  12.16333471 -11.64360337 -9.03600827
Cd  16.20234055 -4.64133710 -9.03786020
Cd  16.20674361 -13.98109993 -2.43217183
Cd  8.12389423 -13.98351878 -2.43357023
Cd  4.08445375 -11.64360337 -9.03600827
Cd  0.04544526 -4.64133710 -9.03786020
Cd  0.04103445 -13.98109993 -2.43217183
Se  20.24387863 -6.97422273 -7.38599403
Se  20.24728013 -11.64405690 -0.78220105
Se  24.28789224 -4.64197961 -0.78317426
Se  24.29337245 -13.98196921  5.81574511
Se  28.33511839 -6.97864469  5.81538607
Se -8.03787390  0.02645919 -7.38599403
Se -12.08379614  2.35835914 -0.78220294
Se -16.13151362  0.02332413  5.81574511
Cd -3.99678936  2.36002210 -9.03786020
Se  8.12389423 -4.64258432 -13.98744941
Se  4.08377345  2.35777332 -13.98780846
Se  12.16399611  2.35777332 -13.98780846
Cd  20.24463452  2.36002210 -9.03786020
Se  24.28562457  0.02645824 -7.38599403
Se  28.33152791  2.35834024 -0.78220105
Se  32.37932098  0.02332300  5.81574511
Cd -8.04142659  9.35903803 -9.03600827
Cd -12.08746221  7.02607681 -2.43217183
Cd -8.04813512  14.02724704 -2.43357023
Cd -4.00198611  16.35555953 -9.03600827
Cd  4.08163806  16.35230921 -9.03786020
Cd -4.00461283  21.02603621 -2.43217183
Se  0.04134550  9.35678926 -13.98744941
Se  8.12389423  9.35544755 -13.98780846
Cd  12.16613150  16.35230921 -9.03786020
Se  16.20644126  9.35678926 -13.98744941
Cd  24.28921505  9.35903803 -9.03600827
Cd  28.33530736  7.02607681 -2.43217183
Cd  24.29582909  14.02724704 -2.43357023
Cd  20.24973678  16.35555953 -9.03600827
Cd  20.25238239  21.02603621 -2.43217183
Se  4.08203490  21.01885525 -7.38599403
Se  8.12389423  23.35493452 -0.78317426
Se  0.03959902  23.35663527 -0.78220105
Se  0.03793738  28.02954970  5.81574511
Se  8.12389423  28.02822689  5.81538607
Se  12.16573466  21.01885525 -7.38599403
Se  16.20817980  23.35663527 -0.78220105
Se  16.20984276  28.02954970  5.81574511
Cd -8.04556509 -13.98196921  10.76707287
Cd -3.99951057 -11.64405690  17.36501336
Cd -12.08736772 -6.97864469  10.76743192
Cd -8.04014157 -4.64197961  17.36599602
Cd -3.99601458 -6.97422273  23.96890649
Se  0.04103502 -13.98109993  19.01498981
Se  8.12389423 -13.98351878  19.01631262
Se  4.08445375 -11.64360337  25.61882625
Se  0.04544583 -4.64133710  25.62071598
Se  16.20674361 -13.98109993  19.01498981
Se  12.16333471 -11.64360337  25.61882625
Se  16.20234055 -4.64133710  25.62071598
Se  8.12389423 -18.65193566  12.41563203
Se  0.03721003 -18.65153882  12.41487614
Cd  0.03720965 -18.65153882  4.16794185
Cd  8.12389423 -18.65193566  4.16718596
Se  16.21057976 -18.65153882  12.41487614
Cd  24.29337245 -13.98196921  10.76707287
Cd  20.24728013 -11.64405690  17.36503226
Cd  28.33511839 -6.97864469  10.76743192
Cd  24.28789224 -4.64197961  17.36599602
Cd  20.24387863 -6.97422273  23.96890649
Cd  16.21057976 -18.65153882  4.16794185
Cd -16.13151362  0.02332338  10.76707287
Cd -12.08379614  2.35835914  17.36501336
Cd -8.03787390  0.02645843  23.96890649
Se -3.99678936  2.36002210  25.62071598
Se  20.24463452  2.36002210  25.62071598
Cd  32.37932098  0.02332281  10.76707287
Cd  28.33152791  2.35834024  17.36501336
Cd  24.28562457  0.02645805  23.96890649
Se -12.08746221  7.02607681  19.01498981
Se -8.04813512  14.02724704  19.01631262
Se -8.04142659  9.35903803  25.61882625
Se -4.00461283  21.02603621  19.01498981
Se  4.08163806  16.35230921  25.62071598
Se -4.00198611  16.35555953  25.61882625
Se -16.13410255  9.35799868  12.41487614
Se -12.09110938  16.36147438  12.41563203
Cd -16.13410255  9.35799868  4.16794185
Cd -12.09110938  16.36147438  4.16718596
Se  12.16613150  16.35230921  25.62071598
Se  28.33530736  7.02607681  19.01498981
Se  24.29582909  14.02724704  19.01631262
Se  24.28921505  9.35903803  25.61882625
Se  20.25238239  21.02603621  19.01498981
Se  20.24973678  16.35555953  25.61882625
Se  32.38196660  9.35799868  12.41487614
Se  28.33889784  16.36147438  12.41563203
Cd  32.38196660  9.35799868  4.16794185
Cd  28.33889784  16.36147438  4.16718596
Se -8.04741702  23.36457212  12.41487614
Cd  8.12389423  28.02822689  10.76743192
Cd  8.12389423  23.35493452  17.36599602
Cd  0.03793682  28.02954970  10.76707287
Cd  0.03959732  23.35663527  17.36503226
Cd  4.08203490  21.01885525  23.96890649
Cd -8.04741702  23.36457212  4.16794185
Cd  16.20984276  28.02954970  10.76707287
Cd  16.20817980  23.35663527  17.36503226
Cd  12.16573466  21.01885525  23.96890649
Se  24.29526217  23.36457212  12.41487614
Cd  24.29526217  23.36457212  4.16794185
Cd  8.12389423 -4.64258432  30.57028629
Cd  12.16399611  2.35777332  30.57066424
Cd  4.08377345  2.35777332  30.57066424
Cd  8.12389423  9.35544755  30.57066424
Cd  0.04134418  9.35678926  30.57028629
Cd  16.20644126  9.35678926  30.57028629
Se  12.16390163 -11.64596553 -13.98671242
Se  8.12389423 -13.98092986 -7.38446335
Se  16.20447594 -13.97733938 -7.38270590
Se  16.20256732 -4.64060011 -13.98913127
Se  16.20880341 -18.65015932 -0.78182499
Se  8.12389423 -18.65280493 -0.78354843
Se  4.08388683 -11.64596553 -13.98671242
Se  0.04329759 -13.97733938 -7.38270590
Se  0.04520754 -4.64060011 -13.98913127
Se  0.03897031 -18.65015932 -0.78182499
Se -3.99626024  2.35945518 -13.98913127
Cd  12.16350478 -6.97853131 -15.64012817
Cd  4.08428368 -6.97851241 -15.64012817
Cd  8.12389423  0.02416298 -15.64082737
Cd  0.04404611  0.02542985 -15.64122421
Cd  4.08286638  7.02341230 -15.64082737
Cd  16.20373895  0.02542966 -15.64122421
Cd  12.16490318  7.02341230 -15.64082737
Se  20.24406760  2.35945518 -13.98913127
Se -8.04375095  9.35973723 -13.98671242
Se -12.08307805  7.02617130 -7.38270590
Se -8.04590524  14.02596203 -7.38446335
Se -16.13202385  9.35883016 -0.78182499
Se -12.09186527  16.36190901 -0.78354843
Se -4.00374355  16.35722249 -13.98671242
Se -4.00247744  21.02206779 -7.38270590
Se  4.08241285  16.35213913 -13.98913127
Se -8.04711466  23.36230445 -0.78182499
Cd -4.00143809  7.02634138 -15.64012817
Cd  0.03817587  14.02316523 -15.64012817
Cd  8.12389423  14.02012277 -15.64122421
Se  12.16535672  16.35213913 -13.98913127
Cd  20.24916986  7.02634138 -15.64012817
Cd  16.20959710  14.02316523 -15.64012817
Se  24.29148272  9.35973723 -13.98671242
Se  28.33077202  7.02617130 -7.38270590
Se  24.29375039  14.02596203 -7.38446335
Se  32.37988790  9.35883016 -0.78182499
Se  28.33965373  16.36190901 -0.78354843
Se  20.25143753  16.35722249 -13.98671242
Se  20.25030369  21.02206779 -7.38270590
Se  24.29488423  23.36230445 -0.78182499
Cd  0.03896993 -18.65015932  17.36465431
Cd  0.04329646 -13.97733938  23.96550499
Cd  8.12389423 -18.65280493  17.36637397
Cd  8.12389423 -13.98092986  23.96720574
Cd  4.08388683 -11.64596553  30.56953040
Cd  0.04520659 -4.64060011  30.57198704
Cd  16.20880341 -18.65015932  17.36465431
Cd  16.20447594 -13.97733938  23.96550499
Cd  12.16390163 -11.64596553  30.56953040
Cd  16.20256732 -4.64060011  30.57198704
Cd  12.16743541 -20.98578505  10.76669492
Cd  4.08033415 -20.98578505  10.76669492
Cd -4.00686160 -20.98616299  10.76675161
Se -4.00686160 -20.98616299  5.81606637
Se  4.08035305 -20.98578505  5.81612306
Se  12.16743541 -20.98578505  5.81612306
Cd  20.25465006 -20.98616299  10.76675161
Se  20.25465006 -20.98616299  5.81606637
Cd -3.99626024  2.35945518  30.57198704
Cd  20.24406760  2.35945518  30.57198704
Cd -16.13202385  9.35883016  17.36465431
Cd -12.08307805  7.02617130  23.96550499
Cd -12.09186527  16.36190901  17.36637397
Cd -8.04590524  14.02596203  23.96720574
Cd -8.04375095  9.35973723  30.56953040
Cd -8.04711466  23.36230445  17.36465431
Cd -4.00247744  21.02206779  23.96550499
Cd  4.08241285  16.35213913  30.57198704
Cd -4.00374355  16.35722249  30.56953040
Cd -20.17792719  7.02303436  10.76675161
Cd -16.13404585  14.02656674  10.76669492
Cd -12.09050467  21.03019361  10.76669492
Se -20.17792719  7.02303436  5.81606637
Se -16.13404585  14.02656674  5.81612306
Se -12.09050467  21.03019361  5.81612306
Cd  12.16535672  16.35213913  30.57198704
Cd  32.37988790  9.35883016  17.36465431
Cd  28.33077202  7.02617130  23.96550499
Cd  28.33965373  16.36190901  17.36637397
Cd  24.29375039  14.02596203  23.96720574
Cd  24.29148272  9.35973723  30.56953040
Cd  24.29488423  23.36230445  17.36465431
Cd  20.25030369  21.02206779  23.96550499
Cd  20.25143753  16.35722249  30.56953040
Cd  36.42579124  7.02303436  10.76675161
Cd  32.38177762  14.02656674  10.76669492
Cd  28.33833092  21.03019361  10.76669492
Se  36.42579124  7.02303436  5.81606637
Se  32.38177762  14.02656674  5.81612306
Se  28.33833092  21.03019361  5.81612306
Cd -8.04722805  28.03408504  10.76675161
Se -8.04722805  28.03408504  5.81606637
Cd  24.29507320  28.03408504  10.76675161
Se  24.29507320  28.03408504  5.81606637
Se  4.08428368 -6.97853131  32.22304064
Se  12.16350478 -6.97853131  32.22304064
Se  8.12389423  0.02416298  32.22360756
Se  16.20373895  0.02542966  32.22398550
Se  12.16490318  7.02341230  32.22360756
Se  0.04404630  0.02542985  32.22398550
Se  4.08286638  7.02341230  32.22360756
Se  8.12389423  14.02012277  32.22398550
Se -4.00143809  7.02634138  32.22304064
Se  0.03817568  14.02316523  32.22304064
Se  20.24916986  7.02634138  32.22304064
Se  16.20959710  14.02316523  32.22304064
P2 -3.99602875 -8.14093956 -7.79865821
P2 -5.00600225 -6.39055724 -7.79949442
P2 -5.21195498 -12.34388858 -1.27744872
P2 -9.25247072 -5.34192467 -1.27868422
P2 -8.04650523 -15.14934271  5.40344942
P2 -9.05611496 -13.39838875  5.40316124
P2 -12.08746693 -8.14590954  5.40289195
P2 -13.09830026 -6.39509731  5.40289195
P2  20.24387863 -8.14094428 -7.79865821
P2  21.25384268 -6.39055724 -7.79949442
P2  21.45974722 -12.34388858 -1.27744740
P2  25.50024595 -5.34192467 -1.27868422
P2  24.29431731 -15.14935688  5.40344942
P2  25.30390342 -13.39840292  5.40316124
P2  28.33521288 -8.14590954  5.40289195
P2  29.34607455 -6.39509731  5.40289195
P2 -8.03739675 -1.14004580 -7.79949442
P2 -9.04828677  0.60980740 -7.79865821
P2 -13.29609316  1.65826753 -1.27744872
P2 -16.13140969 -1.14362069  5.40316124
P2 -17.14297528  0.60620416  5.40344942
P2  24.28515214 -1.14004651 -7.79949442
P2  25.29606106  0.60980669 -7.79865821
P2  29.54382493  1.65825402 -1.27744740
P2  32.37922649 -1.14362154  5.40316124
P2  33.39079681  0.60620331  5.40344942
P2  3.07163564  21.60221367 -7.79865821
P2  5.09249973  21.60169399 -7.79949442
P2  8.12389423  24.75482464 -1.27868422
P2  0.03974647  24.75658208 -1.27744740
P2 -0.97258206  28.61408919  5.40344942
P2  1.04859327  28.61295535  5.40316124
P2  7.11306090  28.61196325  5.40289195
P2  9.13472756  28.61196325  5.40289195
P2  11.15527455  21.60169399 -7.79949442
P2  13.17613808  21.60221367 -7.79865821
P2  16.20803241  24.75658208 -1.27744740
P2  15.19918896  28.61295535  5.40316124
P2  17.22038318  28.61408919  5.40344942
P1 -8.04763339 -16.55022210  11.67412339
P1 -10.26877480 -12.69812338  11.67475739
P1 -6.22232533 -12.92708164  18.27302009
P1 -12.08758599 -9.54662735  11.67491896
P1 -14.31141931 -5.69484044  11.67491896
P1 -10.26276925 -5.92521222  18.27439770
P1 -3.99604576 -9.54101014  24.87667417
P1 -6.21798746 -5.69015865  24.87854500
P1  24.29545114 -16.55022210  11.67412339
P1  26.51654059 -12.69812338  11.67475739
P1  22.47013647 -12.92708164  18.27302859
P1  28.33532626 -9.54662735  11.67491896
P1  30.55922194 -5.69484044  11.67491896
P1  26.51054071 -5.92521222  18.27439770
P1  20.24387863 -9.54101014  24.87667417
P1  22.46579955 -5.69015865  24.87854500
P1 -16.13128496 -2.54395481  11.67475739
P1 -18.35672928  1.30565985  11.67412339
P1 -14.30634067  1.07485776  18.27302009
P1 -8.03682416 -2.53985212  24.87854500
P1 -10.26078221  1.30982491  24.87667417
P1  32.37911311 -2.54395507  11.67475739
P1  34.60456782  1.30565960  11.67412339
P1  30.55407244  1.07484884  18.27302009
P1  24.28458522 -2.53985229  24.87854500
P1  26.50858484  1.30982474  24.87667417
P1  10.34772755  29.31244688  11.67491896
P1  5.90006091  29.31244688  11.67491896
P1  8.12389423  25.92139973  18.27439770
P1  2.26138007  29.31304214  11.67475739
P1 -2.18520565  29.31553658  11.67412339
P1  0.03986869  25.92320442  18.27302859
P1  6.30505753  22.30110048  24.87854500
P1  1.85915653  22.30224376  24.87667417
P1  13.98640439  29.31304214  11.67475739
P1  18.43303169  29.31553658  11.67412339
P1  16.20790957  25.92320442  18.27302859
P1  9.94272242  22.30110048  24.87854500
P1  14.38862218  22.30224376  24.87667417
P2  13.17417276 -12.22970189 -14.39914039
P2  11.15389978 -12.22967354 -14.39977345
P2  8.12389423 -15.38114311 -7.87959234
P2  17.21432661 -13.39328177 -7.79619212
P2  16.20509955 -15.14447667 -7.79438743
P2  17.41456387 -5.34077760 -14.48520135
P2  17.21979264 -19.23345159 -1.19367944
P2  15.19843307 -19.23401851 -1.19489831
P2  9.13475118 -19.23600272 -1.19619088
P2  7.11303256 -19.23600272 -1.19619088
P2  5.09388868 -12.22967354 -14.39977345
P2  3.07361579 -12.22970189 -14.39914039
P2 -0.96654462 -13.39327704 -7.79619212
P2  0.04267445 -15.14447667 -7.79438743
P2 -1.16680194 -5.34077760 -14.48520135
P2  1.04933961 -19.23401851 -1.19489831
P2 -0.97203886 -19.23345159 -1.19367944
P2 -5.20864229  1.65991048 -14.48520135
P1  12.16278763 -6.97774140 -18.36322332
P1  4.08500083 -6.97773290 -18.36322332
P1  8.12389423  0.02429550 -18.36447338
P1  0.04507174  0.02602207 -18.36413228
P1  4.08298071  7.02334994 -18.36447338
P1  16.20270999  0.02602178 -18.36413228
P1  12.16478885  7.02334994 -18.36447338
P2  21.45642131  1.65991025 -14.48520135
P2 -9.05441893  8.77668590 -14.39914039
P2 -8.04426118  10.52627926 -14.39977345
P2 -12.08218988  5.85959148 -7.79619212
P2 -13.09416176  7.60919901 -7.79438743
P2 -9.25851973  14.72606582 -7.87959234
P2 -17.14264931  8.77490483 -1.19367944
P2 -16.13245848  10.52575486 -1.19489831
P2 -13.10233955  15.77806400 -1.19619088
P2 -12.09147788  17.52893292 -1.19619088
P2 -5.01425563  15.77439320 -14.39977345
P2 -4.00414040  17.52400073 -14.39914039
P2 -2.99174861  21.60462307 -7.79619212
P2 -5.01294227  21.60618209 -7.79438743
P2  4.08204435  17.75187051 -14.48520135
P2 -9.05791492  22.77922950 -1.19489831
P2 -8.04673672  24.52949371 -1.19367944
P1 -4.00039874  7.02658043 -18.36322332
P1  0.03849214  14.02215706 -18.36322332
P1  8.12389423  14.01894831 -18.36413228
P2  12.16572521  17.75187051 -14.48520135
P1  20.24813051  7.02658043 -18.36322332
P1  16.20928529  14.02214667 -18.36322332
P2  25.30215542  8.77668590 -14.39914039
P2  24.29200239  10.52627926 -14.39977345
P2  28.32992164  5.85959148 -7.79619212
P2  29.34186991  7.60919901 -7.79438743
P2  25.50633087  14.72606582 -7.87959234
P2  33.39051336  8.77490483 -1.19367944
P2  32.38031308  10.52575486 -1.19489831
P2  29.35013746  15.77806400 -1.19619088
P2  28.33927579  17.52893292 -1.19619088
P2  21.26196850  15.77439320 -14.39977345
P2  20.25186272  17.52400073 -14.39914039
P2  19.23956485  21.60462307 -7.79619212
P2  21.26074018  21.60618209 -7.79438743
P2  25.30569866  22.77922950 -1.19489831
P2  24.29450628  24.52949371 -1.19367944
P1 -2.18525003 -19.93340231  18.27067588
P1  2.26178261 -19.93464953  18.27337819
P1 -2.17835579 -12.69241263  24.87514349
P1  0.04192618 -16.54504141  24.87119396
P1  5.89999855 -19.93584006  18.27415203
P1  10.34777952 -19.93584006  18.27415203
P1  8.12389423 -16.54798750  24.87497341
P1  1.86129044 -12.93018552  31.47688233
P1  6.30589090 -12.93012315  31.47823349
P1 -2.17681026 -5.92425885  31.48141768
P1  13.98598865 -19.93464953  18.27337819
P1  18.43297972 -19.93340231  18.27067588
P1  18.42614742 -12.69241263  24.87514349
P1  16.20584788 -16.54504141  24.87119396
P1  9.94189756 -12.93012315  31.47823349
P1  14.38649812 -12.93018552  31.47688233
P1  18.42456099 -5.92425885  31.48141768
P1  12.16779919 -23.55287387  11.67507581
P1  4.07997038 -23.55287387  11.67507581
P1 -6.23021682 -19.70210930  11.67397883
P1 -4.00814000 -23.55418723  11.67344876
P2 -5.01747761 -20.40250222  5.40369036
P2 -4.00744269 -22.15344674  5.40393603
P2  4.08014896 -22.38601531  5.32064257
P2  12.16763384 -22.38601531  5.32064257
P1  22.47802607 -19.70210930  11.67397883
P1  20.25589728 -23.55418723  11.67344876
P2  21.26527552 -20.40250222  5.40369036
P2  20.25521698 -22.15344674  5.40393603
P1 -6.21896067  1.07695625  31.48141768
P1  22.46671606  1.07695625  31.48141768
P1 -18.35539986  8.07419444  18.27067588
P1 -16.13298005  11.92606449  18.27337819
P1 -12.08112407  4.45969570  24.87514349
P1 -14.30746222  8.30883226  24.87119396
P1 -14.31490869  15.07744998  18.27415203
P1 -12.09101301  18.92936161  18.27415203
P1 -10.26903180  15.30948565  24.87497341
P1 -10.26722050  8.07702430  31.47688233
P1 -8.04487345  11.92612969  31.47823349
P1 -10.27087523  22.07953955  18.27337819
P1 -8.04628318  25.93012082  18.27067588
P1 -1.77887402  22.30368940  24.87514349
P1 -6.22550007  22.30711925  24.87119396
P1  4.08173727  18.91831332  31.48141768
P1 -6.22687012  15.07499806  31.47823349
P1 -4.00461661  18.92413462  31.47688233
P1 -20.17761538  4.45552980  11.67397883
P1 -22.40255042  8.30593437  11.67344876
P1 -18.35745304  15.30980974  11.67507581
P1 -14.31349612  22.31410179  11.67507581
P2 -20.17778546  5.85598683  5.40369036
P2 -21.18911956  7.60617073  5.40393603
P2 -17.34681341  14.72651747  5.32064257
P2 -13.30304546  21.73050716  5.32064257
P1  12.16603229  18.91831332  31.48141768
P1  34.60326391  8.07419444  18.27067588
P1  32.38082331  11.92606449  18.27337819
P1  28.32890119  4.45969570  24.87514349
P1  30.55518738  8.30883226  24.87119396
P1  30.56271794  15.07744998  18.27415203
P1  28.33882225  18.92936161  18.27415203
P1  26.51681460  15.30948565  24.87497341
P1  26.51496266  8.07702430  31.47688233
P1  24.29262600  11.92612969  31.47823349
P1  26.51867598  22.07953955  18.27337819
P1  24.29405275  25.93012082  18.27067588
P1  18.02667824  22.30368940  24.87514349
P1  22.47326396  22.30711925  24.87119396
P1  22.47460567  15.07499806  31.47823349
P1  20.25237294  18.92413462  31.47688233
P1  36.42547943  4.45552980  11.67397883
P1  38.65041447  8.30593437  11.67344876
P1  34.60515363  15.30980974  11.67507581
P1  30.56129119  22.31410179  11.67507581
P2  36.42564951  5.85598683  5.40369036
P2  37.43698361  7.60617073  5.40393603
P2  33.59452817  14.72651747  5.32064257
P2  29.55085471  21.73050716  5.32064257
P1 -5.82352984  29.31757748  11.67397883
P1 -10.27055209  29.31924044  11.67344876
P2 -7.03645613  28.61749070  5.40369036
P2 -9.05782988  28.61824659  5.40393603
P1  22.07138539  29.31757748  11.67397883
P1  26.51834527  29.31924044  11.67344876
P2  23.28430601  28.61749070  5.40369036
P2  25.30565142  28.61824659  5.40393603
P2  4.08467485 -6.97810045  33.70830857
P2  12.16311361 -6.97810045  33.70830857
P2  8.12389423  0.02423509  33.70921564
P2  16.20317770  0.02575258  33.70925344
P2  12.16484082  7.02337829  33.70921564
P2  0.04460539  0.02575266  33.70925344
P2  4.08292874  7.02337829  33.70921564
P2  8.12389423  14.01947649  33.70925344
P2 -4.00087117  7.02647177  33.70830857
P2  0.03834791  14.02260965  33.70830857
P2  20.24860294  7.02647177  33.70830857
P2  16.20942702  14.02260965  33.70830857
