0 -0.228438774374637 2.28276e-05
1 -0.228438771414207 6.68665e-05
2 -0.228358356040731 0.000119552
3 -0.228176346901136 2.60147e-05
4 -0.228176344444001 2.6862e-05
5 -0.228176343013715 1.46578e-05
6 -0.228114019910162 0.000243385
7 -0.228114016615038 7.60905e-05
8 -0.228114014357317 0.000136864
9 -0.228085832982213 0.00051263
10 -0.228085819054612 8.15266e-05
11 -0.227681185700645 3.12714e-05
12 -0.227681185392963 0.000165486
13 -0.22768118461556 0.000228564
14 -0.22759757931242 0.000143431
15 -0.227597577389021 3.81296e-05
16 -0.227578499556142 1.50898e-05
17 -0.227434210978757 3.03376e-05
18 -0.227434209897712 1.52361e-05
19 -0.227434209580818 4.74551e-05
20 -0.227300183520855 9.39581e-05
21 -0.227300183032344 2.00433e-05
22 -0.2271480388778 1.42065e-05
23 -0.227148038525164 8.03168e-06
24 -0.227148038192799 2.51004e-05
25 -0.227017916826596 1.44068e-05
26 -0.227017916606188 1.56354e-05
27 -0.227017916187771 7.58616e-06
28 -0.226855397579251 1.48697e-05
29 -0.226855397354416 1.54743e-05
30 -0.226855396611775 7.20499e-06
31 -0.226821598458173 1.87541e-05
32 -0.226479376573217 4.84576e-06
33 -0.226479376517011 3.76319e-06
34 -0.226479376476006 3.22489e-06
35 -0.226428383389941 1.4284e-05
36 -0.226428383057354 4.58765e-06
37 -0.226378002027669 7.42292e-06
38 -0.226378001925521 9.88683e-06
39 -0.226378001870268 2.53418e-06
40 -0.225907457801125 2.93644e-06
41 -0.225789055564098 2.14358e-06
42 -0.225789055549118 2.221e-06
43 -0.225789055544907 1.34543e-06
44 -0.225644252226097 4.13036e-06
45 -0.225644252182562 3.49193e-06
46 -0.225644252049017 1.46707e-06
47 -0.225356175178794 1.06989e-06
48 -0.225356175176152 9.51726e-07
49 -0.22507408073538 1.37338e-06
50 -0.225074080727759 9.86467e-07
51 -0.225074080724381 1.02131e-06
52 -0.225005256558631 2.51885e-06
53 -0.225005256498122 1.25262e-06
54 -0.225005256496139 1.36192e-06
55 -0.224865291689932 1.57145e-06
56 -0.224865291688589 1.74578e-06
57 -0.224865291645765 1.7563e-06
58 -0.224857965265114 7.76059e-07
59 -0.224550276684631 8.29381e-07
60 -0.224550276677025 1.1777e-06
61 -0.224550276672848 4.75015e-07
62 -0.224234267326064 7.96507e-07
63 -0.224234267325692 8.93553e-07
64 -0.223759399720405 4.50182e-07
65 -0.223759399720345 3.40818e-07
66 -0.223759399687113 7.38092e-07
67 -0.223732918372788 4.38145e-07
68 -0.223732918350985 8.08173e-07
69 -0.223732918349882 5.77955e-07
70 -0.223226489713674 4.16866e-07
71 -0.223226489713405 3.71606e-07
72 -0.223226489672888 5.60412e-07
73 -0.223118346964631 4.19769e-07
74 -0.223118346964237 3.71064e-07
75 -0.222837791442376 4.17432e-07
76 -0.222837791420526 3.27041e-07
77 -0.222837791420443 3.44524e-07
78 -0.222456953492112 2.54631e-07
79 -0.222298991209071 2.66208e-07
80 -0.222298991208981 2.15585e-07
81 -0.222147596717798 3.05633e-07
82 -0.22214759671772 2.05009e-07
83 -0.222147596714866 1.97634e-07
84 -0.221586443734138 2.6955e-07
85 -0.221586443734111 1.71404e-07
86 -0.221586443731621 2.15343e-07
87 -0.221321284148239 2.47725e-07
88 -0.221321284148222 1.89258e-07
89 -0.221321284130503 2.12227e-07
90 -0.152215790657917 9.56682e-08
91 -0.14483384927664 1.06399e-07
92 -0.144833849276623 9.35782e-08
93 -0.144833849149895 8.97169e-08
94 -0.137398299828338 9.82623e-08
95 -0.137398299828335 8.91544e-08
96 -0.137398299803624 1.05925e-07
97 -0.137297115087946 1.25697e-07
98 -0.137297115087936 1.04905e-07
99 -0.135280039934889 1.10745e-07
100 -0.135189983460347 1.04905e-07
101 -0.135189983460343 1.05958e-07
102 -0.135189983279373 9.29085e-08
103 -0.13445642099294 8.19352e-08
104 -0.133815376158611 8.90181e-08
105 -0.133809794303933 1.11276e-07
106 -0.133809794303927 1.1307e-07
107 -0.133809792407732 1.06007e-07
108 -0.132177311150648 1.5009e-07
109 -0.132109090063224 1.73426e-07
110 -0.132109090063217 1.91916e-07
111 -0.132109088665557 2.68221e-07
112 -0.131394365586188 1.44196e-07
113 -0.130336613020056 1.9271e-07
114 -0.130336613020041 1.5793e-07
115 -0.130336611882663 2.32047e-07
116 -0.130332316964523 2.46757e-07
117 -0.129946090777806 1.61986e-07
118 -0.129946090777801 1.46984e-07
119 -0.12994608824776 1.78833e-07
120 -0.129889988985972 1.64314e-07
121 -0.129889987164343 1.68824e-07
122 -0.129889987164322 2.37551e-07
123 -0.128981640168369 1.88634e-07
124 -0.128981640168364 2.44589e-07
125 -0.128981640147707 1.88873e-07
126 -0.12870870131072 1.8786e-07
127 -0.128708700531223 2.30314e-07
128 -0.128708700531195 3.16995e-07
129 -0.128563224155846 2.40411e-07
130 -0.12856322415584 2.76626e-07
131 -0.127949554473667 2.6397e-07
132 -0.127949553020548 2.05517e-07
133 -0.127949553020496 2.74688e-07
134 -0.127907196973049 3.49865e-07
135 -0.12696509961075 7.5369e-07
136 -0.126965099294368 4.29698e-07
137 -0.126965099293398 1.22211e-06
138 -0.126926128788895 4.15499e-07
139 -0.126926128788166 1.00802e-06
140 -0.126904389382849 6.08729e-07
141 -0.126904389382698 5.97564e-07
142 -0.126904388194971 5.4154e-07
143 -0.126367718166428 8.37116e-07
144 -0.126367718165946 1.16397e-06
145 -0.126367717605774 7.38188e-07
146 -0.126031219040694 7.18283e-07
147 -0.126031219038793 1.13041e-06
148 -0.126031219013526 1.37975e-06
149 -0.125703840121701 1.11856e-06
