0 -0.232105425357648 5.78296e-05
1 -0.232105424634773 1.71575e-05
2 -0.232046370302508 3.62972e-05
3 -0.231844476389349 4.56396e-05
4 -0.231844476300534 2.82397e-05
5 -0.231844476295687 2.87346e-05
6 -0.23127182214346 3.60172e-05
7 -0.231271819236043 2.04091e-05
8 -0.231271819221477 1.73612e-05
9 -0.23083108933771 2.49404e-05
10 -0.23082806832225 3.99953e-05
11 -0.23082806827515 4.89493e-06
12 -0.230563063975053 1.76702e-05
13 -0.230563062683853 3.74033e-06
14 -0.23056306268317 2.91167e-06
15 -0.230417740366474 1.28078e-05
16 -0.230417740363121 4.72012e-06
17 -0.230178152107416 1.67368e-05
18 -0.230178152101766 3.48034e-06
19 -0.230178151256819 6.85639e-06
20 -0.229697995658788 1.71121e-05
21 -0.229697995653893 2.46437e-06
22 -0.229697992428823 3.74898e-06
23 -0.229614953743779 3.80102e-06
24 -0.229614944028621 3.95349e-06
25 -0.229614944028195 4.23722e-06
26 -0.229146461071113 2.02189e-05
27 -0.229146461065963 2.16568e-06
28 -0.229130277734364 1.84255e-05
29 -0.229130277729972 2.67319e-06
30 -0.229130276217772 4.54385e-06
31 -0.228673852347465 4.14778e-06
32 -0.228673852345085 1.37362e-05
33 -0.228673852343602 9.84288e-07
34 -0.228374786157494 4.76353e-06
35 -0.228266002142282 3.10415e-06
36 -0.228266001710538 1.41909e-05
37 -0.228266001709495 6.73902e-07
38 -0.227784422566968 3.04041e-05
39 -0.227784422565406 5.71465e-07
40 -0.227376155638257 6.8823e-06
41 -0.227027311323386 3.65602e-06
42 -0.227027310937794 9.05406e-07
43 -0.227027310937735 3.9455e-06
44 -0.226814401475882 2.08585e-06
45 -0.22681439997421 4.26704e-07
46 -0.22681439997393 7.43683e-06
47 -0.226141447067294 2.8333e-07
48 -0.22614144706729 4.17872e-07
49 -0.226127985518996 8.16684e-07
50 -0.226127984997433 3.72594e-07
51 -0.226127984997431 5.58794e-07
52 -0.226008027870806 1.87178e-06
53 -0.226008026588831 4.64266e-07
54 -0.22600802658883 5.82183e-07
55 -0.225715673435035 9.43102e-07
56 -0.224840226494144 2.21334e-07
57 -0.224840226494139 2.48759e-07
58 -0.224840225469292 1.79202e-07
59 -0.224089870213709 6.55905e-08
60 -0.224089869764009 1.5706e-07
61 -0.224089869764005 3.08323e-08
62 -0.223640730310084 2.07064e-07
63 -0.223640729881449 1.70877e-07
64 -0.223640729881447 2.26601e-08
65 -0.223415650895676 5.14171e-08
66 -0.223415650895668 9.996e-08
67 -0.223098869297365 1.04673e-07
68 -0.22309886929736 6.68998e-08
69 -0.2230988690727 7.06824e-08
70 -0.222385038170536 5.53177e-08
71 -0.222385038170526 8.1702e-08
72 -0.222039771421173 1.06513e-07
73 -0.222039771367539 5.28151e-08
74 -0.222039771367535 7.2188e-08
75 -0.22128268983909 5.63123e-08
76 -0.221282689439379 1.10227e-07
77 -0.221282689439371 8.991e-08
78 -0.221122280023333 3.57317e-08
79 -0.220313346041077 8.51129e-08
80 -0.220313346041056 9.60663e-08
81 -0.220283044142806 1.16441e-07
82 -0.220283044142803 1.05037e-07
83 -0.220283043903273 1.15123e-07
84 -0.219119557549455 1.05499e-07
85 -0.219119557549448 9.58493e-08
86 -0.219119557440819 9.15543e-08
87 -0.218948750932141 1.06056e-07
88 -0.218948750932103 1.29048e-07
89 -0.218948750489008 1.05827e-07
90 -0.134850702563475 3.36825e-08
91 -0.13471713885364 3.14451e-08
92 -0.13471713885364 3.35276e-08
93 -0.133459949478146 4.18163e-08
94 -0.133459949478143 2.48508e-08
95 -0.133459946864907 4.62671e-08
96 -0.130962219203274 4.34839e-08
97 -0.130962219203273 2.38535e-08
98 -0.130846226860266 3.89823e-08
99 -0.12854114991188 1.20713e-08
100 -0.128541149911879 1.62382e-08
101 -0.128541144608309 9.67859e-09
102 -0.12812056725911 2.85538e-08
103 -0.128120562855065 7.21399e-09
104 -0.128120562855064 2.64732e-08
105 -0.127854114167066 7.27863e-08
106 -0.127854114167063 3.08885e-08
107 -0.127854113135098 3.67843e-08
108 -0.125870149761443 1.68433e-07
109 -0.125870144038561 1.24128e-07
110 -0.12587014403856 1.74513e-07
111 -0.125814678666542 1.0103e-07
112 -0.125814678666541 1.17184e-07
113 -0.125814673378071 9.26092e-08
114 -0.124708564300208 7.59699e-08
115 -0.124708564300207 1.21315e-07
116 -0.124708543577334 1.24804e-07
117 -0.124099994210242 9.25155e-08
118 -0.12409999421024 9.60753e-08
119 -0.123925265798831 1.56667e-07
120 -0.123821874047234 1.10996e-07
121 -0.123821874047232 1.26804e-07
122 -0.123821871942629 8.62869e-08
123 -0.123650685986764 9.7882e-08
124 -0.123395168002509 9.01316e-08
125 -0.122834954510281 1.32948e-07
126 -0.12283495451028 1.22277e-07
127 -0.122657548328298 1.03925e-07
128 -0.122657545839197 1.38163e-07
129 -0.122657545839196 1.27118e-07
130 -0.122597017463355 1.31689e-07
131 -0.122597017463353 1.89304e-07
132 -0.122597008467299 9.8808e-08
133 -0.122130315300664 1.45483e-07
134 -0.122130315300661 2.16348e-07
135 -0.122130271886635 1.26262e-07
136 -0.121433930771883 3.32697e-07
137 -0.121218603604026 1.88408e-07
138 -0.121218603604017 2.28662e-07
139 -0.121218574011414 4.44765e-07
140 -0.120838602435269 1.60992e-07
141 -0.120838602435267 1.51247e-07
142 -0.120836386010783 1.80792e-07
143 -0.119621939456847 4.23233e-07
144 -0.119621939456824 3.85986e-07
145 -0.119621936793682 4.43304e-07
146 -0.11898865958297 4.92276e-07
147 -0.11898865958294 5.92788e-07
148 -0.118988652277054 7.46936e-07
149 -0.118805346635643 9.88096e-07
