0 -0.232194999462236 0.00661217
1 -0.229301504165483 0.00152454
2 -0.229301435314719 0.000683714
3 -0.22930140665387 0.0015265
4 -0.227223768735523 0.000735047
5 -0.227223685914435 8.29726e-05
6 -0.227223677855721 0.00224598
7 -0.226663082674353 0.000171525
8 -0.226663082324429 0.000100764
9 -0.224655389866558 3.31702e-05
10 -0.224655389855272 1.74994e-05
11 -0.22465538608355 1.20745e-05
12 -0.22380770649079 0.000137333
13 -0.22100626913352 4.26044e-06
14 -0.221006269133461 2.67141e-06
15 -0.221006261882737 4.85662e-06
16 -0.220341137797472 1.34815e-06
17 -0.22034113425593 2.26382e-06
18 -0.220341134255868 2.02832e-07
19 -0.219772619915743 1.25936e-05
20 -0.219772619915456 7.87126e-07
21 -0.21844072445394 1.01681e-07
22 -0.218440724453939 4.62709e-07
23 -0.21844072313941 3.96494e-07
24 -0.216724361825287 1.88597e-07
25 -0.216724359807493 1.82748e-07
26 -0.216724359807489 1.33332e-07
27 -0.21534103093194 1.72654e-07
28 -0.215341013246925 1.74175e-07
29 -0.215341013246924 6.58545e-08
30 -0.213128508697156 6.06433e-08
31 -0.213128508697153 6.1326e-08
32 -0.211528231259362 5.64968e-08
33 -0.20983932271196 1.9626e-07
34 -0.209839265203038 4.69002e-08
35 -0.209839265203037 3.1642e-07
36 -0.206325466021752 4.08085e-08
37 -0.206325466021748 3.88039e-08
38 -0.206325402163238 5.13496e-08
39 -0.200504024050609 2.15617e-08
40 -0.200504024050604 4.32037e-08
41 -0.198746895426649 3.01495e-08
42 -0.198746895426646 2.25064e-08
43 -0.198746858624911 4.42354e-08
44 -0.196343478926509 4.08934e-08
45 -0.196343442599818 1.78659e-08
46 -0.196343442599816 2.87355e-08
47 -0.0938521418284795 1.28374e-08
48 -0.083117247687018 6.2475e-09
49 -0.0828063518106884 1.2285e-08
50 -0.0828058796271285 9.67859e-09
51 -0.0828058796271268 2.63418e-09
52 -0.077411867232456 3.48718e-08
53 -0.0767569675069038 3.45846e-08
54 -0.0767569511358494 1.4696e-08
55 -0.076756951135842 1.12532e-08
56 -0.076380205678313 2.19603e-08
57 -0.0763800125331255 5.52157e-08
58 -0.0763800125331217 1.8059e-08
59 -0.075530536271195 1.06187e-08
60 -0.0755305362711943 4.67149e-08
61 -0.0748894184522967 4.85897e-08
62 -0.068266954728468 2.4446e-05
63 -0.0682664744090995 1.90834e-05
64 -0.0682664744089199 2.13923e-06
65 -0.0665063891781052 1.43227e-05
66 -0.066506389177619 1.25658e-05
67 -0.0665063691271562 9.77722e-06
68 -0.0660895503632138 4.46634e-05
69 -0.0648123673260364 8.84641e-06
70 -0.0648123672694414 8.0571e-05
71 -0.0624237011010675 0.000241179
72 -0.0609176758592209 0.000170843
73 -0.0609176740969414 0.000173851
74 -0.0609176681128293 0.000541871
75 -0.0606362220516137 0.000562074
76 -0.0606361871665398 0.00127955
77 -0.0603903698737534 0.000858195
78 -0.0603900628791987 0.000492561
79 -0.0603900492677807 0.000715899
80 -0.0583662255722601 0.00325006
81 -0.0583658327100794 0.00547369
82 -0.0583648672176161 0.00702734
