291
As -13.37585849 -8.01408225  8.01408225
As -8.01408225 -13.37585849  8.01408225
Ga -10.67307790 -10.67307790  10.67307790
As -8.01408225 -8.01408225  13.37585849
As -18.74317163 -2.66904899 -2.66904899
As -18.74317163  2.66904899  2.66904899
As -13.36665553 -8.01810737 -2.66959701
Ga -16.04284768 -5.33934519 -0.00516815
As -13.36884761 -2.66950252  2.66950252
Ga -16.04284768  0.00516815  5.33934519
As -13.36665553  2.66959701  8.01810737
As -8.01810737 -13.36665553 -2.66959701
Ga -10.69331686 -10.69331686  0.00891015
As -8.01914672 -8.01914672  2.67583310
Ga -10.69696403 -5.34384274  5.34384274
As -8.01914672 -2.67583310  8.01914672
Ga -10.69331686 -0.00891015  10.69331686
As -8.01810737  2.66959701  13.36665553
As -2.66904899 -18.74317163 -2.66904899
Ga -5.33934519 -16.04284768 -0.00516815
As -2.66950252 -13.36884761  2.66950252
Ga -5.34384274 -10.69696403  5.34384274
As -2.67583310 -8.01914672  8.01914672
Ga -5.34384274 -5.34384274  10.69696403
As -2.66950252 -2.66950252  13.36884761
Ga -5.33934519  0.00516815  16.04284768
As -2.66904899  2.66904899  18.74317163
As  2.66904899 -18.74317163  2.66904899
Ga  0.00516815 -16.04284768  5.33934519
As  2.66959701 -13.36665553  8.01810737
Ga -0.00891015 -10.69331686  10.69331686
As  2.66959701 -8.01810737  13.36665553
Ga  0.00516815 -5.33934519  16.04284768
As  2.66904899 -2.66904899  18.74317163
As -13.36665553 -2.66959701 -8.01810737
Ga -16.04284768 -0.00516815 -5.33934519
As -13.36884761  2.66950252 -2.66950252
Ga -16.04284768  5.33934519  0.00516815
As -13.36665553  8.01810737  2.66959701
As -8.01687905 -8.01687905 -8.01687905
Ga -10.69312789 -5.34522224 -5.34522224
As -8.01946797 -2.67271505 -2.67271505
Ga -10.69229641 -0.00000000 -0.00000000
As -8.01946797  2.67271505  2.67271505
Ga -10.69312789  5.34522224  5.34522224
As -8.01687905  8.01687905  8.01687905
As -2.66959701 -13.36665553 -8.01810737
Ga -5.34522224 -10.69312789 -5.34522224
As -2.67271505 -8.01946797 -2.67271505
Ga -5.34660174 -5.34660174  0.00054101
As -2.67314969 -2.67314969  2.67314969
Ga -5.34660174 -0.00054101  5.34660174
As -2.67271505  2.67271505  8.01946797
Ga -5.34522224  5.34522224  10.69312789
As -2.66959701  8.01810737  13.36665553
Ga -0.00516815 -16.04284768 -5.33934519
As  2.66950252 -13.36884761 -2.66950252
Ga -0.00000000 -10.69229641  0.00000000
As  2.67271505 -8.01946797  2.67271505
Ga -0.00054101 -5.34660174  5.34660174
As  2.67271505 -2.67271505  8.01946797
Ga -0.00000000 -0.00000000  10.69229641
As  2.66950252  2.66950252  13.36884761
Ga -0.00516815  5.33934519  16.04284768
Ga  5.33934519 -16.04284768  0.00516815
As  8.01810737 -13.36665553  2.66959701
Ga  5.34522224 -10.69312789  5.34522224
As  8.01687905 -8.01687905  8.01687905
Ga  5.34522224 -5.34522224  10.69312789
As  8.01810737 -2.66959701  13.36665553
Ga  5.33934519 -0.00516815  16.04284768
As -13.37585849  8.01408225 -8.01408225
As -8.01810737 -2.66959701 -13.36665553
Ga -10.69331686  0.00891015 -10.69331686
As -8.01914672  2.67583310 -8.01914672
Ga -10.69696403  5.34384274 -5.34384274
As -8.01914672  8.01914672 -2.67583310
Ga -10.69331686  10.69331686 -0.00891015
As -8.01810737  13.36665553  2.66959701
As -2.66959701 -8.01810737 -13.36665553
Ga -5.34522224 -5.34522224 -10.69312789
As -2.67271505 -2.67271505 -8.01946797
Ga -5.34660174  0.00054101 -5.34660174
As -2.67314969  2.67314969 -2.67314969
Ga -5.34660174  5.34660174 -0.00054101
As -2.67271505  8.01946797  2.67271505
Ga -5.34522224  10.69312789  5.34522224
As -2.66959701  13.36665553  8.01810737
Ga  0.00891015 -10.69331686 -10.69331686
As  2.67583310 -8.01914672 -8.01914672
Ga  0.00054101 -5.34660174 -5.34660174
As  2.67314969 -2.67314969 -2.67314969
Ga -0.00000000 -0.00000000  0.00000000
As  2.67314969  2.67314969  2.67314969
Ga  0.00054101  5.34660174  5.34660174
As  2.67583310  8.01914672  8.01914672
Ga  0.00891015  10.69331686  10.69331686
As  8.01408225 -13.37585849 -8.01408225
Ga  5.34384274 -10.69696403 -5.34384274
As  8.01914672 -8.01914672 -2.67583310
Ga  5.34660174 -5.34660174 -0.00054101
As  8.01946797 -2.67271505  2.67271505
Ga  5.34660174  0.00054101  5.34660174
As  8.01914672  2.67583310  8.01914672
Ga  5.34384274  5.34384274  10.69696403
As  8.01408225  8.01408225  13.37585849
Ga  10.69331686 -10.69331686 -0.00891015
As  13.36665553 -8.01810737  2.66959701
Ga  10.69312789 -5.34522224  5.34522224
As  13.36665553 -2.66959701  8.01810737
Ga  10.69331686  0.00891015  10.69331686
As -8.01408225  8.01408225 -13.37585849
Ga -10.67307790  10.67307790 -10.67307790
As -8.01408225  13.37585849 -8.01408225
As -2.66904899 -2.66904899 -18.74317163
Ga -5.33934519 -0.00516815 -16.04284768
As -2.66950252  2.66950252 -13.36884761
Ga -5.34384274  5.34384274 -10.69696403
As -2.67583310  8.01914672 -8.01914672
Ga -5.34384274  10.69696403 -5.34384274
As -2.66950252  13.36884761 -2.66950252
Ga -5.33934519  16.04284768  0.00516815
As -2.66904899  18.74317163  2.66904899
Ga -0.00516815 -5.33934519 -16.04284768
As  2.66950252 -2.66950252 -13.36884761
Ga -0.00000000 -0.00000000 -10.69229641
As  2.67271505  2.67271505 -8.01946797
Ga -0.00054101  5.34660174 -5.34660174
As  2.67271505  8.01946797 -2.67271505
Ga  0.00000000  10.69229641 -0.00000000
As  2.66950252  13.36884761  2.66950252
Ga -0.00516815  16.04284768  5.33934519
As  8.01408225 -8.01408225 -13.37585849
Ga  5.34384274 -5.34384274 -10.69696403
As  8.01914672 -2.67583310 -8.01914672
Ga  5.34660174 -0.00054101 -5.34660174
As  8.01946797  2.67271505 -2.67271505
Ga  5.34660174  5.34660174  0.00054101
As  8.01914672  8.01914672  2.67583310
Ga  5.34384274  10.69696403  5.34384274
As  8.01408225  13.37585849  8.01408225
Ga  10.67307790 -10.67307790 -10.67307790
As  13.37585849 -8.01408225 -8.01408225
Ga  10.69696403 -5.34384274 -5.34384274
As  13.36884761 -2.66950252 -2.66950252
Ga  10.69229641 -0.00000000  0.00000000
As  13.36884761  2.66950252  2.66950252
Ga  10.69696403  5.34384274  5.34384274
As  13.37585849  8.01408225  8.01408225
Ga  10.67307790  10.67307790  10.67307790
Ga  16.04284768 -5.33934519  0.00516815
As  18.74317163 -2.66904899  2.66904899
Ga  16.04284768 -0.00516815  5.33934519
As  2.66904899  2.66904899 -18.74317163
Ga  0.00516815  5.33934519 -16.04284768
As  2.66959701  8.01810737 -13.36665553
Ga -0.00891015  10.69331686 -10.69331686
As  2.66959701  13.36665553 -8.01810737
Ga  0.00516815  16.04284768 -5.33934519
As  2.66904899  18.74317163 -2.66904899
Ga  5.33934519  0.00516815 -16.04284768
As  8.01810737  2.66959701 -13.36665553
Ga  5.34522224  5.34522224 -10.69312789
As  8.01687905  8.01687905 -8.01687905
Ga  5.34522224  10.69312789 -5.34522224
As  8.01810737  13.36665553 -2.66959701
Ga  5.33934519  16.04284768 -0.00516815
Ga  10.69331686 -0.00891015 -10.69331686
As  13.36665553  2.66959701 -8.01810737
Ga  10.69312789  5.34522224 -5.34522224
As  13.36665553  8.01810737 -2.66959701
Ga  10.69331686  10.69331686  0.00891015
Ga  16.04284768  0.00516815 -5.33934519
As  18.74317163  2.66904899 -2.66904899
Ga  16.04284768  5.33934519 -0.00516815
P2 -14.04630020 -8.68304998  7.34691922
P2 -14.04630020 -7.34691922  8.68304998
P2 -8.68304998 -14.04630020  7.34691922
P2 -7.34691922 -14.04630020  8.68304998
P1 -12.13718846 -12.13718846  12.13718846
P2 -8.68304998 -7.34691922  14.04630020
P2 -7.34691922 -8.68304998  14.04630020
P2 -19.41829514 -3.33558841 -3.33558841
P2 -19.41465741 -2.00178674 -2.00178674
P2 -19.41465741  2.00178674  2.00178674
P2 -19.41829514  3.33558841  3.33558841
P2 -14.17065835 -8.81921324 -3.47153625
P1 -17.51275781 -6.80766512  1.46301133
P1 -17.51275781 -1.46301133  6.80766512
P2 -14.17065835  3.47153625  8.81921324
P2 -8.81921324 -14.17065835 -3.47153625
P1 -12.16353880 -12.16353880  1.48372076
P1 -12.16353880 -1.48372076  12.16353880
P2 -8.81921324  3.47153625  14.17065835
P2 -3.33558841 -19.41829514 -3.33558841
P2 -2.00178674 -19.41465741 -2.00178674
P1 -6.80766512 -17.51275781  1.46301133
P1 -6.80766512 -1.46301133  17.51275781
P2 -3.33558841  3.33558841  19.41829514
P2 -2.00178674  2.00178674  19.41465741
P2  2.00178674 -19.41465741  2.00178674
P2  3.33558841 -19.41829514  3.33558841
P1 -1.46301133 -17.51275781  6.80766512
P2  3.47153625 -14.17065835  8.81921324
P1 -1.48372076 -12.16353880  12.16353880
P2  3.47153625 -8.81921324  14.17065835
P1 -1.46301133 -6.80766512  17.51275781
P2  2.00178674 -2.00178674  19.41465741
P2  3.33558841 -3.33558841  19.41829514
P2 -14.17065835 -3.47153625 -8.81921324
P1 -17.51275781  1.46301133 -6.80766512
P1 -17.51275781  6.80766512 -1.46301133
P2 -14.17065835  8.81921324  3.47153625
P2 -8.81876726 -8.81876726 -8.81876726
P2 -8.81876726  8.81876726  8.81876726
P2 -3.47153625 -14.17065835 -8.81921324
P2 -3.47153625  8.81921324  14.17065835
P1  1.46301133 -17.51275781 -6.80766512
P1  1.46301133  6.80766512  17.51275781
P1  6.80766512 -17.51275781 -1.46301133
P2  8.81921324 -14.17065835  3.47153625
P2  8.81876726 -8.81876726  8.81876726
P2  8.81921324 -3.47153625  14.17065835
P1  6.80766512  1.46301133  17.51275781
P2 -14.04630020  7.34691922 -8.68304998
P2 -14.04630020  8.68304998 -7.34691922
P2 -8.81921324 -3.47153625 -14.17065835
P1 -12.16353880  1.48372076 -12.16353880
P1 -12.16353880  12.16353880 -1.48372076
P2 -8.81921324  14.17065835  3.47153625
P2 -3.47153625 -8.81921324 -14.17065835
P2 -3.47153625  14.17065835  8.81921324
P1  1.48372076 -12.16353880 -12.16353880
P1  1.48372076  12.16353880  12.16353880
P2  7.34691922 -14.04630020 -8.68304998
P2  8.68304998 -14.04630020 -7.34691922
P2  7.34691922  8.68304998  14.04630020
P2  8.68304998  7.34691922  14.04630020
P1  12.16353880 -12.16353880 -1.48372076
P2  14.17065835 -8.81921324  3.47153625
P2  14.17065835 -3.47153625  8.81921324
P1  12.16353880  1.48372076  12.16353880
P2 -8.68304998  7.34691922 -14.04630020
P2 -7.34691922  8.68304998 -14.04630020
P1 -12.13718846  12.13718846 -12.13718846
P2 -8.68304998  14.04630020 -7.34691922
P2 -7.34691922  14.04630020 -8.68304998
P2 -3.33558841 -3.33558841 -19.41829514
P2 -2.00178674 -2.00178674 -19.41465741
P1 -6.80766512  1.46301133 -17.51275781
P1 -6.80766512  17.51275781 -1.46301133
P2 -3.33558841  19.41829514  3.33558841
P2 -2.00178674  19.41465741  2.00178674
P1  1.46301133 -6.80766512 -17.51275781
P1  1.46301133  17.51275781  6.80766512
P2  7.34691922 -8.68304998 -14.04630020
P2  8.68304998 -7.34691922 -14.04630020
P2  7.34691922  14.04630020  8.68304998
P2  8.68304998  14.04630020  7.34691922
P1  12.13718846 -12.13718846 -12.13718846
P2  14.04630020 -8.68304998 -7.34691922
P2  14.04630020 -7.34691922 -8.68304998
P2  14.04630020  7.34691922  8.68304998
P2  14.04630020  8.68304998  7.34691922
P1  12.13718846  12.13718846  12.13718846
P1  17.51275781 -6.80766512 -1.46301133
P2  19.41829514 -3.33558841  3.33558841
P2  19.41465741 -2.00178674  2.00178674
P1  17.51275781  1.46301133  6.80766512
P2  2.00178674  2.00178674 -19.41465741
P2  3.33558841  3.33558841 -19.41829514
P1 -1.46301133  6.80766512 -17.51275781
P2  3.47153625  8.81921324 -14.17065835
P1 -1.48372076  12.16353880 -12.16353880
P2  3.47153625  14.17065835 -8.81921324
P1 -1.46301133  17.51275781 -6.80766512
P2  2.00178674  19.41465741 -2.00178674
P2  3.33558841  19.41829514 -3.33558841
P1  6.80766512 -1.46301133 -17.51275781
P2  8.81921324  3.47153625 -14.17065835
P2  8.81876726  8.81876726 -8.81876726
P2  8.81921324  14.17065835 -3.47153625
P1  6.80766512  17.51275781  1.46301133
P1  12.16353880 -1.48372076 -12.16353880
P2  14.17065835  3.47153625 -8.81921324
P2  14.17065835  8.81921324 -3.47153625
P1  12.16353880  12.16353880  1.48372076
P1  17.51275781 -1.46301133 -6.80766512
P2  19.41465741  2.00178674 -2.00178674
P2  19.41829514  3.33558841 -3.33558841
P1  17.51275781  6.80766512  1.46301133
